"V1"
2.7901268290152
3.28799211260982
1.43391861225728
1.6068471530209
1.9440057577516
2.27950053229827
2.13626859302303
1.52777790450624
1.91902145496817
2.24647573228154
1.99152670091062
1.86856305231993
1.2577081634495
0.982470041073599
1.04958212870518
1.12415831288556
1.45470261834678
1.57203530779426
1.3672044044159
1.17419231283117
1.69505315716473
1.85905494950831
1.6804618042843
1.64708491007453
2.0475386863788
1.79869799045358
1.26508805763972
1.62802978968305
0.987300051353214
1.17340921034199
1.46760307588527
1.44698651401996
1.58496641292814
1.75355018555479
1.78464561605566
2.09806249554663
2.10278291405386
2.10357163669778
1.9634969017715
1.83016713253093
2.10845520005219
1.91565444644226
1.32929834560042
1.2799599165917
1.32032443688123
1.32873038663732
1.07917514638288
0.777043672138355
1.20109072308201
1.25569028611791
2.08207321811462
2.07636307980242
1.19153749475112
1.13354483974867
0.931030638670466
1.24411040149699
1.47943962351927
1.36261295486778
0.73091290352251
1.62762717892266
1.94090149975154
2.42126044304969
1.61184489102231
1.60724083082119
1.72889712020276
1.13875462681506
2.36257881318463
1.98884436312271
1.9097603390847
1.41283545081406
1.56760553308839
1.66392914729604
2.13081593822613
1.16587087434853
0.877357846607284
0.890881068077901
1.05108148566073
1.12538292947529
0.775533742304324
0.919140694352623
1.29312617172241
1.51714849399143
1.15633019251086
1.33757703742498
1.52327209478435
2.2622961210646
2.17798354929683
1.26140949436339
1.36236877541894
1.54038233120103
1.85183923204468
2.19172305886117
2.19071254440089
2.79229115019866
2.25618935250078
1.73494021730712
2.14547896254371
2.21363488560629
1.54634013200844
1.25089978832046
1.31940256069647
1.32799583361233
1.23183457238332
1.2520859879583
1.09342959876948
1.59164610095443
1.71547656422961
1.9720294247303
1.75957374653603
2.47360476951782
1.93861684432499
2.040563426632
2.15022644304574
1.65574552140388
1.65089221425427
2.43846838666623
2.19540767665922
2.4559058011963
1.77592073956051
1.82066973196457
1.60368517245065
1.24635774221903
1.96280246795414
2.17979830055
2.30548752098775
2.02538230810552
2.21365376243727
2.20160737309407
2.02854725236177
2.1574808663741
2.20496516618252
1.56309241435274
1.20538886400767
2.42221484040427
1.35113120759795
1.57978026028039
1.43899063386261
1.82455626366187
3.17063044771037
2.41074868992228
2.75213094408389
2.99151622187301
2.57824987718848
1.59972610216374
1.37742005755856
1.74081689337743
2.50121980207859
2.43213473367749
2.1723553265807
1.73601036631984
1.3640129000319
1.1339016523287
1.29047900778965
0.717268103538538
1.03524452527232
1.54962656105134
1.54971289634606
1.38715268815955
1.05926507140733
0.909064985772828
1.02470531321271
1.12277771378373
1.28930581671772
1.78319824390808
1.70906049945772
1.25739364982575
0.806153452994156
0.650308020421311
0.595055961236752
1.1201382030959
1.07491882363521
1.30868453932939
1.45836781355362
1.59954204914456
1.28775428260166
1.18409309759961
2.07206892861982
1.35579697019433
1.34126715735997
1.86019183127891
2.16346376501614
2.21032576503005
1.72218333135768
1.98519294814322
2.00899734538996
1.60532301894617
1.45912403382329
1.20647539445753
1.05461825166205
1.50024113364504
1.92105585033367
2.0289832604376
1.37679855173517
1.11581848253943
1.55286145544669
1.59145584892243
1.05394630713942
1.45981566933309
1.09060600897456
1.81571884469597
1.10077515109503
0.878242295440377
1.21477489536251
1.37761024444118
1.40518143772947
0.937020667905006
0.990034486119364
0.885162370143818
0.693739969100883
1.02947518819929
0.998818537402515
0.788830124255481
1.07507864592596
1.51035947112939
1.13851786763014
1.06507607117257
0.970889183806883
0.83692020349441
0.819895388992238
1.2327144223237
1.57382742722023
1.43782341826714
1.48325922930816
1.94272366930153
1.80048825233011
1.14552562834381
0.967510055731109
1.01470633740492
1.57787023522117
1.67438896064241
1.9083788006192
2.30364274158583
1.58539514156685
1.7746123738906
1.5764413967267
1.1071171385718
1.02823323325372
0.993723409581448
0.764361934615354
1.20684003926989
1.68678590198689
1.85601255439107
1.37845722745917
1.60240418224886
1.44304185980851
1.59914424174119
1.40837855507893
1.56838660754105
1.50825002291563
1.06139175019252
1.48382970641594
1.09128475954063
1.36275945733766
1.4350554516637
1.59694935631658
1.94168335826077
2.04692781006989
2.29924747829509
2.19625028634769
1.9793599930911
2.26187904132166
2.00747060523055
2.37856770597144
1.8134091649577
1.40477451354449
1.72278616914676
1.41414184777036
0.969627984009064
1.01500990253268
1.27746762753539
0.982485702246153
1.03802501657072
1.21308843606665
1.18932833721533
1.37212385744121
1.70162180442525
1.64520730775292
1.88477479512505
1.59535951575318
1.44882539411971
1.04203200639545
1.58119171543385
1.48615986655235
1.5970450601868
1.29936693025585
0.941287426477481
1.42404002999768
1.90146283817206
1.49613141655205
1.64444133983833
1.83625994173811
1.45907271407529
0.860644354454594
0.750887755833623
0.952367464442473
0.999546407147841
1.21161208137165
1.00459131874677
1.2169479056949
1.46566987721379
2.06620279432795
1.94056889178246
1.61532522552703
1.60201275826183
1.36701193319394
1.16877703421658
1.20821334402524
1.43937530180262
1.66434079674137
1.33136832915503
2.13116432693021
2.03304283528486
1.61345514864978
1.65934024926458
2.05776240911035
1.30004011932512
1.16842464099546
0.819489485683677
1.00057969583336
1.00770976088925
0.940917575818478
0.77567868788235
0.932861023181709
1.66902425003007
1.1697661685853
1.16413701223973
0.929460181343167
0.98064641683371
0.800967005680784
1.44852837910901
1.15521585789946
1.06558411086089
1.27697477864237
1.28571943194424
0.982472690154587
1.02679072859359
0.814068207142005
0.950971354917457
0.815826013994006
1.00030547609456
1.01645613677797
1.67100233067454
2.03908434270201
1.52499733800123
1.4763193882467
1.14395229033912
1.00960525785457
0.910562016906305
0.974432762705169
0.766314479123428
1.28452767661874
1.42188214900899
1.67134975424941
1.73298285940173
1.59631520454704
1.3701193687547
1.84404272807279
1.4646909083555
1.32325130632951
1.00368640337451
1.35333382416681
1.99814648486599
2.31996077633361
3.1185287757159
2.70209408221693
1.82572109971029
1.68574004344229
1.36098750482094
1.13449091088824
1.40309695387213
1.3030678353398
1.24658668860887
1.77645061263223
1.06062631746101
2.12031443659591
1.92105849425759
1.70088512387227
1.6503033733998
1.69373681699637
1.0655958451557
1.42705192787343
1.49027781157882
1.79622745381954
1.51015710608628
1.42615948700127
1.00674612508803
1.44328557844595
1.45371585993292
1.35368500343743
1.41771126526799
1.16508089744681
1.15376057873092
1.56056189418429
1.21306876983106
1.10893658065284
1.77013695427443
1.6596827130566
1.20764312853391
1.94217523851141
1.82630561312893
1.5238006899276
1.19036393737613
1.30806541843625
1.56859993281837
1.70444234867628
1.64679269407699
2.42840492221016
3.40603725273795
4.31923944120896
3.21876443090205
3.45035622655748
2.36080353483473
2.01561810821456
2.04575543081018
1.6275540696976
1.21451032864204
0.953788788817981
0.99205059698781
1.3654432387331
1.49770070212908
2.33325100986988
3.26754602710122
2.40369555465825
1.97901737303706
2.01031944287755
1.99306318389926
1.76467983115962
1.59233774888014
1.19669861337921
0.938043262688172
0.663694593824271
0.70369113229983
0.518275219674651
0.991048676465622
0.913424416820499
1.58609872836543
1.48533124210372
1.55286728846729
1.85194067200227
1.39027060009802
1.56566461218646
2.50985623472527
2.03605971538071
2.37391597796899
1.47572241670979
1.14807958651898
1.40743750575646
1.45190175737493
1.60137892288351
1.80134207696528
2.20913878025107
2.18648928378338
2.41937704418675
2.21793670095365
2.43931035707871
1.9947376160054
1.69931244916943
1.78416255341403
1.92629423051064
1.76524690154652
1.41162641605958
1.44011028820819
1.44881022512128
1.39592221114252
1.44031582063933
1.73149551750133
2.29112940353293
1.93576776907112
1.60608687241542
2.67948514370539
1.63389745972234
1.21096160782972
1.76415024533687
2.43548645427781
1.85902655173402
1.50464556892556
1.32214336060972
1.27499534706364
1.03838813250258
1.0979565933813
1.27424436577964
1.27998733795818
1.46804400192695
1.4787451506823
1.3235843568953
1.94436196871771
1.22499070321058
2.2386947537444
1.66357710734812
1.71515743233839
2.13697687858809
1.6477038862894
1.97649429300341
1.05268107526755
0.920268247434663
0.734567527099741
0.794396648034769
0.601639062958404
0.680757108947383
0.860097818098402
0.953478367733499
0.805480807582605
1.32452176910341
0.969956576966107
1.15800482069461
1.38095917701225
1.81452947680116
1.47540570537326
1.48105129418202
0.81116716041959
1.29736973946007
1.19740206996659
1.66977076229557
1.22159307739141
1.15970488681306
1.08201596176029
1.75059075798351
1.01148153963641
1.16870282860988
0.969109481710979
1.07669217224064
2.20944886940106
1.75295195008265
1.25666559480319
1.45188911927315
1.0826286086533
1.08885612794926
1.04581660734353
1.12159471899746
0.989582940489536
0.91675952926821
1.0871519994408
1.54896665978157
1.26966459589355
1.00185047360619
1.02763311831166
1.57177132953119
1.36856565811839
1.34550386660336
1.61826246994004
2.66995279856661
2.4182153005617
1.9196339700075
2.20404396249369
2.23718359147903
1.65602612024185
1.49040856812309
1.50080852915082
1.68359589417523
1.40042957130838
1.17397675646668
1.81036261963075
2.15907787850479
1.70389247316541
1.0528374718485
1.37833155172827
1.75603254689104
1.19901348904015
0.99699663588503
1.07959055715972
1.33181836558131
1.55798952423995
1.71389606451157
1.89154623060514
1.35387051144719
1.53303333651816
1.99312642999091
1.75711100405994
2.19820719805683
2.32674313853394
2.89841651465483
1.85582299333935
2.08197511578885
1.31639308042904
1.30439105098273
1.60252438461719
1.83878681743592
2.72643263686364
2.08670648982765
2.90334791496005
1.90672551048483
1.66551389878879
1.93970008490372
1.55581071405591
1.57273380306879
2.48405532183974
1.75007098949713
1.7445878019367
1.1312153964702
1.21283837061985
1.27424428308382
1.13078047692885
1.43155546962688
1.04748024777501
1.03696435310419
1.70566162829421
1.73608082966374
2.14416748999737
3.09084631317924
2.91809888739082
2.45671758177164
2.29068399182062
2.03922580729671
2.45191109643345
2.08926681974753
1.88373372477069
1.50299590565703
1.20015034651745
1.7498157363045
1.12601337188025
0.873922077522961
0.740845749217343
1.07350084528127
1.21497120460417
1.0984592958143
1.33400895713252
1.32389029074699
1.12145945955876
1.11296829965966
1.39892770687742
1.46852011416293
1.94268048687818
1.88073502965246
1.90495641392316
1.82368816328669
1.20987636025345
1.71732012470721
2.2000105999605
1.45007964063387
2.33412110483361
2.36195251354051
2.3178528457903
1.26341285824331
1.96362141828797
1.30019626836495
1.0271240172449
1.04422187504654
1.36021690623257
1.09570293363713
1.07787483626558
1.12512170772003
0.866627152491608
1.42939679282173
1.0237635564523
1.02441625789566
1.01480739436832
1.01614723632389
1.00654736124696
0.873067239649485
0.95900478131327
1.10263212669094
1.25480717343446
1.18628837405602
1.7488111943415
1.59279335792623
1.59691420637622
1.80719288893296
1.26614281878158
1.09993002032124
1.23824109579865
1.32131952645507
1.33436619724399
1.22374109710301
0.921204871063475
0.99551044726311
1.59646526458028
2.12525989569833
2.06740581861699
1.96699077634691
2.54947727698656
2.20653016224819
1.67871120195999
1.6103262070483
1.35381388064208
2.06610857580221
1.64558119735209
1.9896521823493
2.32902747097937
1.92714522613794
1.58028161137517
1.71581422066153
1.7004942465605
2.01017930342161
1.20254445765994
1.58266087244227
1.71495354248737
2.28059943511848
1.81215454234428
2.28718904257837
1.71230086742259
1.50283561276082
1.77782545234384
1.75267846852459
1.57175493361345
1.60325000601038
1.49732958133752
1.33290270551408
1.67185621112444
2.62841051054709
2.12732914954947
1.75053992470399
1.90261505067166
1.44053658649424
1.59608268422583
2.07423920314476
2.00451405865663
1.3652216762175
1.32509563409778
1.32756751626019
1.01188109815236
1.79885646778259
1.4104823840194
2.04842164018222
1.20649878805027
1.33199861187002
1.44823736316997
0.978320060818296
1.31459204064665
1.71247422040993
1.52692324733926
1.55364829448863
1.7132198235039
1.53600339504668
1.04532538793352
1.14180657499358
0.687918146255955
1.06023277234086
0.928721395090494
1.03287451934554
1.19325671929244
1.34293479573545
1.13214279807607
1.17162606033076
1.18486894524911
1.46001256487224
1.96620236251499
1.34104611682264
1.33318393749264
1.18963602539926
1.17826046920269
1.07036049721532
1.57860420012821
0.926595645836285
0.704240765149795
0.92057461617803
1.52032298304202
1.82443335892781
1.70473579082973
1.76773211828121
1.99686429673833
2.25996259637188
2.16058404334145
1.8800412601414
1.88951091977936
1.17317003624771
2.11942800189674
1.30724100844436
1.14478529616107
1.48677708515884
2.27742431295591
1.83223522848635
1.70023482667722
2.05517472654189
2.5198985028413
2.25028087059208
2.28513502045988
2.26572076447492
1.83606374044641
2.34157222335617
2.49080374273628
2.64838076467708
4.24013533413081
3.34230463397339
3.37115053380348
2.92882097544128
3.18486720400965
2.80871088356843
2.58512953889772
2.6650229858242
2.1082719316458
1.82358492012007
1.80963866820541
2.01066347092389
1.69767024059103
2.39497892024744
1.45393506740189
1.55638747323534
1.10994164009244
1.1994959776102
1.26824196534958
1.06336743737588
1.0475395889373
1.32870848071869
1.11919071295697
1.03262310288105
1.07837931683401
0.828198369812941
0.75912001678297
0.898517905155582
1.25066198720476
1.89521221127029
1.76034299407987
1.58525345522201
1.61594264672143
1.56982759825026
1.38452778901902
1.44332530201529
1.12432093042662
1.08091721012275
1.65766192082812
2.09707186817725
2.61291306060643
1.28519273499349
1.21587907477259
1.40790991265759
1.43781439595161
0.938309731906255
1.33239975612454
1.74261320631942
1.63641418199026
1.1320413238927
1.41628787218117
1.63589062365333
1.57406866700495
1.91338303739879
1.77312584698603
2.16475898075725
2.69249363035248
2.01429362847552
1.15450854894605
1.41360286426877
1.5566425462357
1.461727722291
1.40326087239769
1.76444003699274
1.6120341959693
1.10227618614564
1.40756392794529
2.16751566557751
2.0767087657459
2.10107821533661
1.46264173739408
1.57886066595299
1.57372711641487
1.48158529619897
2.7249217175149
2.17071935678325
1.77353404415131
1.1406151990478
1.56195501190398
1.60675128049362
1.79905328201216
2.36795229721244
2.05435984279559
3.17601852394855
1.3147756643978
1.02205573162138
1.31317635719943
1.37508501543008
1.45845240593273
1.557123617844
1.40123426058815
1.78858484773534
1.97058821548231
2.06243604286467
1.33729762326018
1.4615248720224
1.87099605751179
1.4082633070611
2.45886298475152
1.64447274793174
1.41439102390933
1.11550317918117
0.658351701003798
1.11113003979071
1.21873304174042
1.45608918746345
1.1649162278942
0.924842767324233
1.53301290466192
1.37537768891527
2.26372061192617
1.9773759910382
1.69240745039908
1.00268296580907
1.24717002644292
1.32793226938585
1.89795643066601
1.60256373554499
1.16896339118831
1.10216934893779
1.39467849647734
1.79584725901364
1.87116951080274
1.82245831894164
1.91623920948709
1.4479548923107
1.13184458372672
1.4087040148609
1.31909443794255
1.52847876823022
2.09927646177626
2.55246694821486
1.63275681504714
1.3602431334116
1.46317648040769
2.69751854386359
1.87660732536869
1.47354821278179
1.43749080786681
1.80297488741081
1.75932147760442
2.09721165289815
1.95511519449726
1.32219214988311
1.35077243539318
2.12315861803117
1.85368727442317
2.53242384532355
2.00296869442152
2.31382001769744
2.15637110719783
2.26084063231735
2.1846377631641
2.06401434286153
1.30164657215605
1.85368540749424
1.87954133451868
1.48993781190591
1.54850036563347
1.99636904771942
1.51872401264299
2.1879533404449
2.68924883813632
2.24816384562955
2.67009012924878
2.55699441923018
2.18877372568555
1.79172778218783
1.79720235771599
2.23762249387876
2.19362479658479
1.27729821259802
1.3713968997576
2.54413436129641
1.93844175872649
2.43719047783812
1.74275337704961
1.85094172592481
1.91273294218972
2.00581713845292
1.93293881622302
2.66802934492568
2.5092333843431
2.14521308309337
1.76454816158735
1.68892361274376
1.81882201209146
2.87826955039813
2.48317743976149
1.96269853290867
1.93404779553598
3.37159685699422
2.55496043699868
2.04999215901748
1.19981217724718
1.26303347542531
1.29405892837713
1.51639695405402
2.26627665713877
1.87065793292984
1.55597769530069
1.25315812899904
1.27299674669394
1.27285677986494
1.44779622318668
1.42236878032616
1.90795574157599
1.33102938289844
1.36772029172298
1.68424497597559
1.48849722554146
1.9415823048409
1.64901687661163
1.3451257530787
1.86748923526958
2.07299475611384
1.4582531599169
1.26978241089375
1.47269895984319
0.835689707201737
1.02924794876525
1.51295217193754
1.16201009851165
0.95947001486911
1.33736862942236
1.16683154778158
1.2765809606162
1.30688381152032
0.990836616286332
0.944199826444309
0.92713183736321
0.768094675586062
1.11256352191174
1.40310130611452
0.93568706604226
0.783469389446711
0.54392589171364
0.433758559080927
0.676048893845699
1.71262508846441
1.41968276355507
0.985217134615187
1.38119798178672
1.03912764954531
1.50666354684764
1.31950332702944
1.54267538107876
1.71470801880326
1.47284420569744
1.23208268661888
1.24670985867513
1.22415649126514
0.950491569903132
1.31528555985381
1.47442442534251
1.25854124249211
1.14745983023477
1.3404356742398
1.40096114958621
1.05226947203568
0.516453900486681
1.09318579748665
1.19101845250152
1.28546237370366
0.968425813216152
1.17707392593163
1.3628196874713
1.75293762078977
1.43964677527636
1.48217238627518
1.00857783952751
1.09974219685404
0.931316760888557
1.21817630969393
1.16444588140725
1.4408068750273
2.04987822244819
1.8240461845609
1.20371424342979
1.76010088663485
1.8006450644621
1.78939981424359
1.79120085209119
1.67706718963869
1.72947380059516
1.78338543297551
1.9293512558933
1.1599205311668
0.837571469394125
0.901557482846069
0.800851077755936
0.621997516102065
0.842322313851597
0.970813717527007
1.11866370896581
1.49225920476731
2.00875187945983
1.09386147012473
1.01925919309379
1.23557907246213
1.33780487402673
1.42930260513067
1.3695040324041
1.5753114123105
2.41566420043448
2.5496968156319
2.31730135664398
1.87513668210307
2.1289932320376
1.35552458881457
1.64654572197579
2.39781171216471
1.64051358729417
2.03156283008612
2.00788503252517
1.4697291089504
1.4428261028321
1.56257486988705
2.27639051608008
1.63328199114682
2.08392415529644
2.74019865117398
2.39878982680547
2.34315941638109
2.01065180007717
1.25231627880332
2.13751543980338
1.94622948336614
2.23167057752649
1.75442219838015
1.19430625278534
1.50462065468278
1.3472205961094
2.04141558438179
1.63363940424966
1.65264978007687
1.28578648266231
1.26530610289172
1.108946414009
1.21264268911141
1.25230693645504
1.25227974785419
1.15099356175505
1.22379631734739
1.3972294077669
1.65231301344205
1.94670658116381
1.64861973001355
1.16348544436627
1.20428948218782
1.10458728270179
1.06094249385437
1.43779015564886
1.51183370270778
1.32946214960339
1.15143371155107
1.11925634517602
1.17504629003603
1.53222026408677
0.90657467451383
0.933115120941971
1.35219588796015
1.95112119136444
2.01974188623966
1.64789454707973
2.48762080136084
1.74071762956685
1.62304972243493
1.27053145394915
1.35393380686617
0.549907933356489
1.46374702620429
0.625916230515325
0.754373655855775
1.03769505385153
0.944880445474648
0.808255301499073
0.889153208888353
0.93960476344852
1.63866506631185
1.65157214555138
1.59268399742503
1.58165110028472
1.9576690728274
2.00462187678398
2.0951497549004
1.93010305423094
1.79946256047542
1.52288307601053
1.4150856786997
1.69056938792302
1.67267888696478
2.07409826813808
1.64970431509743
1.6404459082573
1.90641163219714
1.77132447604845
1.50745979568034
2.19800623087037
1.49309111078041
2.35111108584361
1.61839424274624
1.342231805197
1.29498198045274
1.27875108651182
1.89121417192151
1.90320383973268
2.43241467790458
2.35027088974988
2.50127896155899
1.77856122411242
2.21043539126909
2.18392514502198
1.89813146610605
1.70839263155916
1.99084031167038
1.58176562729023
1.63432770203124
1.42124415036475
2.23592050449126
1.71698522367777
1.53604684889548
1.14873207421941
0.781103178263071
0.841384830160476
1.07135588228569
0.688283067959428
0.557288969460643
0.433728645534419
0.695049917530876
0.522504132040878
0.503085202128185
1.08744606052668
0.849975270633133
0.99773473910855
0.860168590430503
0.794095091513561
0.622150627268134
0.776042891738583
1.1703938234233
1.29955882399615
1.26676036097331
1.24617976344871
1.18672798364612
1.40978028375978
1.43195634987568
1.38637743454653
1.85673817109787
1.65470698245542
1.45829564174435
1.78721316306058
1.78491419127935
2.03867574049594
1.98887722265104
1.63437264280399
1.33437407727412
2.43347264506117
2.35525131195037
1.87912737056723
1.06007242874029
0.905983447609652
0.704610272004032
0.979125712212791
1.05732696661898
0.828381833134338
1.00436292482436
1.72240086330896
1.42400276871093
1.50564758291428
1.29620766782509
1.1200954520337
0.823041448330545
1.27963401789401
0.801342018091703
0.841827890664233
0.91730910463906
0.727469631760642
1.18696054228941
1.68825872052292
1.20771610154234
1.5004794850921
1.24128720631424
1.27705110956686
1.04601658601448
0.603119455497786
1.11886042585451
0.9463079476543
0.611339334246679
0.95092898771821
1.18773032350199
1.35725194093214
1.09846442889498
1.08372691603263
0.734958386519094
1.32179032994465
1.86918007780991
2.51575717887001
2.42098571894169
1.32258138262422
2.15662965144325
1.70112415622712
2.10859765080455
2.4405728797324
1.14922003609515
1.07653336139701
1.9661677870871
1.88610559680197
1.49003128483747
1.80095799081892
1.10105333806959
0.878815835406964
0.951210973839374
0.710415277365898
0.96097338832993
1.37858941850314
1.56549686162004
1.27089643857086
1.64965618108023
1.70196417658913
1.88829195900607
1.65432415118023
1.32968449053055
1.34679935168115
1.86811020558331
2.30688701434448
2.33502774877226
1.98128439853682
0.998910733048704
1.41072089475377
1.5326403259378
2.01927257244559
1.60057986989097
1.92775637802637
1.77072657420679
1.75508113665448
1.61816878813123
2.00016058369654
1.8057545797558
1.37968627872671
1.49533743062129
1.91519276373072
1.57729552634792
1.78649214733036
1.79019633628683
2.25743902203447
1.70618782424294
2.06529194399628
1.38660671452972
0.921658681120461
1.0781467081811
1.26400251131606
1.09441874768231
1.69543005441588
1.38584526714205
1.32244102377427
1.03281896383055
1.56559391646081
1.33924961359435
1.33292583956094
1.05834971396312
0.883718658088312
0.749166824921405
1.34355604184531
1.73543510838889
1.72483192798447
1.3737850323449
1.45414315993908
1.74353970544275
1.94003559018073
1.83100334801679
2.06069716491652
1.29163526063509
1.45941765230052
1.92760805566488
1.56506773325748
1.49761452847497
1.18520280295182
0.811648146720921
1.24556528104577
1.15632289458115
0.911081554670029
1.16561904230211
0.820683136766783
1.03821954864021
1.22897436062036
2.90651147270927
2.48786164256731
2.03992546010757
1.69860105119337
1.81485437915943
2.04890891578431
2.19181407850424
1.79414820116945
1.9013916164175
1.25439024981976
1.41148528016293
1.34724610442093
1.39602645957107
0.98915327087818
1.29271321930481
1.94428948989838
1.518386969
1.85194182814374
2.07014487335783
1.63887063026614
1.39713869818649
1.38390136638322
1.49923352887195
0.799566440470203
1.14008071225845
1.37679177041813
1.08418681809956
1.78091026106329
2.48832610367612
2.06091247787413
1.47644284288699
1.13861886621412
1.27781405970615
1.56691512782687
1.76851947074021
1.79077492065553
1.72648646750556
2.95644412370748
2.81378929193214
1.5784070784391
2.05238733540179
2.06645398085435
2.41483442016724
1.74285248051019
1.21644348947974
1.03030803974064
1.00763455972077
2.07854622239827
1.40314788210167
1.06590416432174
1.43635467154726
1.25250138572773
1.55329663302244
1.61806840980275
1.31776329605233
0.947450515162856
0.9139242535805
0.920431085933496
0.817081139023425
0.765490861329356
0.937418126204641
1.12405796493175
0.903179259833319
1.23449524297675
1.47615147249385
1.40693536207367
1.63207190999368
1.57190001105381
1.60409802250409
1.40683302411003
1.83024373807931
1.55504122313002
1.54542023105554
1.94723166926703
2.23247186845821
1.61654573652718
2.17411193521854
1.40559523910181
1.50417534832142
1.52353996159735
1.71582867183051
1.6001608702135
1.06415276096581
1.01785262908867
0.824685456290475
1.2524461029831
1.20945247826874
0.74251914330228
1.30897438615026
1.48927757260445
2.01808632715808
3.00648387531869
2.57414694961485
2.65952697508305
3.0467349064251
2.70425008895456
1.89161657815978
2.78743909387238
2.68661369881994
2.06752300481006
2.42052243539629
2.29244751565181
2.34473573411823
3.03775822830421
2.87067749169055
2.37417351747816
1.8474640970244
1.98581385949996
2.11839249665751
1.65269934170932
1.45269161661891
1.37724938837461
0.947435057943841
1.3052852544681
1.88513221427043
2.05183771902188
1.70145961380583
1.49253111491879
1.24176558178101
1.60227773229323
2.216939413451
3.71723403164868
2.44797863385651
2.04719257704444
1.8912063628512
2.39820671774509
2.45047995878803
2.17251401977899
1.98967085881761
1.4978309982439
1.71986622843617
1.35816138050479
1.4808335070463
1.9707124310126
1.94619574608046
1.18479637072423
1.03982579453396
1.75174471681934
1.82966370466911
1.49910163128688
1.44392802663857
0.929522851261165
1.33720347689466
1.31734419621881
1.48109333165629
1.7075502005153
2.8546902546473
2.19408694423224
1.73842903145807
1.94843134296856
2.07350819305946
1.94939314273354
1.52339092786518
1.31599537923253
1.26322758468987
2.05978774747714
2.66552888888928
2.05569192634454
1.92738474746851
2.11626766624041
2.38356953770106
1.45112603763479
1.40234661560966
1.33262909382621
1.3793638213372
1.66618225380772
1.78435230721229
1.93647410762969
1.86133262039175
1.73198543237262
2.11541281257551
2.13206422978464
1.49108494626838
1.5062925995329
2.25328069374092
1.84964387497621
0.969512551193766
1.00693016189093
0.943308421091058
0.972772086571386
1.22833817210972
1.28872010536359
1.88571583405481
1.65260985865517
1.54824240035043
1.17141688390542
0.830952875417595
1.14923985232435
1.64914784278934
1.599309638258
1.05118967547426
0.907177914098622
0.647076701465105
0.778689475802663
0.952889139811703
0.85509119304008
0.749359488566748
0.57741496865281
0.716891958764946
0.975789862343363
1.02053094260855
1.39712039896276
1.67666406644445
2.3146924950359
2.26800560691078
2.60451485450085
1.95053453833026
1.41030694231463
2.06038001068104
1.32406667780605
1.19676721422748
1.41826574209683
1.81476491045255
1.57214516576371
1.74293355954911
1.80117383587181
1.58361411975142
1.45616273898917
1.17501595414148
1.47544223170639
1.43049951134583
1.20607305102688
1.12178464327041
1.68981625430046
1.15115661164007
0.889742251862525
0.875201154763546
0.910267309969356
1.27957861984435
1.24997875602163
1.508488250253
0.880488500922112
1.50769559470778
2.0212657788373
1.9796182609028
1.49774788254179
1.25210621953964
1.95757758557945
1.50984696179658
1.85591487211031
1.73182222870155
1.29574793029493
1.57669519739303
1.60429756577764
1.50371986724517
1.42142758356275
1.30346261606546
1.6143609627111
1.54969944622279
1.1899388526883
1.12794027909129
0.844100719611843
0.565831772213662
0.598098009445727
0.702992593175746
0.696558893876006
0.755066613001682
0.694637946492026
0.698107861393586
0.751876245689328
1.33999789498627
1.31233453094189
1.60247597360367
1.75381587881778
1.36814278229728
0.87967414910252
1.00813371557876
1.59462339015761
1.99576889739344
1.62067527674928
1.40051386224597
1.76905749591573
1.05120516154667
1.15571470142946
1.02773235722793
1.22021544251468
1.01885796752425
1.13222345668729
1.00734154089259
2.06354405080085
1.71055325338236
2.04366595787423
2.0365853831256
2.50765788970104
2.24982914366144
1.58021209320551
1.77083847167331
1.57075725602965
1.86633539046797
2.1411899026681
2.91581990440169
2.30518532437114
2.403275503632
1.73580874314155
1.61691389308827
1.88937142778233
1.99950707721836
1.64247576685011
2.1778495083352
2.03528163989036
2.43543908432757
2.03471855035846
2.26128868937337
2.58611112510064
2.37437931533656
3.10792856137804
2.12585690593983
1.61113271801453
1.26784701114976
2.07609161746573
2.51426354475338
2.47236466059748
1.87688965846875
1.59776147106497
1.42612436034521
0.971393998451717
1.50924859825604
1.65032541402711
2.09111462642035
2.28942126711769
2.29705948170891
2.13886434895264
1.22642414937018
2.00737556217523
1.54456337222727
2.09060021868275
2.8297108456614
2.82315635749348
1.53983669467214
1.34558325274645
1.7734469782208
1.39234968945625
1.39654144315393
1.10539877644769
1.26840476124023
1.06554141150934
0.975192855409327
1.14611784001509
1.6111724075889
1.54653767877175
2.32116219216126
2.12445690319764
1.42607726034079
1.3452002295084
1.19024502002483
1.48366832352834
1.21121063855563
0.935938397091037
1.01677823502316
1.11137172915956
1.69884634125067
1.59805067082287
1.27216324007038
1.25411464001649
1.35280151682059
2.08997599729227
1.75043921604867
2.32946781748538
0.865896102550512
1.14457985185657
1.32099533871632
1.33866509998242
1.73393644672935
1.92433957666299
1.64001435662095
1.24003346263477
1.30975592680711
1.90457488488224
1.88777162931454
1.38737060034841
0.913023929704011
1.22522850277231
1.30729930730118
1.2011139499351
2.00695294478429
1.59073289126159
1.22539701133729
1.24400692794806
1.39243190422677
1.91855704424872
1.40040748872837
1.81048904229175
1.64448253356375
1.71503991365326
1.81753998895436
1.17935171046205
1.52407854535685
1.3475447081727
1.29280552418926
2.08058943367294
1.76879069363112
1.74459364524202
1.40051186853775
1.48167498141437
1.42023607622663
1.50391661088329
1.38320798323314
0.970716988481826
1.04353489238259
0.993571405743161
1.13835922815683
0.873492550609179
1.2724550047342
1.1897015247074
1.54177474767077
1.44761071889344
1.50415126828318
1.64387951462368
2.10640237389482
1.65744395099643
1.60690578079118
2.94763885656962
2.23890862524426
1.909578293058
1.80651377322353
1.9469869180955
1.83958554897172
1.76403145852249
1.79415436517695
2.86906284262638
1.65058676964182
1.81890324172259
1.87919229599925
1.56930471116633
1.85020406455895
1.53570251071239
1.48562719437453
1.20691273926508
1.00601971791587
1.33140532731161
0.97511610845123
0.547425448351997
0.764598502432235
1.4288083242823
1.46203795868826
1.89909821578318
2.34266829359488
2.15230226008976
1.26944293783195
1.14489401692262
1.54226751018224
1.76443257150658
1.64242035341604
1.72707852636311
1.70381098299088
1.47355084617535
1.48172271524418
1.88858282881139
2.39901401986778
2.48537436938199
2.39641363581503
2.04412635418981
1.55058739893639
1.83068897930841
1.55910507432001
1.0861899924202
1.15025471689561
1.21526526194577
1.93352866889163
1.61358059242323
1.53565399974499
1.89488214598395
1.764326702982
1.69721651633774
1.58729595776384
1.81013895352353
1.94125958359835
1.73037133756665
1.48910812859669
2.04253343465413
1.39689058847266
1.39195396546986
1.42412300724729
1.65486594911858
2.07754917239044
2.27275941932461
2.97473081525635
2.12306524446076
2.3452056190832
2.80246302302859
1.7115553381924
2.35720384569872
2.05449888047974
2.17752308270718
2.56365388864424
2.89188599833966
2.67769376469793
2.20593091543689
2.10539004222643
2.36380320231509
2.05389728003161
3.01622392311758
2.86026866166958
2.01555852596755
2.34860302335136
1.68777199791928
1.49709085279634
0.927771067782853
1.68799091366586
1.6669658958844
1.62989106286043
1.6444768339286
1.29240229157237
1.41641440900827
0.856270820773485
0.660007729946325
0.825756317287121
1.32468796023771
1.63269634166083
1.42252258999442
1.68124383828962
1.80011068764599
1.94461656568607
1.34414529425208
1.72108066059229
1.49937036503372
1.83254262442848
1.58482422242794
1.98946241061768
2.00281788681986
1.71579466982805
1.38291001300991
1.46683544936235
1.30811836905481
0.87284127447919
0.924948572507269
1.0923809215575
2.02807077294987
2.5383758772254
2.03645453239345
1.59309298805256
1.44992165747082
1.29571289718369
1.44966656196476
1.96792467624426
2.20587393542942
2.61488097268854
1.43487025424796
1.78039788926017
1.46120312612469
1.78781435662274
2.21461981668273
2.42464041970842
1.74453694060416
1.07771030431135
1.014529204358
1.20332431246016
1.48653809948345
1.94413228655997
1.64119927405141
0.950311248538062
0.682035083928503
0.783784672872025
1.00077120391174
0.824632252825325
0.968587024121833
1.00955511244978
1.180612547034
1.9881140836112
1.69839390810981
2.58807731935308
1.9792993995092
2.16970309812648
1.86631475086572
1.34698383938227
1.84703325120198
2.03304382218719
1.96370335536602
1.94058506293275
2.26324546556219
2.4620420756614
2.11786535343495
2.03390002737638
1.81552186932802
1.65642674227296
1.59746210051443
1.63472530298119
1.38921580231574
1.09960084324848
1.35230889364643
2.02472884114923
1.66267319354175
2.35892214603218
1.42219707120028
1.95249922340168
1.70345179417224
1.07600924574551
1.88752488244726
2.01399423894859
1.59946689632491
0.858164958233591
0.969187250051727
1.28922517548166
1.08617363524784
1.27785207931673
1.28513685882777
0.942816861937873
1.1483149020941
1.17854808469994
2.55224938842707
1.97498705898346
1.33280739525655
1.21205734342827
1.05510511961395
1.44212352991467
1.5881489880547
0.931520335729344
1.34683453965555
1.25759805248407
1.25711117890051
1.31500756696645
1.26831481655368
1.74578715992668
2.3771989948153
2.36260297491613
2.171358363527
2.21439414463889
1.21056979349618
1.78778999110481
1.77345338074302
1.36234967438422
1.46534996822062
1.75069784965408
1.8485351988539
1.80928288854265
2.22893887158585
2.26020801371624
2.13510421749685
2.15037918644225
1.43629098955989
1.75441541040897
1.72527285226603
1.52862210878991
1.14520615552814
1.10517207128495
1.22246614771551
1.18370049605791
0.953567714476267
0.839333380000586
0.965167796858679
0.877780719755802
1.0241075411767
1.7031334398959
1.93223936596117
1.43711923627433
1.3321449389973
1.40532430890148
1.45159173620935
1.84552627521957
1.06853168501059
1.10884487599926
1.44030953815526
1.53936983725708
2.36215320751853
1.90519309211762
1.36236238778229
0.797398467275304
1.42200606431269
1.62717057214626
1.53518102445136
1.60954799921171
2.05672869970851
1.38643491126237
1.44037703055331
1.59237678610836
1.36764564224779
1.37935965622363
1.36108428309104
1.12522141892849
1.48881251185731
1.80367365553979
2.1716762041786
1.94289893389389
1.66825491861858
1.6467317970185
2.21017259762931
2.3959144616386
1.50981571843386
1.12421701935772
0.887446857631107
1.19989735378801
1.52607675953452
2.10731264191156
1.78890965246011
1.5769858692928
1.3644109196511
1.99116052813456
2.04700255340138
1.80796207127659
2.37419956581834
2.7640760881212
1.73196079724905
1.81239648090212
1.12285105376857
1.67184170073345
1.6438473182135
1.51510497993224
1.39433190172369
1.35572066634242
2.07022253864694
1.41281680941632
0.93374295015956
0.791773366821977
0.921591030445371
0.956703082637641
0.900989921064546
1.19822133986713
0.962392417513646
0.937464800898815
1.64215519211931
2.185740201631
2.54778898941006
2.28887626502891
2.01939448655569
1.73484462870027
1.39301390858938
2.0770240974135
1.90350754951555
1.35716276842591
1.35219080493671
1.03360297111615
1.01303754120076
1.5571520230269
1.1035168310062
1.35283852670226
0.837593240290219
1.23752714851071
1.16433911905191
1.80752548608187
1.46490437951346
3.06523747702019
2.171527932816
1.45341726384161
1.77349309344624
1.90801713093171
1.96088752003637
1.64259190080419
1.31183474701443
1.33518776013544
1.34034554175241
2.17960361019384
1.59171430806722
1.48366592916507
1.19538909567153
1.36027316192028
1.81731280820055
2.71072559019301
1.84385505199049
1.72833916301936
1.38709978129085
1.56052759902609
1.56933174775684
2.01836457444643
2.32869574523425
1.36818898948693
1.49228517667495
1.49925908977109
2.35995285246932
1.61728003663225
1.45813891879776
1.52483798429358
1.90850374363976
2.58052880850702
1.58866261049202
2.10570918299016
1.78959838011752
1.21401847384903
1.667713379058
1.86277563618862
2.1765885366182
1.7805907875006
1.44717085405672
1.49089748611882
1.01962253399953
1.00710025251222
1.47552758784301
1.30069963853399
0.781291315989061
1.14459406850915
1.34084697311619
0.811455424468917
0.553830262996901
0.99386680197667
0.825179079375706
0.453702572697807
0.666132524124323
0.836963717767127
1.19671789917514
1.39600964952247
1.54529614468557
1.96044241028842
1.88582374368797
1.83350361772511
1.87919184815278
1.60720846326866
1.75026161435967
0.963927274998437
1.21727783166025
1.52101599642772
1.22835597946169
1.28098448482913
0.945033053337828
1.0283995659135
1.33333713568808
2.27294297669751
1.55878420966452
1.45268453578456
1.33121352619935
1.58751768197509
1.29932926313691
1.65822603597196
1.64659550161161
1.75906521757437
1.78023788516715
2.26070894157095
2.20661868434655
1.39645402708988
1.62136865304831
1.68302449775128
1.79622233384793
2.20058513176476
2.34067639038233
1.9013139859064
1.85059393687683
1.72973756007329
0.912849891036882
1.02649021499332
1.17477416899664
0.7494344388303
1.18056929332074
0.900344524899884
0.75507573506968
0.759604127441263
0.401749559924508
0.565313575873717
0.990770899688904
1.81123119863548
1.46221681887868
1.88689397632261
2.0493201837176
1.94176963696522
2.12384969669546
2.15690311646327
1.623975920942
0.965178767511187
0.771947051688087
0.901769149251112
0.966533293764293
0.859241582799381
1.40171355387792
1.22154812065327
1.02070009869254
1.29395100596218
2.0424327904685
1.52636647966213
1.69347985335067
2.28311130549772
2.16993816702273
1.48763837405358
1.55740525463832
1.3423232027215
1.0163815426176
1.57542755431587
2.34023754075094
3.20084172136119
2.47994395354653
1.52910057552907
2.06914342016983
2.27668417331645
1.49308069537237
1.54353986578191
1.74488059712563
1.11674866108623
0.73190241964194
1.09906748474409
1.58394715893432
1.85796654739096
1.81300277244366
1.31739694392158
1.93176948377794
1.32797815409455
1.64199709673065
1.57563537557549
2.23270500782529
2.53925118663713
2.01576455328077
2.17957531184174
1.2413727316659
1.08899752131006
1.54544578610715
2.11828375628989
2.9680189212276
1.9746919213536
2.06584283336213
2.81752094405596
1.72686518029317
2.38747911156229
2.1924343846674
2.78283779458997
2.15086977589383
2.69367237283273
2.66478710630045
1.99570782609712
2.16673622422567
2.77204503738263
2.4150457924695
3.12766663448561
2.37647619414562
2.55673008559245
2.56869444892815
2.30219178915467
2.37899967986754
2.17820760054956
2.27758745830403
2.4858377746751
1.98421729512047
1.83967821660748
1.64167119411575
1.8012528800921
1.5925744985357
1.45870103696242
2.08861133448563
1.48843542866863
1.38795994387219
1.61995343376347
2.19427594997468
1.90735395131579
1.61806073111212
2.199189994418
2.26977699346931
3.35480892531952
3.11683975946756
3.0654128557664
2.18696758621217
3.1021601418788
2.07009811494712
2.35371818426004
2.17887355933526
2.43158113875722
2.38017830941262
3.01852428679153
1.66759184877402
1.80109775788457
2.15411281752563
1.28617408468729
2.29793931172654
2.05495474560434
1.59721262319829
1.77284783799274
2.01954325114523
2.01719189116713
2.34958696830516
2.16612635677911
2.89776652732864
1.90268236028648
2.71599578002417
2.80715904386799
2.48495081557993
2.52693064379004
1.59019250498885
1.54446876515441
1.57526574691898
1.24598199522649
1.10582117248655
1.36641083789667
1.38856226106353
1.39744436882066
1.30806135662137
1.49289543796959
1.6243583165514
1.72784910603152
1.34200839439888
1.61297117274193
1.30806519594727
1.2506406833508
1.17092035555833
0.896494081929598
1.08410198617123
1.1607392050036
1.35697273917104
1.39935340451165
1.01297418502518
1.1759522552866
1.45279191150266
1.11725505920689
0.89574407034879
1.38928882540867
1.41655656484676
1.30419900549715
1.11878458441341
1.58446209115595
1.59924904015704
1.65130816524558
2.31201381354312
1.95067419877693
1.17560498701039
1.52040491967976
1.6176625237607
1.54483494725196
1.59926245493895
1.34800132517298
1.2354084948683
1.38459681868956
1.52586168931451
1.33409411912419
1.39026145254163
1.25839032785561
1.62080626889384
2.01079423027434
1.79965229034735
1.31403338003692
1.95708269916828
1.42975392199173
1.10575155703421
1.82009652048092
1.74117064031595
1.0797262137827
1.15885079297713
1.89962899428503
1.63456274308345
1.90552336361312
2.09752105487243
1.77585988405815
1.84913106876019
1.51531958476877
1.3663200524082
1.84455282631596
1.68193677993132
1.26395439276197
1.60330592374355
1.27509169844045
1.64471247010334
1.79078602981171
1.7844068207768
1.82933986845042
1.84562407170048
2.13691307802689
1.88467900504705
2.10221886696474
2.05125254979429
1.50609459420137
1.47738131653036
1.01528419262494
0.96249600461671
1.24429243484214
1.77464428201377
1.56721072848703
2.06210578083469
1.80436517448973
2.05812087334379
1.44785267908723
1.22870302485523
1.02505222222127
1.70926346754499
1.71331065134658
1.80271744696816
1.89083736173202
2.29671703869108
1.67921792064544
2.37270505659283
1.82273131361274
1.61237475432207
1.71550904532581
2.0055291880537
2.13856631349177
1.61795124973706
1.79006486025483
1.40928422545432
1.09205342083632
1.35846224394646
1.13493466301223
1.02267514674086
1.34079153154522
1.51354106024158
1.19942019899877
1.12072758904943
0.921029976717081
1.55588108940855
2.16439010976496
1.72643188683547
1.49053714018842
1.91421234907968
1.6775357022224
1.49973172035826
1.90130975169875
2.27397401631487
2.02897973515548
1.74376180524742
1.78809724083075
1.98616267404093
1.73820281253889
0.820919476009341
1.0992545699511
1.41545440986373
1.74029137071578
1.85646258042238
1.61610985338785
1.58386245447128
1.30043916171196
1.69087014383515
1.83370537094004
1.63570461379034
1.29123447954876
1.15898050157642
1.02264131525541
1.15386462808735
1.60320640305794
1.83627665072468
1.44861205624773
1.50179101330005
1.53673248258271
2.60499066707914
1.25187692993484
1.78678795235318
1.06821649797888
1.88394767448379
1.9743081722628
1.45723600479852
2.20609562090698
2.46238520788629
1.9697877997882
3.34493610462845
2.21242316381539
2.27526824397232
2.79235173715672
1.80419591926796
1.11696695041912
1.35585920296999
1.17843781628275
1.0718488755439
1.06018593527649
1.13624085428387
1.08091747604469
0.905876552234786
1.31345237290347
1.27360030498352
1.40571445348361
1.62445611490249
1.60098710829222
1.95470253934874
2.23369086672672
3.00189730548909
2.24163056393834
2.02244306827527
1.24017173346478
1.13478441979177
1.03578957297125
1.02797598225881
1.07198821261691
0.663928964627007
0.929945170047101
1.2027003505781
0.920056546957442
0.949479559331283
1.06166393961012
1.1375588877873
1.03442560962812
0.967541422679099
0.833904407603767
0.929510555242927
0.82703701986787
1.16729893837342
1.17687369105549
0.985279798096748
0.969258926826346
1.45080239498969
1.11346662003256
1.47884556420107
1.47721349964387
1.73926827948082
2.05904138957036
1.56045174922439
1.83588060252533
2.13006604390401
1.7953199241291
2.0014433732481
1.68704649098416
1.80174508642526
2.05846988048341
1.56589400472522
1.84757657905689
1.9853927189798
2.12270847300135
2.02483614849803
1.81142721463877
1.60419490024062
2.24731216101533
1.32640142878583
1.10423229304264
1.5544328907408
1.60104705699058
1.39792342332633
1.60513682932784
0.884379424636898
0.756386736392903
0.875253134601741
0.99722466192688
0.992113688295025
1.41436934328789
1.66114118767079
1.09520097882249
1.7368451862407
2.17225620214848
1.83744502839799
1.65562398747172
1.66921268329834
1.13707113280601
1.22913217112493
1.45452522673322
1.45407021899237
1.1188522437057
1.01110583068318
1.11680999884741
1.37912241234421
1.06860827275542
1.27971566153939
1.01543369578624
0.762064759719402
0.86868776732181
1.54960371255364
1.91091258912623
1.5018808844588
1.11525903862429
1.22266203521044
1.50209276725925
1.42720112137827
2.02248123879042
2.53110149563519
2.42679125872351
1.34419571995016
1.04937644506017
1.67315072468212
2.26660506843173
1.78838809916672
1.60489159971017
1.31915158500952
1.82859272409363
1.61953550151432
1.87375145261002
1.24524292890031
1.62568179472893
1.94657262003652
2.04530851478936
1.99711528364049
2.22183753506345
2.38693746837051
1.93144586958556
1.82644812344122
2.23822224512899
2.09144157184787
2.88007411590408
1.84745701403154
2.41936533057408
1.77490336080354
2.00608771520022
1.65010399645313
1.57663774709239
1.86139354536694
2.09909675702707
1.67156546177719
1.53148194124234
1.50611723772545
1.4166848547024
1.47180922619067
1.49947051770393
1.52311631343627
1.26063698818582
1.2424364049704
1.24438736251881
1.07078523872815
1.19411812676921
1.20337291593559
0.962206213591615
1.00920327670513
2.16751637904076
2.21721215026327
2.77512200946579
2.46624791482246
1.82180373596515
2.06019123301884
1.90464308397384
2.16637447945746
2.06654875468256
1.38325040689519
1.73298603473397
1.59897366443939
0.84603593263984
0.766085318149946
1.1902356991725
0.653742479996833
0.594407776972622
1.13144236224263
1.46671329500089
1.55752922597417
1.64191355132309
1.73782911610038
1.97351888225032
2.35613037946462
1.52319063086577
1.82057184354406
2.59261930888711
2.34354341411179
2.35641972642221
2.12091536385999
1.82066703155616
2.25194194031918
1.60319947903731
2.30629914218962
2.79471839622524
2.16679039091531
1.96944594714383
1.65444508685466
1.90542254840125
2.72624543049969
3.0328384654309
2.1071464846129
1.98621704659976
1.60033003745211
1.91928423371533
1.09631663779454
1.47890547622364
1.61564978820571
1.82188179197663
2.3512726978633
2.25552815154182
1.01163798565445
1.55259280073651
1.45080644112048
1.58947887639314
1.68173877872816
1.56799838978341
2.19490513273872
2.15006559941104
1.81814289432362
1.6211088626963
1.61719925895748
1.67549315627082
1.03084663893343
1.41731061386411
1.15349066585157
1.12613275559547
1.91533205835663
1.62839440549395
2.09752880733363
1.61334013481902
1.52879190787343
1.35624595152162
2.16576377787231
1.86262165185163
1.79706563977858
1.74466003708715
1.62107701443861
1.43061112649598
1.40874136600673
1.53451221063116
1.48065226894708
1.76710101861896
1.38758114916819
1.23826820766558
1.62717203568493
1.16135342575902
1.45748449336901
1.66883278002666
1.20499954201404
1.1728205946781
1.76540431214216
1.53267658078568
1.50903602493396
1.17281753318
1.74072921800894
1.25904240423387
1.23229743773944
1.16919146891044
1.39392056469794
1.24300013038755
1.19289748934273
1.77575909326207
1.30129942679836
1.10069176815371
1.15124779635122
1.5971322001399
1.79277869268555
1.65340338161319
1.26209236876554
1.29834705218727
1.48546702613724
1.39337791504997
1.16254171903015
1.55476775387104
1.83327097109371
1.30075253106312
1.43153389370409
1.64122597137908
2.43790748965257
1.45190160816787
2.50070672325119
2.39311462154789
1.06299496639985
1.69383092528977
0.903782552819779
0.754548920271041
1.23448842185099
1.26367610833556
1.12942573491393
1.39185748950246
1.2775213956005
1.45615470781044
2.21730866990558
2.22284054366346
3.05583956475155
2.73052707373543
1.52484718898894
1.56594274478341
1.90505764961861
1.41392831306764
2.24026005508227
2.18505187343353
2.4904622257246
1.56410588191151
1.6438367549812
1.77093552208838
1.47421725104997
2.22991415038148
2.48451699999262
1.78921757800097
1.58061988347464
1.28497096253155
1.56401553653424
2.10977723809741
1.98984056247742
1.93805440042321
2.42031266120559
3.17665804135614
2.38743610149264
2.18784001477571
1.9244508410581
1.90217926177909
1.41915938709454
1.19611961962913
1.32105677064367
1.45358558900251
1.63630518249498
2.00535641937458
1.69302634888242
1.47461364756146
2.37955925155197
1.93328024533199
1.60790441577883
1.47339760278185
2.08945430237558
1.82607956407383
1.7672186725425
2.50737578278854
3.16053697985807
2.48497155474896
1.85813154507878
1.35434330663003
1.03204909298315
1.45714329869609
1.8020657498165
1.74255511045409
1.7621143245032
2.69795833318066
1.51857843153483
1.02487233162814
0.873078892264439
0.734799878545209
0.987538147856337
1.0845606550035
1.25415273035687
0.797350134844212
0.768986003832752
1.24655093544946
2.08021902830946
1.97967360283245
1.49014556184577
1.81973777734083
2.07764103673419
1.2136579091416
1.35460296296549
1.3163641396378
1.13144828395138
1.35286578401601
1.28311151650132
1.36754039272127
2.25671026337184
1.40062157101448
1.97935221728442
1.80954284360379
1.69466903678017
2.12796463739285
1.58328866500752
0.830188516626172
1.13114910220939
1.16288582116268
1.25299330510844
0.867513554604893
1.1649203978491
1.33447405346591
1.78006935959459
1.86497280328747
0.99040446697203
1.37203389810052
0.913206631995393
0.924949467922914
1.13061396439294
1.5972102149562
2.52310252194225
1.32774401999424
1.54858068703695
1.83919322289452
1.80155344340915
1.9372811951188
2.00134484882218
1.66910292498707
2.02679017482451
1.82261191584505
1.73239922310518
1.15892417975763
1.05915571484863
1.56429892316542
1.39731010188653
1.33046534505107
1.34700405319826
1.53032667436618
1.35244929965369
1.21527161324738
1.22083950374345
1.02491005402607
0.908036161002067
1.20377483282718
1.35931293354164
1.23333009103456
1.16015404782185
1.19456870270182
1.24068093097529
1.43699144748581
1.34483672638645
0.998131147288736
1.19030029541289
1.67427868801874
1.55174688263762
1.42188217847601
1.48889712881769
1.83916250406828
1.64366795598531
1.66404332385184
1.1972556000013
1.60473932302186
1.2690258352819
1.45128623699896
1.68731623518875
1.94469709920417
2.01888377419924
2.32423073270382
2.72077062189213
1.81913474135549
2.08415594733497
1.30770350376849
1.88785325862357
0.779400054509162
1.28595653499416
1.23109321481089
0.849617730034422
1.56686130482398
1.5500448183347
1.6766852314718
1.34047278126483
1.47302473851366
1.03462672729083
1.20763550532995
1.40340173675985
1.23222190006665
1.56787989248789
1.98884804762787
1.46449371326409
1.71913791452403
1.87701105874249
1.65690405511623
1.43116969009475
1.17631432082148
1.43005873193668
0.894270439946259
1.51939544311427
1.08803956234191
1.65362745918853
1.63523304546197
1.34099573987741
0.908982165124865
0.952054823890773
1.57336663941802
1.47838042057141
1.46836219120649
1.88447418343107
1.29350887921285
1.63022782639944
1.93006128795811
1.44025885656964
0.901352157881098
1.01860792193365
1.11284393330845
0.854674110323458
1.35156021579026
1.60205734852154
1.38847878007164
1.19051266184977
1.89802178603134
1.82703272825346
1.98636536249074
1.95861939011621
2.78725925309809
2.55804515386902
2.36098732417755
1.92068318733318
1.82197955267585
2.09998247291729
1.67165481709402
1.83592137228042
1.45744292122813
1.79351256994834
2.07631591010367
1.73056220416835
1.74377593543809
1.46519677896513
1.68744215052266
0.997233195920537
0.850264163249589
0.933077257256557
1.27541181482799
1.35051288886306
1.87113308091103
1.79868177843395
1.47895966700099
1.21804182161138
1.62900437389037
0.79403706273927
1.66759223291017
1.09703606219172
1.24521129325107
2.01992943757922
1.80559968356472
1.59733179435177
1.84589915961946
1.82009160172174
1.77685461135526
1.86305839957375
2.02518733402574
1.82826838968919
1.7199844001737
1.41575283704608
1.56368811873217
2.36511185920889
1.94352722964713
2.57809148604838
1.9639872574195
2.09902902876152
2.196638739446
1.79252943200538
1.44335214595419
1.22007501170275
1.38892766717832
1.53494958645951
1.66338146650507
1.86045096315017
1.68231898707314
2.50932152049225
1.83273023117271
2.11235283183275
1.54279795690668
1.9119709852554
1.71638680287227
1.51904626769807
1.98365121212239
1.59287397268207
1.64191934351269
2.18331586466195
1.38551883857389
1.33382136432612
1.6027802686623
1.42812592437334
1.7904818420777
1.61921114676441
1.28792872712475
1.03201181809103
1.16652965169711
1.63714797709279
1.66849148367988
1.73231477919067
2.14320075415216
2.20308846628538
2.4719616397647
1.85716183781471
1.41870144276275
1.40326388849343
0.943844165609616
1.26241680271506
0.983550362656344
1.53260054365548
1.8014289445734
1.9139808161068
1.4887000830127
1.81315929474071
2.18555387150088
1.48234734512396
1.6924475327381
1.71448972330237
1.54834233387878
1.459628801618
1.42682245095771
1.18854675100954
1.52652963745418
1.40408774172305
1.32233398048164
2.05398375914978
1.9335611909221
1.62576168018447
1.40067968450559
1.60910212311328
1.80504268432027
1.8621719610547
1.29514966848103
1.38225608905371
1.28891399017834
1.5911832299678
1.8509701957146
1.62785369953259
1.412975787681
1.53650350860841
2.3105083800463
1.2665484923984
1.97104256102467
2.25957306011155
1.37957547456308
1.29692079258373
1.72885761303279
1.39460304495215
1.58433659191574
1.17755144837908
1.68224232252779
1.49774668233815
1.7519404390433
1.9251065135971
1.38358445068936
2.16215197137468
2.09919261131039
1.52576501379181
1.87366803530137
1.72255427431755
1.6605125192222
1.96592945287153
1.69678708284425
2.14546405791634
1.92594990185912
1.50089694672775
1.19568174201239
1.37747021418621
1.47025636438623
2.22190135469102
2.0591752827096
2.9028608668686
2.62387980304533
2.6176530505918
2.53307093038612
2.27298542832937
1.81456817001965
1.74727212602452
1.81563266532212
1.62900894670133
1.58908502349479
1.67189722981342
1.62802058937622
1.68286682669518
1.33932474636784
1.68911075609639
1.74294969178659
2.41340451157575
1.92747929625693
1.43752924792176
2.0513417264296
2.03918951392145
2.14650421270526
2.1286562758728
2.29249069644591
1.80173095145839
1.41198175519515
0.921247924032238
1.011209888422
1.23076353223628
1.33382939119118
1.75400395696491
1.78874062274112
2.8463449197132
1.56776659332048
1.65758816021231
1.71489194010701
1.49598308735749
1.09980638750394
1.28541781226316
1.71912492264906
1.78708716781518
2.48648588475568
2.03472843913851
2.87703894916391
1.87153383972974
1.579183266647
1.65824449298881
2.32777521390091
2.23160756186562
2.50701546632251
1.92958634797195
1.0274466531441
1.60652602513992
2.39277487666577
1.85004600962491
1.8502592386404
1.07987043291129
1.61155673668502
1.83917811405301
1.46336613496759
1.06696126679456
0.998690982441211
1.51416630101627
1.31861164933095
1.10247969410855
1.35310408699788
1.58795661107079
1.6584724302026
1.63310915671062
1.35417675399798
1.91466440580358
1.85350450793361
1.25073284833099
1.69012123585574
0.977518715950017
1.6298692157994
1.49923477943561
1.5307282135008
1.48451448219793
1.19259953091639
1.21972968975497
1.90751642272165
2.0126659596799
1.83814496790317
2.55028773388642
2.44915779764215
3.52055946484024
2.45748279313065
1.75639389243633
2.39076736212116
1.60927662565313
2.34971938820582
1.19624327572248
1.93051989644746
2.22890504771377
2.03842481210342
2.35431274994126
2.59444106400917
2.05694952149871
1.43715782687976
1.61325393630728
1.64023852986831
2.12978464083662
1.76737256592567
1.09674045715167
0.829541132555289
0.922985004791541
0.909998896654455
1.20708140890064
1.27851341251525
1.57788685297586
1.20068477166522
1.91744120706689
2.15064818438166
1.53237766086198
1.83517671852919
2.22963566189695
2.32157283427824
1.36657331716697
1.45293547733381
0.999757471294599
1.65064010151031
1.25376310860193
1.17710554670498
1.39347394219276
1.6464388629019
2.0215888929047
1.328224627777
1.56271189247305
1.39826727996195
1.05510172444373
1.50301310630909
2.02995088416642
1.8343679298566
2.22478206075827
2.68749523122581
1.76217219833205
1.40258857966822
1.22822895710433
1.3089027868517
1.83410925369233
1.65521246707638
1.37281656934575
2.68001291875663
1.52470384288787
1.52791317079443
1.20428431952385
1.2335146312126
1.36472912662745
1.51146846521494
1.1577726814122
1.88460725705421
1.92097859778345
1.7635108343519
1.50479074827485
1.68357962368869
2.10458616416681
3.42053932932647
2.10906579924557
1.83874451051438
1.43464435255747
1.44579709887735
1.75660480427099
1.63750842127229
1.91651896795469
1.71086871079606
1.58759070996056
1.31206149270984
1.33190651179529
1.19046184711475
1.30568504431222
1.46816812382383
1.60971338404891
1.21605919273869
1.70048343242752
1.69449554900584
1.65141092463982
2.40442351555699
3.25994878069384
2.04058061111419
1.7394819237259
1.94360830622967
1.88857572847881
1.74312814664974
1.79723827119394
1.86262529383073
1.44958877050405
1.79909191828533
1.65331110945493
1.74546183101248
1.34820735211029
1.57606148701621
1.71501721449657
1.24190403520659
1.5662987008667
1.69802698820438
1.44750553747204
1.08474442195696
1.23146342285452
0.935913897282303
0.982142350813113
1.23076548335884
1.23291083455069
1.79311002682029
1.32597723260415
1.42824546865903
1.79128881751093
1.26942190573858
1.55296992640398
3.51084243945447
3.24932953285217
3.43814268954882
2.98060084382294
2.0026973689505
1.99475861649381
1.8688952042072
1.14741653655793
1.08546678414882
1.19558729764022
1.08934318339175
0.926704156154446
1.0804030663161
1.34501754067516
0.884225050134836
1.27207968557367
1.74541765320649
2.04031992005388
1.96899139289585
1.75324990056819
1.94179718608779
2.14508647477832
1.95924440977619
1.79800846811275
2.17690866387317
2.68874225044782
2.10552243483401
1.38759086694697
1.1221732660064
1.31512940698584
1.44635054034767
1.31058419636346
1.2477139979122
1.2735245359028
1.13681076567363
1.17796496861008
1.24674358732586
1.16188501344261
1.30690166447353
1.68614756540273
1.0951819564494
1.24194764819522
0.964213556444234
0.937484146343519
1.08155446532718
1.02249302911425
1.13396627015856
1.62257991400348
2.29854703373906
1.99829408596434
2.1565582993359
2.49017116151687
2.05944075767618
2.50563478336231
2.38966084315344
2.27748312084498
3.13338323982826
2.09893042458608
1.41069310830542
1.87263757169626
1.85811715181334
3.04554411821773
1.71139866941362
1.7141267178945
2.49777835672206
2.20740709064513
1.82839002200049
2.39784047009594
1.95743506850113
2.37746508863275
2.24351258768772
1.56156561508782
1.45310122347998
1.44504721059007
1.62942242895278
1.81230983947739
1.30044585185038
2.02996356880729
1.80621940771215
1.90985882315798
2.4266975638156
2.30053579450692
1.90772124899114
2.03082425004162
2.36416179612919
2.10713998598748
2.03279696639238
1.99045280414611
2.70727054297816
2.21984993296196
2.12310976727974
1.88698805273746
2.01507764396063
2.45671921244619
1.69365735332185
1.55912173854155
1.96396077991036
1.14247014052469
1.09953903615001
1.11221333672237
1.97365327457922
1.51214345752336
1.85526076054819
2.1992210802197
1.79573804333629
2.45584768770598
1.57767561431388
2.12061899398222
1.74533456143552
1.65001117248323
1.14622987014646
1.35209059074195
1.86427558290204
1.51215117864188
1.31043485756063
1.38148852640459
1.44121936652042
1.30400778102049
1.4218543657341
1.87096671741523
1.76070110725071
1.37137566474372
1.39041699129398
1.52363993747472
1.61489586544618
1.69856516506412
1.53058775500315
1.00170795175435
1.19192880087378
1.08496477325242
1.65018267697048
1.62740498100349
1.19033195976889
1.29709683717517
0.907767170093604
0.555352164373146
1.32652692944397
1.18606600253983
1.25106162396594
0.869426173483085
1.09591029499313
0.996328074142766
1.17722702899275
0.760902127661405
1.94808949932101
1.41301130721545
1.50404011891367
2.01593203527043
1.89027725718687
1.7611020912764
1.5130915703171
1.25947256111826
1.25704465913304
1.16891231833449
0.810353897960703
1.0763873562498
1.29348547095302
1.23488013707726
1.89826427977903
1.46220170612595
1.3554488804043
0.863970715517548
0.960170328505243
1.08110203705116
1.05988106201953
1.12724899006936
1.19019851067973
0.872509033520376
0.859175040272332
0.437717091345382
0.711342459493935
1.94862263293789
1.53936948290689
2.05202712025909
2.97273205631093
1.71484274661337
1.42012799922933
1.2189213348314
1.72601017682676
1.92528613509261
1.57333432022436
1.57940603892332
1.77169498236383
1.80215540005289
1.98781516208622
1.95054756564133
1.70989595729544
1.79676837753233
1.2975720064274
1.42880368909455
2.14543440054492
1.25436827765222
1.37355725129522
2.23878670045071
2.05180514139112
1.52249987323894
1.76206904865522
1.53122583579528
1.85753564148302
1.45735769418879
1.0288870165897
1.07943259866252
1.24513647029044
1.57528598598007
1.32802955845239
1.41806815501028
1.27828027212302
0.767100663883818
0.997707505701424
1.28169693775961
3.03718344693105
2.80250440614978
1.90025457652186
1.31550857312402
1.47695166099989
1.68308086211597
1.49174625975045
1.86105249065854
2.26938319567641
1.65959308453655
1.3071642925443
1.05459789416834
0.984997222449924
1.0251525886741
0.778021045999118
0.855638254231446
0.990270752598818
0.762066659938026
0.978703825696906
1.17353482769771
1.52672369445559
1.58028124080856
1.12339978736977
1.41607322581022
1.6271725059128
1.14802525988097
0.995017570693209
1.21592934033031
1.19340634550496
1.79471976744922
1.16357393201372
1.27463865041318
0.867167826886146
0.581663491067007
0.78848306029065
1.02581733854207
1.18133929905587
0.915793971946069
1.2919833671992
1.27620334245975
0.75578355433804
1.02892459012088
1.47319502301134
1.19040175536964
1.38577901851989
0.952185978061271
1.25836932428225
1.43504765647474
1.21619439044899
0.890063302267314
0.992463058694975
2.01506032701812
1.79110338846076
1.41698706798725
1.87172334504695
2.148485211115
2.87880420755195
2.44780888757515
2.05690158985316
2.21920694720398
2.02263887816315
1.80846031472179
1.10287481752903
1.49663522125633
1.39463504439224
1.25649652730535
0.827136010644364
0.869961182279401
0.930763560068995
0.854539656984071
1.16563052617165
1.0426766922459
1.1469260209155
0.938688292595201
0.826717542015227
0.926725628055335
1.02846295059783
1.15411674494671
1.63214860698085
1.48327552640441
1.68095751103956
2.13511303684729
1.81599558115311
1.59305583437759
2.05691128446162
2.47304178790282
1.97228705012586
1.64500083730631
1.38474166830818
1.44941913806474
1.76451656653167
2.74462403064013
2.61391605241178
2.52863537914727
3.15546668354037
2.55250324173823
2.22856941959986
2.12119723035238
1.77659761044931
2.4809568242094
2.36184005928375
3.29283572441883
2.19051213704262
1.18760029460699
2.02345424909187
2.09586212811075
1.93831756283432
2.20312535683314
2.19403014826814
1.92745505165074
1.7693312992892
1.71976063761823
2.35185162514151
1.38205944208798
0.931522402226699
0.797564985193095
1.0224427179134
0.737555833895615
1.04590494928319
1.20711143663928
1.4332243786557
0.988854195069018
1.17358432735321
1.43117268428568
1.17845081032852
1.38996223512538
1.55235263299109
1.51696134531177
1.06662270036043
1.38194755694923
1.95739654009971
2.39588720735199
2.02840995343084
1.62814291791628
1.827662510162
1.29335390467952
1.76996681684722
1.5768914933128
1.26701208676053
1.05146585670622
1.13323751297104
0.899222034247618
0.957925545301376
0.858173567994094
1.0196554971452
1.01770357209814
0.851147594431013
0.682808145920999
0.973815909846666
1.55415791489362
1.78151812011627
1.89812435627027
1.87103790080569
1.85648419078829
1.43937735198473
1.94196373583476
1.42164220370276
1.44862359076132
1.69209694077642
2.1697388513843
2.58972215509806
3.09837340880903
2.14944069648175
1.74142889701702
3.51419355924008
2.91118226539678
2.38643683153729
1.84876707942519
2.20458101679075
1.97762311000782
2.94710822278571
3.44347980240076
3.49290077054966
3.37737248691013
3.50209038691182
2.21422779138467
2.25682835794057
2.07581372809381
2.05334434443302
2.51552012649813
2.27774858536988
1.65090514167981
1.95719586538449
1.38755840484644
1.38710383835955
2.59859029890636
1.76955576293337
1.75385467661576
2.17696311899031
2.79091112402792
2.19070465055925
1.73739367684574
2.12916359126254
2.24172330966543
1.8289629132089
1.84765603941128
1.54608426330105
2.50596567785209
2.81942158564513
1.9530106616561
1.77889740121391
1.43679575652728
0.934989896912572
1.05705532029319
1.46559585451684
1.0738923707528
0.975306535138051
0.947763335911864
1.24217370099348
2.39578658302815
2.07450726415417
1.33218850706355
1.59466838435676
1.40913172092178
1.8792394530528
1.60074635158156
2.09716578389792
1.25316067788422
1.7155619494465
1.42474046965016
1.70877518581783
1.85653036506905
1.92184670454537
2.35502681746453
2.62038539700185
2.00366938242161
1.70759935339697
1.53017562595045
1.56355925932405
1.59603142621815
1.51432131347669
1.27233307580852
1.10186276537719
0.924416335839599
1.26702662914035
2.70364917089292
2.34738791350431
2.02127969643455
1.79652709706145
1.60265014693673
1.30839396262736
2.20884666210393
2.11413589157003
1.98751518644782
2.12708297160343
1.81859695535745
2.22008707776217
1.69295119369602
1.43352704968132
0.907282212406334
1.45351775699823
1.5245623245051
1.09671820968549
2.02388116669438
2.12263294633388
1.21833329643531
1.57084105305092
1.29647468363145
1.98377359587877
2.0889970595325
2.54632257255534
1.99033444592564
2.01432370382828
2.00105476511127
1.06973585904478
0.865211424290545
1.00418496152135
1.06286534594964
1.37402583327832
1.29428146232611
1.31974120973383
1.45020984238764
1.0361096207859
1.69934866997789
2.31807075239982
2.3879391623768
2.14984292916825
2.01033827864066
1.86457944170625
1.78802112411806
1.30379302039067
1.22043413266182
1.04361826308796
1.56296826763938
2.29916145410408
2.75545876530441
1.50268436958298
1.25403601151922
1.57391626374707
1.66534575060916
1.58300215820854
0.937504295128526
1.04189940191585
0.959468936075791
1.304800128721
1.11179427259107
1.46361646214288
2.066492339288
1.04566310107118
0.871643429421772
1.12806995460913
1.95000711537657
1.84240213807904
1.83818608633537
1.35059089239832
1.15238741532363
1.05103500392131
1.41346928547845
1.73583782201552
0.66121494909988
0.93262873578044
1.06357242071103
1.25813409522985
1.43478131200397
1.32740538179454
1.39954381440632
1.33594535965084
1.21091130940127
1.26310203023823
1.80193825112383
1.96650219735404
1.9015845909538
1.89477558578046
2.56689961295335
1.59184404143533
1.42210683960454
2.0672048627603
3.21899132444559
2.77859409202275
2.41112497141024
1.88885527746977
2.07132383993743
1.20572590418742
0.878714595406139
1.03637868226158
1.4205743263913
1.62594823027468
1.41997929253969
1.99057779024003
1.88765558322342
1.451756130788
1.87753652920532
1.06615359474127
0.926383501665017
1.19624336556719
0.821038710850384
1.0639585609001
1.25802129125556
1.64701540611342
1.73920354929797
2.44048590301268
1.67323379376074
1.34247014426263
1.80092636558248
1.93164711303872
2.39830917774874
2.17238077447333
2.22778816393998
1.65002755093867
1.39850568169719
1.28872302477622
1.44627467053281
1.58980687114319
1.15211301782041
1.23576911830691
1.99358465654493
1.98548550281762
1.78132869059862
1.32182352500503
0.830229772207404
0.807410421574021
1.13676304028744
1.44359516486292
1.79202393604809
1.11636997948483
1.4472317258187
2.28892724100923
1.39316127719726
1.26563993716458
1.64418406704331
1.69063893306896
1.52575561116104
1.70027068886223
1.03543161363691
1.13125047413728
1.03961906897841
1.03349433477654
1.20751198754961
1.03605339444131
1.9606186220395
1.65137041915656
1.95879262250082
1.62897494183677
1.25535327358946
1.44933182870078
1.75205645083077
1.98229142098743
2.09052738884369
1.79316262787994
1.77887790028399
2.07364134331063
2.20656943879354
2.09042362133943
1.2598463423973
0.985804345706002
0.787691314581482
0.963136930079878
0.894198691988482
1.94707563150132
1.52227724889822
1.53262845185043
1.63122630579168
1.52346414555293
1.13568121172242
0.89948540609919
1.68799035316474
1.46114899527288
1.35349794791455
1.51157526642737
1.33617327304919
1.25663774529282
1.47602243498894
1.02748095194496
1.18631554276839
2.01661860070926
1.09935962543348
1.53268653345702
1.76868592946277
1.15673104556084
1.14619036857128
1.03942583261195
1.04922383822129
1.36643257532814
1.57898652384922
1.11414462672136
1.42211340340383
1.22575828323643
1.05380583010473
1.61380818371594
1.54931810572466
1.81846856414132
2.76006346217714
2.29196397771196
1.55755912150985
1.75358622376995
1.28336793482147
1.86499145205521
1.3343853164516
1.43799352538973
1.23954935147524
0.959795029946857
1.46448723682922
1.41448965043024
1.31707069550073
1.64600539986141
1.95049637815162
2.4529513358665
2.27282866832076
1.40872045614129
2.24741655134383
1.97664747229631
2.77789241939445
1.80030513665656
1.57387084540896
0.890892634537285
1.32301000078328
1.36883069490693
1.26394290072276
1.23763987989734
1.78696540386906
2.57886561222839
2.32279738931291
2.21597379529404
2.28552222100058
1.93111425393094
1.59211552011138
1.44312810635543
0.748428051446765
1.29103390798114
1.84747612871248
1.74853099041657
1.94592881770785
1.22300607159137
1.02754192462396
1.0219413814995
1.04898120868792
0.755861352108579
0.995556141348953
0.894756925766087
1.02999897681175
1.04848353280154
1.47644667703926
1.26570687976996
1.40201158536532
1.44779628821562
1.61135690650525
1.3523891490151
1.07049293470697
0.932687039135075
1.38665074838987
1.81971709457044
1.66569237231791
0.816471811920742
0.577953722894159
1.19363612076749
1.17395507096094
1.00173336193153
0.97697906489048
1.53759693741265
1.73404386675058
2.08571939873341
1.89160300952948
0.888796222707699
0.785447431180144
0.68987687563344
0.89476317640161
0.847686087271011
0.699217480322461
0.92456940285237
1.13676951581398
1.12860819895028
0.983643491641279
1.09676359166198
1.43289591090811
2.25654215024709
1.76081645993766
2.25305302119737
2.21553369177748
2.22574131260746
2.35015973458659
2.13683628948943
1.81713708931955
1.26304044671103
1.22816738663397
1.48897723346377
1.29524747361624
1.43723403487246
1.33047818438631
1.04182698028408
0.963707149311181
1.16788301450906
1.51764530068912
1.44940091326348
2.05100477805699
2.31997631823601
1.62272200424745
1.87502094963862
2.01057072009054
1.53324015414525
1.27185240762979
1.39965011406482
1.19984271072782
0.943187222836489
1.04674913866444
0.794001687389336
1.28236577804375
1.75619227017797
2.33338691842129
3.01624487250346
1.5338316608614
1.95124602970304
2.08582359395541
1.78179175376525
2.89350419829523
2.16357365885282
1.56876743878115
1.2730156117768
1.90696837579261
1.60106691043968
1.49207322202443
1.33820340273796
1.53633559855638
1.7484212248509
1.58973273350854
1.32188550980301
1.32395069720753
1.56243179461449
1.53568051933359
1.26912845317577
1.17890065746983
0.917122776393998
1.6127209677954
1.86765122941604
1.77050457288928
2.76144096575924
2.63746249367107
2.40195956228983
1.8405919910608
1.85118494152333
2.0650090864577
1.29658109435468
1.27231967953623
1.48890362230387
1.38514952604895
1.72139843661007
1.22391608061871
1.46474957455123
1.44104702618193
1.34979380744846
1.50466938403982
1.17971284762629
1.54833853035603
1.5477807781914
1.52448194022967
1.51691749383908
1.02786020062769
1.53797906039988
1.51116562870092
1.40494958038743
1.31348538623903
1.73595575831953
2.63378694135826
2.82399033889278
1.49502785444791
0.878401907910408
1.4093587751382
1.61921130741534
1.51621064067282
1.58261174174135
1.44210006362667
1.06967015700076
0.847057506287738
0.97917081452059
1.18088229001919
1.37765059105284
1.45708753172768
1.12333636840341
1.17589955823013
1.13773056655703
1.0602405758442
1.25866813612512
1.74397095652664
1.51208937672692
1.51971642166534
2.12680954135441
1.54617182696703
1.69005823746426
2.28907911874775
2.00968788772581
1.24012221588324
1.31210253029253
1.14907402551733
1.1195507898045
1.30707341625451
1.65176383412658
1.00599587742776
1.26295001162676
1.08284460034612
1.47665093922492
1.73556107620724
2.66820383294508
1.82664699817655
2.2241150382101
1.86742664751625
1.82359815185879
1.62526275541451
1.30287006879006
1.52564782018593
1.50828543506397
1.71348025202934
1.78834448982322
1.56988750436845
1.23087970329567
1.29955340380171
1.0707704687587
0.762888473824988
1.20330167431147
1.30021855198271
0.979318587293689
1.08071127105939
1.20706161489762
1.312079819852
1.91796496701401
1.79230455063549
1.53295662007383
1.42950108089855
0.841741345503767
0.772966216991574
0.728640090338269
0.968880462769638
1.16760220153255
1.21090794523011
1.62791654140225
2.42073962861461
2.14015015265985
1.49186355762406
1.34606521738615
1.88378516188595
1.42011001890651
1.33381552978193
1.3997996695873
1.75454081775228
1.69160655480869
1.31017232715164
1.56266013766259
1.72569431030537
1.63099066511812
1.65302286042641
2.01555670216961
1.5513343194851
1.80262502940207
1.76705449640366
2.1690360162228
1.84834394193243
2.21395790554625
1.6949093560248
2.30624466141318
1.70327863942116
1.61186029074638
1.07918475767385
1.04518040317424
1.10128985419213
0.933829818859776
0.964088525263453
0.822698393609047
1.13725436694551
0.991628547352817
1.15161212153547
1.33982935640918
1.58016763405646
1.64941738344466
1.24460325382655
1.21128493897119
0.981803124081345
1.23785325565039
0.818811589573683
0.966489373196032
1.48254867311094
1.49138987221461
1.5995950847392
0.938377602086457
0.849493503119207
0.92144836617705
0.723977925446101
0.957922711129659
1.39192561429908
1.02196689010677
0.748384963455704
0.968703269398655
1.33894048276782
1.68756737322784
1.43809045980657
1.36224616358032
0.750150485284628
0.616242178126092
1.1417397431877
1.74515890438927
1.10357787265517
1.39529054528238
1.39307981256129
1.11996608814947
1.36465499410438
0.680284536000269
1.21998586603976
1.3458312384937
1.51573809094265
1.51485870307145
1.22276358152609
1.08675355477328
1.40223054387146
0.874175833539132
0.883814213311532
1.63350168880236
1.55995380390901
1.08779307628738
0.596915226418474
0.43804890928735
0.793598257514029
0.935293000012136
1.12126610747101
1.05261299305786
2.60673141271527
2.06094109761905
1.83563135452859
1.99184383069378
1.75468018326067
1.67873824483323
1.48003595369265
1.4742461499465
1.07944284982903
1.47017991702473
1.10481502642504
1.04526463446913
0.954910033943966
1.09900494638946
1.2806136314913
1.47502435735445
1.28216601703626
0.778731052609623
0.774637521515081
1.08428935478152
1.41861852729529
1.29834427900058
1.38120331937788
1.42570833582811
1.10707807224782
0.916078791916113
1.25107410192328
1.32301722246449
1.60161228233465
1.52962388267221
1.72641308124149
1.35424397362779
1.57686493583214
2.19979541492877
1.28760161424369
1.5199469374301
2.57132433888006
1.86354347953638
1.76028614723327
1.32507942077649
1.87552377035364
1.5045107374989
2.72933683712267
1.6285832767716
1.07741011640793
1.3303665895823
1.71434421756359
1.85424439313801
1.63524780816159
1.70685273963284
1.82975368226923
2.06762663253008
1.88595138923304
1.56925001141857
1.84301856640208
2.02586361101376
2.56044836279205
2.35684345946262
1.64975542591271
1.90969194479672
1.73656960305345
1.51073866199133
1.34447417306722
0.910717172097813
1.52490104979681
1.72666375124469
2.06239356650142
1.73145565301328
1.6780491931683
1.49908910425735
1.06418696585503
0.987743791960693
1.86456648624852
1.63895222331502
1.2383225417284
1.82005187057819
1.34230548118397
1.367076010041
1.31177675663981
1.98306487550202
2.19234483522751
2.36015744783231
1.1755668470892
1.44303733972968
1.45186515567107
1.45652727008882
1.68742330674055
1.3812825186956
1.56065909680165
1.65175207685291
1.54826187684442
2.00153597775573
1.67704399626804
2.36283947285741
2.34334610107802
1.80245338335253
1.66838293648248
0.940282975848436
1.23773145018889
1.36570000366726
1.47515354374228
1.70762013893249
2.6839402427988
2.0771354132458
1.89747719873432
2.52079076837364
2.07888202219015
2.21479048666071
2.09129950675032
1.45511430239613
1.24802597148684
2.14939869161095
2.71738150349889
2.06658949555124
3.08455259115801
2.21487161179734
1.80905895979309
1.41716609599789
1.36588408275764
1.36751497781624
1.11363375308007
1.53460675797119
1.65366767448524
1.29132516375944
1.46366016220889
1.47404319374606
1.7368705443721
1.39806138290779
0.976880022780155
1.18575401588335
2.04409756613543
2.27303478196738
2.26600112950416
1.19449837396244
1.13119914312724
1.58346608958173
2.32867315802349
1.42473504646785
1.54156941054018
1.1685282834639
1.20593789750799
1.02201705922857
0.949004664939753
0.804256990508218
0.997977088475615
0.953309033356766
1.79634281449702
1.67953780261929
1.89699927840403
1.68698319812079
2.0109813273071
1.27729721031957
0.900396202838591
1.11959473153389
1.23906867564755
2.23298165365415
1.23109751518307
1.00732896625836
1.48507693206982
1.64324988216796
1.30498038196465
1.50799884388425
1.4515608117213
1.33028635975125
1.7607302693838
1.74436139292627
1.68986543157284
1.45083822057078
1.70547005145487
1.54036411662084
1.24296118412648
1.32819659898991
1.5410175034203
1.54094501705564
1.60344939632332
1.74743159308544
1.8234548325697
2.71709643542246
1.98191074832847
1.40529499038182
2.27989302008087
1.72169817924661
1.10976378104749
1.19819289842551
1.39233576055537
1.84521793345078
1.83595354414846
1.8350091098517
1.481586669211
1.78620004402812
1.18104219358502
1.20737307018398
1.36862445558437
1.44111366513732
1.30676311576564
1.16819422550269
1.49520349990644
1.41716924756428
1.23132853900632
1.47412258280095
1.64743122859448
1.5782734666452
1.93298432194483
1.52940808964098
1.4987740298796
1.77925456406636
2.90530039680785
2.44809196874386
2.59765302481751
2.12661431145016
2.82548767109006
2.10809671560573
2.4886431339716
1.87938983572358
1.98601310977415
1.56624700881718
2.33027220916349
2.27850296740409
1.57445329174368
1.52262684116312
1.86094401546651
1.94846700910243
1.69244922609131
1.46522963392643
1.47044349206496
1.56547398760449
1.93216500303774
1.85136243875504
1.6561215201491
1.04394788428168
1.30676069138026
1.11221534306387
0.558044095618425
0.656274986906105
1.31666263795372
1.22397891299429
2.05999004226172
2.25693578806766
2.00476105409382
1.85443079616421
1.62339635943618
1.71492904346377
1.47345476732139
2.11545764248371
1.94148803992612
1.88799917505627
1.81268109835377
1.54761933319592
1.35946693699366
1.89094831422253
1.48521941532594
1.62401470392105
1.4626262896645
1.9190694762946
1.65810429255876
1.60268638852311
1.68975324305645
1.11278616037619
1.59206988516165
1.48030194118518
2.15998555262264
1.64229901039211
1.48345935350833
1.95411445463054
2.06438925331398
1.42308478744209
1.63963655370989
1.58717675021263
1.34826954415053
1.43139336088198
1.37048886161271
1.26944249905766
1.32646423729827
2.27015924207607
1.79966093519868
2.58153098771113
2.01747032294531
2.37175201344973
2.20842922082137
1.77259367529246
1.84029254492963
2.25722427611035
1.92702830068877
1.62460410307017
1.40329347831356
2.34083675239067
1.6584950735023
1.5270210470871
2.0958574025473
1.60455705838813
1.87598192726152
2.00056819749864
1.20362522214061
1.21321796334917
2.13326222612639
2.30690417146904
1.52991147270973
1.45092104439209
1.1363107216868
1.32767112700293
1.41737167000561
1.25845513230116
1.05350064133842
1.59549150665765
1.73889365805274
1.80275029695383
1.7736144668858
1.30880708979265
1.42342904499678
2.17552944063107
1.08696295354316
1.34652976481004
1.84418113230873
1.80198778159305
1.10096500054593
1.49544136817765
1.47998682307457
1.24743159346055
1.35151387059655
1.04017755172305
1.30246133937557
1.2099778971011
1.43871910026741
1.76133447532823
1.7370910485139
1.29841018877406
1.21942063800346
1.04519913020206
1.06897605234018
1.47586067735093
1.70533426372309
1.907033386102
1.70696986604235
1.85545578372753
2.177946705025
1.74977293275889
2.49876680844642
1.13056755662941
0.869825044285676
1.06944459497991
1.4495497764577
1.28942093548935
2.1636777497138
2.15741383161908
1.25620221992124
1.75432302497609
1.56580935572405
1.04006103988125
1.22096390255586
2.05986445261368
2.03797431560385
2.0363486044024
2.49064992786393
1.65325391252652
1.73783527228671
1.32173569843206
1.82216365741049
1.200397802965
0.775144568985161
1.63188744040651
1.64480545116922
0.995984569309694
1.07884308814921
1.50301071888923
1.29829355167701
1.11614450978623
0.969055176541772
1.15840949543603
1.68013087168418
1.37712484129747
1.43154911027183
1.18329165374467
0.970169607306996
1.31175233759059
1.44819140275941
1.82590773754695
1.32426410599025
1.09847788208498
1.29328755509484
0.771371018553591
1.07220313305237
1.47778516047479
1.83110240237547
1.64141566971206
2.02822772344988
1.57440109838676
1.48047800842313
1.72814263389032
1.5817517116474
1.48824205470101
1.88738663032254
1.4919762585561
1.6754088341097
1.48705073515519
1.52283412231712
1.45996815432409
1.27500624209533
1.44455342743735
0.764876510593331
0.969146975869016
1.15065264100483
1.55505393952576
2.33351912478225
1.71014832801187
1.8074167449483
2.08012141814906
1.78289691749175
1.22934423729854
1.15719119658944
0.896595901093933
1.00947146174171
1.53340187692393
1.10772200588831
0.827897324934689
1.09206497277078
1.4305540167092
1.9250135483341
1.80664854398937
1.06554419912831
1.80251972240232
1.87799841721279
2.49018488863782
1.50293504365448
1.7109610265094
1.73225889529404
1.53822144764166
1.22589795469599
1.81056890549843
1.72695207667117
1.38798191252937
1.20145023062032
1.23546688377319
1.43030203960999
1.68737227197681
1.50374542781756
1.71558537204294
1.71454599372739
1.65694728254083
1.6043467291948
1.37012447371918
1.35075245212886
1.82923380560917
1.32996860461396
1.52624171419672
2.13252272343209
1.99369651053906
1.54046191967958
1.67961911886226
1.28102771654873
1.30281199708497
1.4816078077317
1.31305058616784
1.41678980062948
1.72302165756744
2.06053708673811
1.37084356846683
1.19299095705854
1.42451189027033
1.5956561174052
2.05801388781846
2.77004743463954
2.36872563940916
1.86601979430062
1.69713808469466
1.39050312233655
1.09463614268152
1.04673027768602
0.686705405086281
1.13369086656764
2.04210709781988
2.20442955308823
2.60955851628661
2.30673430380443
1.79978259230856
1.30350237306936
1.86243506397198
1.80865301873869
1.15281036011811
1.13416613477857
1.37475527848067
1.50093098537037
1.75340972194226
1.75811272053073
1.17339103073078
1.7325294136456
1.39377413773781
1.31363766597533
1.42536828252631
1.32537456826286
1.02504474045639
0.813472871176683
1.15208940356317
1.18087962573114
1.08460085470763
1.32466480994498
2.05378576553934
1.24953946030517
1.78840007398472
2.13708112632468
1.32390992629187
1.13821406141923
1.17994914428802
1.44370417539762
1.27745160020605
1.28674774766769
1.15697477503208
1.38533922210932
1.16524228883824
1.37692482005382
2.31949354604158
2.92202341898388
1.29863771813252
2.06066625423482
2.05887347645042
2.54511673917202
2.09810427163626
1.92776330334911
2.66426965093835
1.64980065758623
1.45923119973218
1.65136779745454
1.31636881602791
1.28454944636473
1.43499993531036
1.57741766221979
1.75324513506399
1.26323665050075
1.46178516455379
1.50718636175165
1.72183463840846
1.38868172291774
1.10248158218115
0.942987909896731
1.12810833759372
1.54843894311484
1.87764373711506
2.31404450292465
2.17132099885017
1.57000787504726
1.33233483135879
1.12558130245038
1.30201024266987
1.51159286654428
1.94337521955766
2.33240995168909
2.30820630076254
2.40766878161821
3.0695312390563
2.71163868122561
2.9344913361944
1.78018210988554
1.71185536177679
1.43301449729254
1.39584570253314
1.79412908279485
2.00016309209778
1.98893600548062
1.55689314110639
1.7856943221585
1.84526638599569
1.92390685458776
2.06345442055633
2.12283096608983
2.14074729686586
1.39000683688721
1.58053985050846
1.72736205892447
1.67618579016511
1.60129597352597
1.44667537928898
2.77652859300634
2.37242873510539
1.84675994908912
1.81261008233407
1.62353449926062
1.12062019369254
1.22977697542104
1.99474974677394
3.075302414426
2.89544658323998
2.27350770724164
2.01214704993805
2.20810446711807
1.69129679471542
2.06989581608148
2.01675372621034
2.17409853153642
1.6254550961769
1.46199121768837
1.81555160793644
1.0712421066365
1.30907858159622
1.40895122710045
1.18463874530947
1.14528699602039
1.34348174690112
1.84926696227005
1.8425558743187
2.10584698134448
1.3081736258076
2.36792783739929
2.13257399521457
1.63916104873206
2.41096504934101
2.69467795785809
2.67680576863692
2.03771407603611
2.06913848797327
1.05854000212393
1.65136383959731
1.57568783968252
1.54410669962051
2.28890187730619
2.46315856314665
2.19614419859434
1.913946331833
1.98422526348439
2.243500438989
2.01567474783898
1.83275179849095
1.58387043578669
1.42302607377083
1.2942760737413
1.24788670551309
1.65909450368194
2.12243587533689
2.44245605430091
2.15870287419555
2.14927886737344
2.33039382899482
2.31056909387806
3.20001957524872
1.81742794691805
2.27683033253211
1.75252005105672
1.36494466996101
1.27398178417739
1.10972251665747
1.65338211746429
1.50686785122937
1.4952489923314
2.34042814113312
1.43072739118342
1.3580103228148
2.11830612978697
2.46599618091506
2.3131413079649
2.82533127599179
1.90354961504358
1.73377818266084
1.46067858843679
1.95476034344714
1.31389304796083
1.50006745329609
1.07029777461318
1.10618261458055
0.954609579302331
0.865567849102691
1.07668894001613
0.842228613417786
1.13643960948809
0.999081617101678
1.01816097080976
1.15997226603984
2.02072091129674
2.02341651393155
1.70362833500383
0.900243983995187
1.19330030376564
1.08478910659487
1.5177216145094
0.850116543419114
1.0988278433678
1.3467222139209
1.44706348884087
1.03265441744825
1.54246816368912
1.24564619026441
1.33709073096059
1.27353012131132
0.950387893517065
1.21060033325268
1.58816509590418
1.50830844563032
1.19120710155676
1.62413415611375
1.22675364279565
1.56421783485091
1.36783496711553
1.79761841291192
1.58389219789386
1.87704219913662
2.23579109074686
1.37526624001428
1.33989860703512
