"V1"
0.245390508274947
0.249784549003776
0.252441683278453
0.254399474360795
0.276647486572596
0.272846934534068
0.259558106464891
0.246318494451433
0.239395826955737
0.249314423732564
0.259109247182969
0.240557819172795
0.234066367208065
0.221103746898143
0.219402493648315
0.243174199595178
0.268311478199354
0.262596253622837
0.29790516745937
0.317354469434595
0.300051370592687
0.285321517440908
0.292302730792218
0.304123608341454
0.314970876993446
0.341836010716443
0.355170247883028
0.358757929760688
0.345396565936158
0.358518888963406
0.328193331315839
0.316445884688592
0.269918784974889
0.273489705452904
0.275708614737123
0.27684290239085
0.267676429568118
0.277714359941301
0.248642658600809
0.224077356355032
0.21286299839073
0.22238536528048
0.239314860700748
0.225611587714041
0.233293161623377
0.220578428738763
0.236418669664026
0.215318907524165
0.226994171460614
0.225684556282472
0.235352861264525
0.244327441644751
0.235551755534955
0.214360927184969
0.21229404063433
0.198684693671341
0.195166556287702
0.169592338185311
0.17635461496195
0.183326490257739
0.192151951858728
0.204171643331019
0.202694747955376
0.200243024884575
0.193408388261923
0.171757692726514
0.191469510902145
0.203144371299263
0.217272090110569
0.202755702304991
0.229166914049221
0.250047442498657
0.243093832901451
0.226515850023833
0.237961509533591
0.232985760152141
0.257974238030197
0.254019644162183
0.262234992623329
0.261633716175872
0.255875128853419
0.249595708765876
0.252111202265277
0.246130180021712
0.245483634333093
0.236681841539436
0.230687589109154
0.222304185733994
0.22066385288351
0.240685224047951
0.237455729322241
0.213354103062092
0.206610812403082
0.199482616968871
0.189917600052604
0.214475812612951
0.205312391433946
0.203236643208476
0.209643375757129
0.217298776303186
0.207917704583715
0.222468383101052
0.222959576299015
0.215292825500445
0.24524935424255
0.21952458792011
0.221737923845004
0.224533685255833
0.230043836631842
0.219555144394925
0.211467655179248
0.239693478147942
0.231963467599827
0.250259121693191
0.240865125263755
0.262596693334793
0.229189803966985
0.250260108142893
0.27480213688749
0.272833811916003
0.289403851965142
0.316036265890118
0.319500572512409
0.311394400548408
0.299948455921109
0.276836250959017
0.223704551366958
0.238079667780319
0.219587986260393
0.235460774681688
0.23629585536685
0.218829332574463
0.235644002651689
0.209215015865214
0.228763989089686
0.223326069795525
0.235755401206927
0.232483041447921
0.207713993754459
0.205234960719975
0.204317886010544
0.210390619747742
0.204728377300174
0.223447878562104
0.238512953182608
0.239493431935935
0.24370920521596
0.254030281377501
0.249982967798593
0.275834563117616
0.271862604060705
0.297376559013803
0.345304649218588
0.360264585970569
0.367340938856207
0.328883036876595
0.353695336164342
0.348381888548558
0.371771019039867
0.364109911970299
0.31983082919051
0.282547887913597
0.277697311718225
0.254772340347191
0.257457959362462
0.218762213459605
0.220249850976146
0.228271916850413
0.231930152619603
0.25014584942288
0.263792381558442
0.260402481875784
0.282202711255222
0.278932705841362
0.291991828927967
0.288313684512311
0.294607572462495
0.302236741799736
0.307758797350746
0.296474586174114
0.28950041776548
0.278187740284214
0.277826053957042
0.264285145715972
0.280506038612363
0.265842917456475
0.278457105304384
0.286094307750707
0.31266243332655
0.267707552531744
0.236632582410443
0.258859816573253
0.241135629724808
0.239397496099028
0.230933711924296
0.244562673822314
0.235485937613606
0.230140541723296
0.245568781496257
0.24197258126527
0.223206387338096
0.211175209664043
0.209860975880203
0.20769659045459
0.203317507201348
0.207184143821946
0.208628626483339
0.227083507633502
0.222761450200002
0.24581712338473
0.242120421286346
0.259203632708201
0.275193329872615
0.257688524843535
0.271340255137118
0.326659521101747
0.317443760438005
0.328025076909064
0.322673107064676
0.322817479804699
0.332527313933173
0.32869650032527
0.352026090081573
0.354619423393577
0.340954957724222
0.334824126443279
0.336757706044718
0.332973847858441
0.319677918583003
0.326421459419362
0.356862118769081
0.339931768278681
0.388108373744361
0.413762506252136
0.391200604228035
0.363653839981556
0.349546936546631
0.346031052750444
0.334192503770912
0.304347591099337
0.306286750455545
0.333455702432816
0.305389253192051
0.307579416227823
0.303422273030887
0.349410878079098
0.339600185227605
0.344972566916603
0.327667473058249
0.330899507040059
0.358213074277619
0.350122646573484
0.380299055359467
0.36306762477272
0.322959079097928
0.292024476025786
0.308241979336802
0.304130215627353
0.335828627302919
0.346378890327646
0.341169757067388
0.378802978911615
0.359599616437178
0.370922984119892
0.347166012205306
0.312728207640038
0.345253351155945
0.337862592627043
0.322003239877247
0.281824294937188
0.273726088324462
0.290947088722737
0.311327754811741
0.280959955814823
0.307378004535255
0.328098732542962
0.305063032027406
0.305955293600322
0.293671404716869
0.289512033261077
0.286490361911042
0.26211801139953
0.263032254506408
0.252266779616302
0.241748312853339
0.214120238582895
0.224835332541248
0.204737314530686
0.180706669176569
0.150656957295125
0.150176204614617
0.158403857819374
0.171482027531297
0.168813071812004
0.168525156559874
0.213938880574646
0.228359443111309
0.211719465819708
0.19293184163351
0.195169137225973
0.20348129910544
0.225040133316517
0.214276723931821
0.205220182874385
0.235068351681516
0.238724570928848
0.270325677008209
0.267790800704119
0.291290808750884
0.286894086630187
0.285510802601008
0.268425497997768
0.283122438639934
0.309776468181883
0.336163108321322
0.300175306038178
0.306520930690432
0.274925502161423
0.292100997114425
0.260320918635644
0.26914851038712
0.247408418275424
0.233862997851563
0.232521025182103
0.223757307057328
0.237157191864547
0.214710012876693
0.244178243731583
0.237748622299279
0.267318938874587
0.252760080404543
0.273136287159976
0.270758388709522
0.240297455374322
0.236378890175325
0.235580008621421
0.271166709900831
0.302040681954444
0.274533881418798
0.256750029766799
0.257801627800399
0.269729794586636
0.296661747040246
0.273058985146959
0.264131565718679
0.295578562807092
0.323035392309749
0.324702807335438
0.345201116631981
0.33285743542623
0.32002940734134
0.298493048424989
0.30299380852322
0.274572982815957
0.293415168913227
0.260069913120566
0.257137120438013
0.261152696444883
0.239559493760435
0.252944334222702
0.258581705241079
0.242207687749324
0.246622294103972
0.232388154364716
0.230947187795707
0.238680544051327
0.22670554778619
0.235905908421661
0.231965325404833
0.228734594614245
0.235289515164003
0.244460201262074
0.21494505136593
0.205491720491783
0.21220712117761
0.223058870154446
0.224025037023986
0.223296709111983
0.219233165800263
0.241501544822505
0.235221661151231
0.263533440533458
0.265880856576519
0.24662656489964
0.244785404303518
0.256073085109129
0.257696924180052
0.280243188366053
0.279340381124443
0.286844745962455
0.308843418705445
0.322974402456851
0.32033216669394
0.339791204672598
0.321355506413212
0.284703031577508
0.259700579167558
0.233934113917869
0.238431551011083
0.219058576847837
0.239278458471442
0.271826117308753
0.236372817405565
0.23551862921389
0.261657264833741
0.268584972839225
0.267145767490476
0.275505962741881
0.269789620803092
0.290731497779643
0.290626705592509
0.311888869090613
0.318793571490444
0.308148351441036
0.31591418187439
0.312491032821479
0.300831808855629
0.315922339998258
0.330244172487529
0.35766741248853
0.343232060643484
0.346025012197797
0.321599570314707
0.267757989932292
0.254131712384902
0.256237178868246
0.23788993233003
0.267446468555276
0.267119425221648
0.237437536047155
0.245677314043686
0.219621816507814
0.22768079084667
0.21793713052529
0.220986685389989
0.222217894882001
0.212299023151618
0.209801457844584
0.185428023277025
0.20610458342299
0.249189800488395
0.25842678853439
0.261171503380321
0.2668166659845
0.244135754184416
0.250844369591898
0.265890158045119
0.238222875980837
0.230954829375051
0.25344535036023
0.254540309996398
0.247380176801413
0.258229527120592
0.23644813404369
0.241505330395368
0.260457355336213
0.275683000470912
0.273658750337491
0.279291644383679
0.27587034957624
0.275949470981594
0.239281436562059
0.247755292399963
0.244272966674152
0.231518025459131
0.235692409763509
0.24275326351722
0.236938294715465
0.247082505925593
0.26028434931318
0.234068383720155
0.21449318674409
0.184337990788526
0.196521416297683
0.216097896499815
0.195212497609089
0.185423237242017
0.189061189093759
0.186136325618916
0.167152789817466
0.193458253371689
0.173701159010903
0.172889863723732
0.177301882452303
0.209987389281806
0.208697545435866
0.206155932783152
0.212825952962059
0.217270144468852
0.20134235483873
0.182945577126699
0.186485934897289
0.17720207811709
0.167288810685869
0.155237628387175
0.164042309655144
0.173365750393897
0.190514212836472
0.182124586633332
0.185666744823925
0.163472741544076
0.150147305433036
0.145759760271893
0.153013803323664
0.156394981034564
0.153439969070573
0.163541618193577
0.161279658520604
0.151470168183798
0.165855637810478
0.178050910522919
0.176491697675891
0.184536463014972
0.189073696390052
0.214378075546843
0.21822538109481
0.222158261130849
0.21942283353642
0.200143170440412
0.195186859602747
0.185544189693733
0.183859488233103
0.205006874807794
0.18904366843055
0.187309589085733
0.183015452041526
0.180316547781418
0.208210574941296
0.203441017114933
0.187010073689718
0.207050922239562
0.226145403880359
0.216487710364338
0.233603818750442
0.203770656185485
0.219375053064674
0.226235292452643
0.208079807158699
0.214966296122074
0.223231785179673
0.206823534227396
0.211741085251402
0.20603628965305
0.191447785922019
0.183680877764957
0.209808058632187
0.195883144315207
0.178196537565332
0.183556338496815
0.198500502419457
0.205404585364326
0.236067830309503
0.238995459813744
0.239426328157533
0.227280185245136
0.244867975497621
0.263528341338474
0.265192512257441
0.23804928351262
0.231313481386017
0.247451451954654
0.222155615150927
0.227107507818556
0.225028123177076
0.229424840312418
0.220694795588453
0.212542856277279
0.231182817513119
0.212927545611482
0.196964637578705
0.225870131744414
0.226457007161008
0.231987082045075
0.223340202067817
0.220929081780862
0.229986969207408
0.230456753644989
0.217872385328781
0.193056645988418
0.196161280104164
0.213489008445866
0.230597314860586
0.211519813561557
0.194389126222217
0.18043518648923
0.186514835374979
0.166675305383111
0.175327548164167
0.215728427715889
0.205432925240751
0.193171722996017
0.210749873002054
0.192687289950202
0.21226498216091
0.217132775490913
0.215590141029314
0.204286370028535
0.193499042709967
0.181141666950712
0.19676742338035
0.185191494994567
0.188090747206255
0.179395596322378
0.188783963629726
0.225330020608797
0.240739769279396
0.244982514972416
0.261575541823155
0.245050857035199
0.252385972326055
0.266154710318827
0.301255519186595
0.271811940567078
0.296487360259585
0.299901094729534
0.279404428893855
0.302783922529397
0.286149084602355
0.279919718112582
0.306733240347178
0.303540051523936
0.284720126380477
0.310793588664495
0.334433480882326
0.318102331197306
0.304394460824501
0.342503780230621
0.286111558768991
0.279547018580478
0.295341809800367
0.303857387512018
0.300150569148189
0.294228578789882
0.29169465083968
0.268269957231302
0.253494593521177
0.283061304720792
0.303227920508656
0.291785819647014
0.288850215645492
0.236501411236079
0.220026638232192
0.207947186201182
0.207302852290752
0.202372744556079
0.213416578871558
0.20359885800478
0.18729580630992
0.178287871826072
0.179475876708319
0.182905499319075
0.167628774572772
0.181180070438307
0.179239006404728
0.166074206831754
0.164735113973601
0.182186507866839
0.18345179513356
0.18621939161135
0.188635116023228
0.194326613069401
0.163185101859615
0.16443375010904
0.153195829138445
0.15476055232737
0.144351564795115
0.149999159064823
0.146444029052805
0.156721786442115
0.161096803955234
0.153369958724906
0.148304658095192
0.131163880737222
0.133692635004626
0.137323227601842
0.130859246416657
0.152011555368703
0.145069986696289
0.145169657291739
0.155970881460005
0.175376747091266
0.171331608876348
0.168097544947586
0.150174801565972
0.151676938844654
0.132559054286623
0.149813457492373
0.162596973644117
0.148167466758541
0.155314788888086
0.147584545444278
0.148995775555432
0.144934286500437
0.148500170573592
0.170072343644514
0.161115894884335
0.182920930428719
0.200919957400176
0.18921319212509
0.191060669846291
0.212060199544697
0.196913394566393
0.208119398674746
0.212675179003246
0.210580115287309
0.224040884456884
0.218534966672271
0.206887695097404
0.196382060544149
0.185775131155687
0.216815416455789
0.213973857478115
0.234188005684369
0.268211822971989
0.266514826779201
0.25659880302899
0.246821631803828
0.22843700661794
0.228488504590668
0.271077747478218
0.26444382278292
0.241263763518768
0.224076301925308
0.242906028806031
0.247459385939304
0.239638190507813
0.233716354041823
0.235789267821028
0.234760158250064
0.227299941276712
0.216375767934526
0.238854137312601
0.218420091416876
0.21358234603607
0.224995002753305
0.198943217889092
0.188996891365281
0.194757669829748
0.184681623607631
0.170561178969517
0.178941188938999
0.186677077863834
0.19024846605377
0.18962965266511
0.178241401253966
0.189182335298029
0.194509555538266
0.20679526492878
0.200845781420725
0.181899157121717
0.178293209225612
0.186802882871646
0.193866100692285
0.208213819911244
0.215534429601417
0.184514397615281
0.192271061865042
0.194009926014893
0.205893343396963
0.216084576219271
0.235981749781045
0.199314955040667
0.194337636984857
0.200408369544443
0.22707258765782
0.206628172759738
0.197235886360635
0.197978105431085
0.210642725714642
0.237117406204092
0.228255866328419
0.221779513506395
0.200112163819411
0.203485387057181
0.223950672929861
0.222055722778862
0.201513895024149
0.211960161603406
0.221935591773515
0.205742984627284
0.202709824816292
0.210733536402957
0.212930124161479
0.218833215269438
0.229320097879942
0.223436936168556
0.237822341950468
0.266656030206209
0.25281220558043
0.249911278534421
0.252963869471792
0.251148424147956
0.260194100638744
0.268245278761239
0.268437919303075
0.240750925628898
0.230886339555089
0.238017846292588
0.234581679701817
0.227761293930714
0.230921670481321
0.199432191166512
0.20538634145005
0.189007329039611
0.182484272409324
0.213637559844429
0.235730709603114
0.223621373988452
0.241722206815423
0.222635188891452
0.238618923562067
0.244440936226586
0.24761345012639
0.24505433873593
0.241380150378781
0.246447729100354
0.219389643359559
0.20945594990528
0.200796918750618
0.208367606665821
0.195756490417924
0.179893806297284
0.183745306318845
0.175593298903109
0.192882676885745
0.199083568405255
0.181454956862904
0.173057012076194
0.151391978112282
0.180455088416398
0.199372982110802
0.208280045885554
0.189256017116095
0.180505629016498
0.187663190280251
0.193641658804179
0.192712307839346
0.198462417750786
0.226304302910135
0.231809732604734
0.194409703478322
0.196250948816961
0.203054445671599
0.209169259417899
0.212321383259
0.223660953916242
0.204279919063762
0.190429797724079
0.172273075928447
0.177402853729252
0.171635686327468
0.181304675578888
0.184693698695911
0.181211305836076
0.189305690646795
0.198234967509017
0.199625929676318
0.216522484477892
0.191888730195776
0.183490568388129
0.176304586823992
0.18422745946163
0.178520393014123
0.189028059065938
0.174262937027977
0.179406388361522
0.204062361344966
0.206007788900773
0.192255408090913
0.203121493360095
0.220456513837232
0.233576048122644
0.269411753124108
0.273394369630027
0.288907809433873
0.26839413809139
0.259682471361021
0.282104504795886
0.285113555676849
0.291233945430799
0.281388713971235
0.297612108000965
0.289425035087016
0.263263822540748
0.270277557080206
0.246676653735294
0.289527974758447
0.269272314112062
0.259655615518703
0.253298840944342
0.248115100565867
0.248786057901028
0.215065777341463
0.209155404131564
0.21900329982205
0.206950034439963
0.182753251114169
0.203629749215507
0.219055617936353
0.22583923851124
0.228002251101752
0.22097631645531
0.215966107221409
0.219270854034688
0.194304159537029
0.201379572325069
0.175117551934346
0.172755765480488
0.193310396645572
0.185819408468066
0.191421297726628
0.195800056997988
0.188822529568813
0.190491720379305
0.178220992172838
0.173468018312472
0.182092584877089
0.169580291042798
0.173107070201196
0.194373822998557
0.180399298503174
0.177034216178022
0.16414712356869
0.162915520451718
0.165874405110619
0.160162636775865
0.160583523082884
0.155352179317259
0.152673235615114
0.157207860082883
0.163370251042692
0.166619732622595
0.174653866017428
0.175076858048768
0.174883863844064
0.161504144789585
0.160294198840163
0.171837700488571
0.146394001281765
0.151691295266215
0.15761969652162
0.151797513598511
0.155021985351886
0.165428446001478
0.196198691680861
0.202256967301639
0.188476503028334
0.1989329258479
0.203384802787751
0.212581888756928
0.210358970743966
0.192875307107698
0.164621629681595
0.165898752936339
0.172692432592992
0.170389414839613
0.166424906303611
0.157089487923809
0.153605411433279
0.152156219793149
0.139199218816985
0.13528189581044
0.144368703221165
0.152118070319244
0.156268450756222
0.171146455251408
0.173686984376673
0.182310616305897
0.175258365209384
0.183785382298014
0.174040903591705
0.186207260191642
0.179834921742022
0.192701011614432
0.220047723113815
0.243438042005476
0.252752549917554
0.252843716836354
0.233829486210711
0.27163174563751
0.257037003199726
0.24929492670085
0.253343091623865
0.255183086889252
0.243200119908233
0.243373285242337
0.245310088326624
0.256556982430578
0.274077991621058
0.270736291455715
0.256787145263555
0.254165498427981
0.239102521178142
0.23801221680595
0.248758647448551
0.244268720940463
0.228545682934596
0.217025685119085
0.234499870901522
0.214753248170919
0.209657573755231
0.212654301326297
0.215909169211497
0.218393603336994
0.228217343798214
0.26159796296719
0.276369381425259
0.273792549936151
0.274410039906512
0.277213552050825
0.286298731470467
0.283517674710335
0.261631911628365
0.276532532551452
0.275792141694449
0.294083360446078
0.345792222118815
0.335130390671264
0.280957128034087
0.270400566171001
0.261440901615977
0.203905604381118
0.191446918558076
0.19156442231114
0.190846553389309
0.173223926037745
0.184396640938181
0.203579167454658
0.209858504755571
0.217637434993819
0.199833299946592
0.173610034189828
0.171815039389637
0.173126538772726
0.189282618384088
0.173543657996429
0.194746575401416
0.176365916018424
0.196419187575461
0.197508828510848
0.182492606782289
0.178498387488168
0.185523965694844
0.191249302390124
0.205148224585698
0.21508927466146
0.219797029422501
0.225971548671411
0.216636218210226
0.211162109372816
0.184184605092197
0.167533581780745
0.170988107238093
0.176065103156204
0.187703639441549
0.197268751745064
0.189574935422607
0.191161342337796
0.19790554146157
0.192810326088518
0.193397581592287
0.175292610098276
0.19094851982286
0.200716380650703
0.225402579248005
0.201640986296676
0.23976325245583
0.238549635609529
0.235526608776144
0.237013680556118
0.227507719997881
0.233710461394007
0.220148394092518
0.217762928236519
0.219632106363686
0.224492843306253
0.241257707132545
0.236754588362653
0.233075875769727
0.216474211036941
0.222371164684285
0.256393188031264
0.249229319835433
0.251233375018438
0.237209486327046
0.220691420348207
0.198342607622666
0.213921260911939
0.228119129393225
0.2198523559309
0.22827777424936
0.210529155660613
0.206452873981183
0.196931824418077
0.171960504030464
0.177007569046523
0.165634016185855
0.170137966973878
0.183707750022015
0.183592203582246
0.186841851467029
0.186711981581166
0.195198866101197
0.174128025132302
0.187256905950364
0.193526837073464
0.201004299208112
0.198988076173854
0.194511933176907
0.202221654569252
0.199798564144281
0.206999525595237
0.19099650887191
0.221807066630063
0.233480099720726
0.231770194361744
0.19291015405681
0.199445443292762
0.202294655089433
0.215315054895251
0.209764690646865
0.203825244440157
0.197638797025775
0.187458935129698
0.187934759158866
0.175188532474953
0.174100264578227
0.194665786633115
0.223035108225529
0.218384797077993
0.211997020861355
0.211871460031458
0.219009147551409
0.233935531777153
0.242115834721455
0.242354337827013
0.237013511907559
0.225434201885628
0.230500648117283
0.224962416730128
0.21792103610137
0.216807250104819
0.207098946210005
0.175089103033537
0.176425931480661
0.192137465033187
0.190056414634062
0.201813370725004
0.190651422163898
0.183909557385428
0.189735706280599
0.192621515364995
0.212095407571917
0.186063215244946
0.182151608763502
0.198323170980353
0.195189544855412
0.196486880432776
0.204170914111577
0.199650733770256
0.195301850564239
0.1899857313922
0.178027142352405
0.189480426522328
0.173376084123488
0.186146934197099
0.209486108976315
0.223120539225794
0.239337430977575
0.222762812107276
0.219221299787029
0.25341106831638
0.253165549196931
0.262351795600341
0.247090348632041
0.229664255079562
0.229436011466342
0.245723468709421
0.255045400948888
0.260253214096778
0.271886909344819
0.262737216631433
0.237406229506177
0.244959022968721
0.274943955349644
0.258783840902326
0.240620487763342
0.23462585185797
0.227106904009558
0.210042315746587
0.199892548101821
0.20446437753944
0.211568244020429
0.216885459279408
0.20465916047594
0.199607797114637
0.205852219913375
0.202700098100746
0.21212195530861
0.221043647405768
0.218594533571097
0.24355417799927
0.234511785621055
0.230625858734899
0.226876058386856
0.231133323223969
0.249425102871596
0.263499527297048
0.246914556043115
0.27633980763337
0.268963101852153
0.282310344720515
0.263604427969058
0.241552058862704
0.213322288342571
0.216993854981602
0.230481958561523
0.219769296917552
0.218489645059725
0.213910066356125
0.225102824897108
0.230582329641015
0.232350435642414
0.221973072763348
0.221485344075348
0.203646102586561
0.195048236584643
0.198674896593245
0.205530164409318
0.203586216972977
0.206530615142209
0.213497342341857
0.229772687059669
0.224963699778421
0.219934306247473
0.201230945062434
0.191615989562008
0.191989977303286
0.201507612221907
0.199671843917947
0.217788234969902
0.208729782813269
0.209911823552414
0.186527127074868
0.195288172327887
0.206052831035197
0.216688054939217
0.214106024134623
0.230117040304419
0.231662461441225
0.222108636964317
0.235080351171183
0.244322717829384
0.258576524782257
0.279082526229136
0.24673969837019
0.244695651593924
0.224341207669919
0.223695100486121
0.229103787972856
0.213609724094011
0.213404356833125
0.210057736017348
0.215752288478845
0.208151927617915
0.217370748585584
0.221106666675855
0.221878352435556
0.245723370174145
0.232893936895706
0.227235641878845
0.202723531631652
0.200398569312473
0.215388290465453
0.201965464104185
0.212725752448064
0.223568733775073
0.207779973818927
0.208646333274193
0.204579003463974
0.200598610529908
0.198359059016167
0.205521429306998
0.198178574388921
0.173965379892879
0.163188884288296
0.151142929401529
0.143469140024507
0.13579584954646
0.135585300971095
0.145693189709723
0.158632823366749
0.162265118975404
0.164303197138317
0.156165270906661
0.154167634480432
0.183143789735157
0.192834172851459
0.171604739397571
0.202277848715444
0.201825028262863
0.198023424554943
0.170337703528077
0.186074007279755
0.182627527527023
0.217939268323276
0.200035679062684
0.185534083139631
0.18001046195043
0.179622163745456
0.187274930863012
0.193777870729893
0.187017566240383
0.19851108467881
0.19801428848572
0.198987288638483
0.190573831437989
0.215930025665608
0.238726209322149
0.248867267853128
0.236594800343908
0.228395062726331
0.227365389536955
0.207474837643501
0.207470379015399
0.19829141488298
0.199340665018075
0.19848742302803
0.196805404543352
0.19786986481795
0.197574908276444
0.197072232065075
0.19395611343615
0.195480385981386
0.199067867244618
0.20148899519749
0.204290767304602
0.201810731526577
0.218713459130845
0.234616883196322
0.23453035134959
0.226847258679208
0.227886091058952
0.243261461529197
0.252836430833406
0.232146600568993
0.214390110866503
0.196250865128521
0.192838740590373
0.194938190969476
0.207711326427178
0.246564093845135
0.260649331663171
0.254427535811917
0.237741614820598
0.24177823719785
0.235310647104808
0.252216575784999
0.251097761704222
0.256992220508885
0.24849449396564
0.229956570701059
0.249070484924769
0.245364799373563
0.268409749059216
0.251047256491693
0.252452322801051
0.252829878010518
0.235302731853717
0.239636386410371
0.24001241108694
0.215787404285779
0.22573265359432
0.207234853536929
0.209648389699645
0.187600265425726
0.179941226473534
0.187795006324376
0.213904466711195
0.19670588076718
0.22149660582437
0.214855196397337
0.188826995942533
0.186010453092547
0.202372329127971
0.225542247506114
0.22437058315265
0.237755000134234
0.256256907004584
0.242693392293753
0.223083929604549
0.229381633458032
0.212712632621671
0.211484098032797
0.205221890823154
0.166346766447188
0.167785736950288
0.180334019142088
0.198297702052091
0.197154653763545
0.185530919975968
0.187212066503107
0.169330480902398
0.159857897004351
0.17136708305321
0.155316544391058
0.154334427034481
0.165540443803734
0.173731233188823
0.175322584073405
0.175227970287699
0.183049820240884
0.177532397942776
0.202412287090151
0.217980286267607
0.196268121850939
0.204041275113186
0.209302462463409
0.186378790404354
0.184530855722579
0.20530697904593
0.210717974302685
0.256586995410355
0.235269283659881
0.20813934620019
0.203256536285292
0.222321172440284
0.237215569332042
0.230103266557858
0.216339629781801
0.22925871817336
0.246882178122218
0.250400061392464
0.236693542274914
0.23502793276265
0.242926497101332
0.247328115607605
0.245891792560848
0.245987291137178
0.229542482918966
0.234720659542923
0.232971173495835
0.217946303399868
0.196488300846435
0.185357957630021
0.208024594523819
0.200448941488506
0.188572248994022
0.185085465128264
0.189171851129367
0.17702855962776
0.183407404961183
0.190573302070396
0.182147746156192
0.194423795850808
0.194353270996893
0.192657594493182
0.173857554924747
0.164647478186545
0.167616819461039
0.165457528792888
0.154138808805446
0.1397738574313
0.140081709038632
0.140248091214071
0.146415425729148
0.14453577171806
0.143628650262997
0.134986115694075
0.142619235915609
0.1361654920181
0.146740239543991
0.161164318707699
0.140858480179398
0.13166010138401
0.134970808773198
0.134677184762035
0.141888052338091
0.141555389799573
0.144149901755987
0.147789886600072
0.183792822216792
0.183491935442527
0.176349547538671
0.183169682804439
0.195086332851787
0.178259967825857
0.186508790601938
0.16523555650769
0.19760245168914
0.218620253790993
0.235855528433399
0.228238605806621
0.243381762348097
0.24477579585926
0.241271424399672
0.237304122704878
0.241127413136049
0.229185431562256
0.227435437214251
0.246369388715645
0.253725912414876
0.249709552257929
0.249350973779522
0.21958475771548
0.2313834532704
0.269503186413251
0.261954472361263
0.257922043528
0.24844790127824
0.245513908691344
0.237144978076202
0.249545841376723
0.223841215475506
0.217014848677252
0.218903620761215
0.227504064494368
0.220069336310063
0.216899966393238
0.213408085051286
0.237816421094127
0.234441441551529
0.23770578954747
0.257932198966856
0.287582190950737
0.290583672485916
0.321443138168528
0.339085190075208
0.340740610120628
0.316315371947342
0.291333480011285
0.284563429440101
0.271825947523763
0.289325728023189
0.29013472385754
0.262734445166238
0.248953184081951
0.281183533897948
0.266830118847225
0.248406926662991
0.242564987634795
0.2635946270745
0.27963969934136
0.291740761064879
0.281320409759298
0.303758776479294
0.289975507418051
0.279560660243022
0.23702675501183
0.221281688499276
0.231386613547954
0.234869800882246
0.245296429174755
0.224937130293188
0.253763110394861
0.220454595011875
0.23108191375803
0.251861801558563
0.245936533486187
0.241525031048898
0.254814612935702
0.203320851073924
0.208237079929707
0.215756489436436
0.209887445815099
0.228897607707447
0.221215516793391
0.217211864117956
0.241602040458554
0.201765667695551
0.20170866494904
0.198289431717677
0.178580122158142
0.18402368345826
0.201808816210903
0.218715371291492
0.189927242459398
0.193527415822584
0.212571267592327
0.223810907679512
0.218030696027155
0.212568976320508
0.19379521496668
0.207041344839545
0.182873590183622
0.163265403904516
0.154640050959444
0.153937573709993
0.167721890460178
0.169902803255423
0.174736867518105
0.167038768837693
0.201098237827549
0.219584323448152
0.240123705307802
0.219311328539404
0.234156804270397
0.220125425820667
0.234956254322237
0.248848983728718
0.274552348610928
0.26566478472223
0.278915713730324
0.281841599600413
0.246468644862023
0.240439166032482
0.241460347859192
0.23084864957643
0.226026372581955
0.230530646756189
0.240987289658722
0.244932742790284
0.20462155808503
0.19303527699856
0.183829796000092
0.205319172023336
0.21207081107932
0.216912624438736
0.19735488142307
0.204031050786799
0.209874290771853
0.200819100605103
0.211512808195493
0.215040501837076
0.183289115253303
0.17241636337315
0.169972340902544
0.160546815427636
0.153300473036584
0.150340064458065
0.137473270786119
0.137415729198487
0.144108161852658
0.148995901809215
0.145948897027619
0.140089231879082
0.13366054910501
0.140718506538169
0.144795765976213
0.15460668967524
0.166003850956488
0.194698901471296
0.201796463779509
0.203982132287339
0.225203414210984
0.194377458326299
0.187716150308388
0.199068680149987
0.208100147776242
0.219777336619678
0.220878101889065
0.232957531185443
0.226220919658665
0.19848037938671
0.1674969329992
0.16208130725644
0.16055463714287
0.160910194313607
0.1692824822157
0.169628043663724
0.17105763535319
0.172966659132029
0.196369506846433
0.193168132616663
0.196906322986441
0.211883969978525
0.210473154677274
0.247793800865081
0.245683692287871
0.246680591085735
0.244597859359017
0.235789996136667
0.240992203798039
0.215661465481958
0.192263846428257
0.192640676382063
0.185848212880769
0.196842511952592
0.172784931118328
0.170410235292873
0.157971459755144
0.164023495915626
0.17050356272196
0.167267238903404
0.173420111834303
0.159572301819622
0.161707840748669
0.173070131939184
0.167101487957797
0.191338065247949
0.185003657013397
0.199548998581157
0.19228924401752
0.186205647298678
0.186595379649622
0.193056775634185
0.189261490556316
0.182138498178055
0.202174680024204
0.193197884011452
0.191900099104632
0.217374680597828
0.234620553296018
0.22144750828169
0.230721347631011
0.202632668943281
0.207306920118917
0.205930163736675
0.218618986015479
0.220687260275324
0.203496379961727
0.200713755059646
0.209599941723616
0.249075888094269
0.238269873688364
0.242773598464573
0.262097845323194
0.239609312708489
0.232946969920758
0.212269432574041
0.210807109757442
0.205735345692794
0.212569547742177
0.224456656560314
0.233682216919219
0.225322670078345
0.251087744359459
0.242097070217603
0.256174867479994
0.250710116992819
0.259583662996182
0.258162549419991
0.284358211200578
0.292220851476638
0.291955207188285
0.323707237690647
0.319618830970777
0.303038761482629
0.29805248922667
0.310588377476105
0.288588170491723
0.292696704071906
0.262405993794094
0.247551527598448
0.246270747244942
0.213934091388452
0.204041961784987
0.184420462915108
0.18674061819568
0.201858070371472
0.192995270831198
0.199256367353694
0.200221806151834
0.194351717882648
0.190954184645741
0.182287240103273
0.191619257528032
0.191291147673856
0.188963909589427
0.196011041420765
0.216968154351248
0.20631621134705
0.195362441701787
0.182995641682692
0.183911469053451
0.173503485512028
0.184201861840021
0.188655756600017
0.208383246822523
0.220936632399871
0.218787151726989
0.231397731748869
0.241149301210858
0.228311852390274
0.232187548065166
0.256140011547594
0.235371895877064
0.220599893551307
0.224473559586825
0.234241023281545
0.202838971767008
0.203289909272305
0.210421043616028
0.199199972715445
0.195880654684998
0.194708373763444
0.185299239059907
0.184286829080352
0.189934948972091
0.192139600991683
0.196929889002356
0.207905399727788
0.192813523277614
0.199139679906534
0.19759213311686
0.191164200989817
0.174180625562041
0.181781443939959
0.163924518118486
0.168424826690509
0.172965084816737
0.16670566167466
0.181443104205708
0.185865418544933
0.183423554689049
0.175630248524934
0.172048298964914
0.168778747089617
0.183858130638419
0.187650138284306
0.224563486198529
0.218897651814761
0.246262485605529
0.252116631674986
0.258891808604516
0.248771015167558
0.271449599118278
0.259755834948813
0.268327342593666
0.26979387264181
0.277048722526037
0.268214702193952
0.280161614989412
0.3231827954311
0.318510621009804
0.300093194325157
0.303780332502665
0.30490023850346
0.313550067061876
0.348425580379912
0.357066160910991
0.340556320589648
0.346158243708031
0.317108908089302
0.319872055404054
0.326312045151737
0.326960755501267
0.289023834681193
0.269163479530171
0.249409270072913
0.250240265879217
0.257052150014665
0.238255244731688
0.251001509123149
0.243680983840561
0.218862294014347
0.228326452206649
0.247213236397643
0.211883457337791
0.221816153021651
0.246335238298197
0.21782624587793
0.208949525840779
0.226527560539711
0.247240673977806
0.239057784983986
0.230060349480765
0.23296033008863
0.253400993826499
0.269660475278028
0.254281373585438
0.279557624637982
0.304444998491165
0.292960584360119
0.270446658246239
0.27964707652877
0.273886816455757
0.299872787023552
0.279237728893676
0.240117805383321
0.264178034524898
0.249458108940223
0.283305494507815
0.271540639436574
0.266768062586175
0.276643901023589
0.292162471209915
0.301894083166011
0.297587291637779
0.288345812441867
0.281393116025157
0.277324806725505
0.293319327769495
0.290154391938805
0.307038673182071
0.302652729530794
0.276825562374051
0.278916061817236
0.259895535764751
0.264158917377865
0.230053911485971
0.228807200635652
0.236948418117608
0.21084704226864
0.215739220960103
0.214929084218649
0.201909612473447
0.220827791524696
0.209425351640637
0.2020880716383
0.199847419880392
0.189546073242675
0.193834415391565
0.194183784016317
0.192326796517864
0.183204029815426
0.175380039631848
0.173894124552189
0.177739690396809
0.180897538650276
0.2129246142791
0.214742058861972
0.202280203453889
0.2081227569483
0.203795225305476
0.200390392991631
0.212098423192065
0.215724886387935
0.230028684297601
0.217663764440301
0.224418627541968
0.219701523375883
0.234065884416911
0.24299283692126
0.262611963322614
0.274281680055962
0.266605792039591
0.281508733553203
0.279307827412876
0.274542682172069
0.280630903157372
0.270053712530915
0.315513265618509
0.279182950864741
0.259349798335569
0.271601444299996
0.304619060430913
0.303412049028342
0.31266371446687
0.293599753980094
0.288149521532177
0.26706315590834
0.258639137113478
0.249640885005545
0.255343644246477
0.276312968811527
0.295017185543102
0.315786645222802
0.350512785844648
0.344254838597855
0.335557971683888
0.326893162358899
0.336836247016161
0.280952103516237
0.279108134611619
0.281506867358487
0.27749307316128
0.263590115705752
0.231320231790694
0.258481103677221
0.260228749082776
0.279674687161097
0.297370408853406
0.292192032531722
0.289184145358032
0.313484262812852
0.333713112234736
0.330052976006874
0.32961399677878
0.300567417332067
0.307921113604981
0.286798048672425
0.295977564289016
0.329579145660225
0.345987175693426
0.395672910898868
0.421224595682613
0.379422226832753
0.374151078856428
0.390249862170243
0.357682398394619
0.359097501597416
0.344886645004307
0.291367831521336
0.285824474694277
0.284845255056331
0.277429098217354
0.283586612240269
0.28993867709435
0.288753991388563
0.253662514707221
0.263160930225029
0.26403667183239
0.286986715277663
0.292162188504214
0.275491173784632
0.274508548487685
0.278417077050065
0.235376772152359
0.237429715465737
0.249475523556717
0.265044832434577
0.260215447782803
0.272695990380426
0.302948700513457
0.284497989568543
0.273696825715458
0.260987044017468
0.245622400184599
0.243750195288427
0.286037700779894
0.281438500159931
0.289683540047419
0.308590236078429
0.291949832492503
0.296238253257909
0.307730560353173
0.26697724842266
0.275773665935402
0.250092076350195
0.235789435286495
0.228382874870252
0.254213268930468
0.2607600654738
0.268859036706484
0.258948943668212
0.250087026199386
0.267187890073183
0.282600299335856
0.278268207721448
0.290989828360413
0.334252571601665
0.365677866659519
0.37592757335598
0.406244609818501
0.368226956921808
0.358799308672097
0.340606231662808
0.398655377158617
0.403850740801413
0.386196416194388
0.426893344884277
0.497969430744475
0.523656576994057
0.515437769855233
0.504856106581201
0.476853717448778
0.449129768175097
0.482589892958816
0.455776606192433
0.401311371789723
0.387111345564482
0.355729160914614
0.348475940230143
0.323177184112846
0.388901226722226
0.400502284273485
0.381589299892553
0.41082801000702
0.378074670581369
0.333655753750783
0.36409358930564
0.386632228512542
0.378442436606089
0.3488889442318
0.314668765305379
0.302411494070571
0.317926769666547
0.283531767914422
0.276796485339791
0.227858247725425
0.238713160721847
0.272043715552172
0.263788570504893
0.2610876175051
0.234705756856089
0.219690591968412
0.216124288987838
0.199238456409697
0.207498175444272
0.198400972760859
0.203763750699135
0.198774300688518
0.192701076623272
0.209145557073321
0.193282088542237
0.175449803839126
0.178132419831672
0.182974789254314
0.183253299254891
0.180270497936385
0.177266907176647
0.182049981846064
0.179035238186546
0.188609641639006
0.215307414710101
0.219309807730575
0.227045523084734
0.222227940075562
0.222093514400797
0.217155461340333
0.212868442815981
0.207914521434933
0.203494486721429
0.221735577198748
0.227565563643328
0.227654923102007
0.230870337551662
0.245774240480374
0.24006370813689
0.241510551654166
0.231990642007814
0.224304443683457
0.218204055031835
0.244352651455222
0.246806320097583
0.240821411410846
0.263921244539527
0.235245401219539
0.23503378941308
0.240891237567087
0.242075063168785
0.232169197113886
0.231067227622921
0.225633679147026
0.22959416825115
0.229983378783113
0.231748568763683
0.212747453403912
0.202590246481662
0.200732505223502
0.194263022610376
0.178446442839572
0.198279518367682
0.179852922840816
0.161851092862476
0.174479931863176
0.182878905509843
0.198370365039921
0.202859558716025
0.202061213939115
0.226979455140137
0.214394326043207
0.229170740397666
0.231392987901947
0.237259407941316
0.254472398957011
0.250700432102108
0.245352559574369
0.22699881880736
0.241578993627966
0.238835726720966
0.231162017305109
0.232851100929137
0.236730054623964
0.229236314736208
0.210789625056182
0.213173249983827
0.215217256025346
0.23066711345127
0.24570677863184
0.270323418725811
0.268327722326374
0.272789729295461
0.282911008307279
0.274521736895079
0.274229761865573
0.277072913889319
0.249112531207711
0.232575980655265
0.228212215471923
0.221680937464935
0.20663781704635
0.247540236151438
0.24769758645956
0.259612946522147
0.270194946487687
0.260324826535159
0.296502543744029
0.310363281562549
0.297617254765558
0.303232361068046
0.315651503168202
0.315500065391554
0.354587114487291
0.339737204357777
0.322713496481181
0.315605790593017
0.319895920283008
0.338923748466401
0.300323059800491
0.304989322303241
0.273505969633895
0.273391483025359
0.293179664130742
0.27543631483641
0.280228272511944
0.275289053931243
0.28924914657031
0.274423497433473
0.279452058538852
0.270457298320949
0.251193018702842
0.27338694866781
0.270788534414328
0.25366982338709
0.273662589691952
0.271632405742715
0.266172018088047
0.248501935014911
0.218940531067634
0.22803983610343
0.246048942069854
0.258626573306903
0.246819503402486
0.253126053234974
0.234366483418634
0.224717196584114
0.231648714736503
0.252427855426877
0.288474714743484
0.286057847936819
0.289364041679247
0.289987268625275
0.311967907034992
0.307813191095858
0.298178150898868
0.32121295774173
0.342569196051967
0.338179775421083
0.315994115542035
0.333081621129593
0.326297108363809
0.310307914800291
0.307147033991799
0.291554059842687
0.272980079554158
0.293451010112161
0.280412805608667
0.269690201789676
0.26480118115134
0.228489512520369
0.279681312770446
0.26961815822255
0.243011465891772
0.25509141260088
0.266348949679453
0.25556966898701
0.260603037961241
0.252740882172147
0.248561752825867
0.237827550319731
0.248551013009767
0.242690698276886
0.244202928034289
0.249161327773173
0.254139628441336
0.253112387321997
0.22185919966609
0.205815340894349
0.218485518641119
0.206983949374211
0.228136623509816
0.257853693745351
0.247983178596218
0.237465037737878
0.240428544171934
0.217951883538028
0.202724730876439
0.224854801249515
0.197448138037916
0.204269051220329
0.185696563177196
0.189647187662954
0.176626640434718
0.211043536320075
0.195225968902109
0.194928501495997
0.201459761013935
0.224254752855164
0.207355572405791
0.202644076708631
0.20106682645084
0.207530320320543
0.204420185626065
0.193013939260842
0.187798646942931
0.190203473943607
0.188450038186269
0.183366527500021
0.179066904746854
0.168516643575202
0.184831285690841
0.201255587877522
0.185603599098473
0.173382571131994
0.165371298767485
0.172707487882008
0.177881122167979
0.173014892175992
0.167761195883062
0.156045422729847
0.168014998329814
0.162008650691017
0.158198075383448
0.173762869654778
0.189611039254392
0.187973619386186
0.191178605524983
0.192184367431257
0.186784996243393
0.199172445332871
0.218352484529781
0.19021905430056
0.197576490643698
0.186794808966054
0.175744091851438
0.192452661928364
0.177503005859705
0.164611066493613
0.180157192372015
0.192218891398292
0.173151506931933
0.155706488358172
0.160725257298171
0.147641124040897
0.171324234267375
0.16159154237141
0.179782929822587
0.182962084724971
0.159844844631197
0.151958252736471
0.157194250847586
0.159785196225413
0.182417069628664
0.207938928565071
0.194640306943569
0.200641450064673
0.183901968074622
0.194439035613369
0.191768150749263
0.237329819136712
0.229610104601447
0.23093060580704
0.236798301064243
0.232940793522485
0.236517713208333
0.2064169212307
0.190441029602795
0.19106188018771
0.191767015024957
0.173053146769764
0.19908541446286
0.21441504394129
0.217056910958698
0.230907548354703
0.231866106987509
0.21376208687795
0.230811731451226
0.236218241995006
0.240465774542608
0.246730523477172
0.236453508932524
0.23826064215005
0.217537746841254
0.216562235556468
0.231700092173233
0.203257851865771
0.192454801246844
0.184507275643266
0.17290907037129
0.171317117689789
0.178384237462586
0.185197962155649
0.202886872573551
0.206907565281778
0.210363889208106
0.217373849269568
0.199944386026749
0.197209584181074
0.212608624131183
0.214991872214948
0.200911277060387
0.190727391958049
0.189903479175726
0.192031883803913
0.188399285749849
0.186340145370256
0.172090969332386
0.192695345764675
0.197577554121402
0.211312114011181
0.251401028766967
0.24210519800797
0.236104324935
0.252872144887773
0.228917366039683
0.244444185858026
0.248717864562311
0.262544799440609
0.251361056110571
0.236970859909157
0.261179548601806
0.251571952048307
0.229095276664718
0.245429004456658
0.237475302149089
0.255800515325547
0.261117627305649
0.219943162117082
0.22961876659911
0.218345625809306
0.224231809831295
0.228654708762889
0.233093651277196
0.224315865436289
0.264997950214028
0.244564552399535
0.23999588902778
0.230288293905418
0.23005367970625
0.239685969161087
0.283410476576568
0.253074191728377
0.277649956411778
0.23916441740128
0.245824334394629
0.262964938810142
0.282677385786037
0.286601715935403
0.296845722438002
0.26233551290625
0.234134891401408
0.216241689721629
0.211039431828615
0.196921987729899
0.20817043522493
0.218967231050727
0.221986726831066
0.226846764531957
0.233442159081304
0.239276719758266
0.246345375102742
0.234723743338843
0.23052617763384
0.231958053527911
0.223500141098053
0.232573477758351
0.206548349247915
0.208950061911048
0.242482731258992
0.274401813045793
0.261650975485442
0.249914797620353
0.247776619333917
0.210800764318568
0.22597486999676
0.236218525485623
0.252021316880146
0.273363302448763
0.258121031906787
0.244245279921467
0.200186321196561
0.188354673178857
0.177679969019343
0.201667745710426
0.221021061520329
0.209811272800519
0.212189854703268
0.196469416299249
0.195731323624883
0.18867842543621
0.195824405174994
0.176437137059775
0.158209087065319
0.18216764010349
0.184055626272663
0.184461476776301
0.201460446884878
0.210620417505821
0.214241448683054
0.220591703715627
0.235577318052014
0.243751811325422
0.248754304971829
0.249421623676637
0.229253000008197
0.238585061603729
0.239764012674109
0.231641853853657
0.226763898561773
0.230509641196869
0.225172327090952
0.198431118936267
0.20092033097865
0.196620321275769
0.186722038621628
0.196094283016156
0.185686846668393
0.185061099125267
0.169830764626295
0.174685898226805
0.172700777363644
0.159974245703766
0.180225542931575
0.211286362940837
0.196675629778305
0.196276350030226
0.204971624105752
0.224087547864137
0.237083039423124
0.24788976106704
0.239892998603728
0.250549144052435
0.230783408973
0.221449706369592
0.229570417292593
0.222735694730167
0.2496546971269
0.246061469447581
0.242824500974981
0.221869164203074
0.193947226351769
0.209691334924628
0.238711035975899
0.256414281621003
0.258645444235037
0.229589731923105
0.214982432982428
0.198246078104903
0.18586780119782
0.182490093213194
0.20031149262185
0.205211158385912
0.207922990575248
0.221928191760199
0.206468200479871
0.183168590299297
0.176492646763606
0.1744238894886
0.197668733044164
0.210505439528682
0.22156405273921
0.213235244160511
0.222070100311553
0.212069448073722
0.198237608065587
0.200419996632786
0.198604373136151
0.198097747742675
0.197273069995177
0.191133191660832
0.183199039055949
0.190068078119847
0.185294141947288
0.195865261067482
0.212350869385317
0.199594932488709
0.216734686660136
0.200999426032142
0.219955767667352
0.234985489914988
0.221513453469213
0.227301953318518
0.199749334903587
0.205566498055589
0.205253720429605
0.206362772940692
0.218575092996267
0.215477763715641
0.220912010843015
0.236952072407079
0.244609846553166
0.25591236387307
0.23636446402152
0.230631651401767
0.23292024904922
0.23586086106104
0.223828836774981
0.230135611909976
0.225277020541136
0.230283583872473
0.212709270405836
0.230297930122145
0.228862386027549
0.226316093776631
0.229437436294337
0.253447777966722
0.229037863904822
0.223828882518563
0.217974798084488
0.236180539487027
0.238627240746578
0.262385604246682
0.262297409187273
0.285621631726151
0.279714213328547
0.234485352820018
0.237822210560401
0.236928944145642
0.239612816199792
0.261160533460322
0.269568952227099
0.284195654432658
0.322071640949464
0.374758872433221
0.378941524258584
0.385389651746788
0.358197396461366
0.373913605154526
0.388119222766192
0.390386268476317
0.408043054333552
0.441117270790444
0.391555513390396
0.371286394775893
0.357003634158494
0.314255253343848
0.310252819542153
0.328512197213593
0.288427286247905
0.310241353891047
0.32451387104832
0.327641650584557
0.333557884832959
0.27784048346532
0.278207518184668
0.27764324352757
0.297207231739266
0.267669055212607
0.286261691033592
0.283298286902241
0.261612279931703
0.253395594730837
0.248172133146851
0.237686640168996
0.249755289838243
0.239626567172705
0.266124020346568
0.233343730076639
0.28627742501104
0.270277656057805
0.29068300448884
0.286257977432309
0.285422934596668
0.312952919918167
0.321377894814046
0.313378864988924
0.307415250066501
0.296878435877588
0.268739314766471
0.25560394946095
0.263670741872849
0.257250440564637
0.278073241822991
0.254932752451422
0.26423245605097
0.272488168263572
0.284880505622532
0.268149295706397
0.273769540663541
0.268908936264226
0.263992194147928
0.247299937291811
0.268201667029197
0.265947546193721
0.288406627790225
0.292327952035481
0.256298581181697
0.241196656280624
0.213559954895326
0.1980241197315
0.160055119950071
0.164008864224926
0.166832900970186
0.155733680516079
0.145166481783397
0.135326532769988
0.131354815848044
0.139858035274299
0.155424815930691
0.145938587262728
0.152697867489901
0.147329128420718
0.145953789676833
0.140205803766774
0.149189624702097
0.156149912277766
0.152200509739605
0.14583997926639
0.157499784463797
0.162257660042916
0.173432786384707
0.176345188317504
0.197044451054666
0.217652351290667
0.224992757726381
0.227926069674198
0.250577673051457
0.226719622643923
0.215312010464066
0.208958354065968
0.21345110646768
0.20433210156305
0.212834827720218
0.230376292551997
0.224175116476238
0.213614625497856
0.206374818845346
0.213078391186065
0.21019053562296
0.246564040100335
0.245087804136111
0.269921971108271
0.252861146134096
0.245342956613603
0.260174574727108
0.253403752347702
0.21806575691393
0.21230525820953
0.183733974206139
0.179892678350204
0.177258122809101
0.185864906922086
0.198779493418922
0.191520132243524
0.200360008113999
0.185445831716549
0.177124784173096
0.186592314655603
0.194943457524491
0.189469740363416
0.188480104225443
0.204187350566543
0.19340357597152
0.197038161464832
0.223310374333421
0.215901667029126
0.231704075976871
0.216426522146143
0.222881790298439
0.236490492287258
0.252152480932038
0.256036529755474
0.264792693151523
0.250217064409568
0.253418081032117
0.196980683003175
0.201391929054629
0.206661709493767
0.232541651169805
0.221753318123147
0.216568373231424
0.201499790163153
0.185200042163372
0.188885567095825
0.167759626509636
0.176021390871593
0.18166935970974
0.161715821079584
0.179293257828217
0.222710274647358
0.239170869279798
0.230131085964631
0.209422535464873
0.195128624325883
0.162063276626679
0.164432084310094
0.153973287524996
0.149667925093183
0.166385643285339
0.149824035775576
0.141573208278274
0.151031204291525
0.158014571781884
0.159856888407427
0.165741461443927
0.162645577316009
0.186937925738113
0.203261398426959
0.21015370306365
0.190483149015484
0.189967426645229
0.174889403307307
0.178356101554939
0.15267252867391
0.143643709895649
0.142873666709142
0.150973907717729
0.149634252202273
0.148972119077143
0.144208128630446
0.155503338617554
0.154919043509668
0.154335973102799
0.151597389881337
0.162834942125527
0.174268341422903
0.175226502796809
0.175695144137459
0.177587842875155
0.178479544616532
0.17471361247535
0.157794591415327
0.155646123329455
0.149214368507277
0.140287086164675
0.136964149135996
0.141827633436652
0.143363879624331
0.148706336740676
0.125480616097313
0.134285363516011
0.140106676245933
0.142989044385295
0.148183214938117
0.144354839489942
0.151157571641552
0.166982458831441
0.169483114550339
0.161014822261265
0.15460132686417
0.156106798833597
0.155511402690825
0.162781320219184
0.163884035233987
0.161818172435348
0.161524183268284
0.165164391134467
0.149093238457742
0.143779930210878
0.148306839876122
0.154031310174278
0.191786360384135
0.208972735468408
0.208286470408056
0.244186547391064
0.224960071069314
0.229542059355438
0.221149106849729
0.22930078346563
0.255805567344368
0.236953612735288
0.253743607035904
0.226813433592051
0.218061552346448
0.236422895227788
0.230286933228483
0.249527716427934
0.26606658287739
0.243060671473617
0.244475602282569
0.22307244633425
0.215929571370562
0.20285148223014
0.219554514724439
0.228214567351112
0.216831319932129
0.21863469301702
0.208794305749269
0.179118681403558
0.168245841741619
0.182569424524469
0.176947844711458
0.192607220057659
0.197817278718712
0.220274267972009
0.241707878006259
0.231213287232762
0.199544649959551
0.219571767398077
0.221592565568507
0.214494015656453
0.238567883875869
0.240532549534258
0.22232352339883
0.23221375339893
0.225527375254039
0.22423681684231
0.231518528952678
0.220911135803024
0.233966404939692
0.229165344309648
0.22886509619668
0.24655026042799
0.233393385576185
0.212239737954492
0.207075993325424
0.230164195975056
0.234114933798644
0.238694029510343
0.25422724690867
0.246255641168426
0.251577258302578
0.241072589433462
0.215071734835841
0.221281815788551
0.222736944501024
0.212932875842679
0.21079102431022
0.228918312281299
0.218354078333727
0.211194313836972
0.210720360548382
0.216325180491742
0.201294877677862
0.184979042418874
0.179323811802295
0.161239284232008
0.190771619918129
0.192769052221221
0.200838347879249
0.207979711885929
0.214600540111972
0.247159674591001
0.249988799493471
0.224310823152073
0.221185630544655
0.194149116211748
0.180493057576345
0.165577785098804
0.175134595229345
0.170722921251104
0.171941791228045
0.207431686940746
0.232236279025127
0.229943544196062
0.226705804993365
0.232096145511525
0.219509001634096
0.229902727846225
0.223306725457014
0.226452434435028
0.201590390553056
0.216606893726333
0.212157341346093
0.209339383796832
0.213980135123552
0.22003909262385
0.210690167434522
0.199348455528727
0.201386602016331
0.19221821616171
0.172263643205118
0.181703591888582
0.198843662905056
0.186270337683446
0.190974763584001
0.193873143372453
0.191060022880098
0.190665607134584
0.169965766187995
0.173726825834388
0.159457281154361
0.152830294287283
0.150441092703516
0.152339227803592
0.150791278585201
0.141534612432012
0.143900679399693
0.15983423804466
0.185479008735878
0.206731265130874
0.209607249065604
0.226115977915003
0.206800570602436
0.187334243788524
0.194871829968092
0.1974918802268
0.214284436078173
0.255281126312906
0.261520025951801
0.227115487204408
0.203670217595601
0.206673525507653
0.209829755165039
0.235709260923625
0.218922445421047
0.237885590974866
0.238949607501025
0.24194648940898
0.255493873771781
0.2350908879764
0.208818569641594
0.220771680320882
0.219105269353495
0.209161227797481
0.180674128698566
0.172015848875498
0.186536166294653
0.173477252301284
0.181023950451361
0.178089106811485
0.176661810894185
0.163995879617543
0.1711559514325
0.177898585757042
0.190456020406978
0.188040179174361
0.199408661667171
0.201922150457885
0.22022218016742
0.238479655930755
0.218490113008055
0.210049479649945
0.217949351418291
0.191811248856415
0.193151006250074
0.170882985163281
0.169427524068934
0.165650381240545
0.181978280698356
0.181539009938672
0.185536777389706
0.194544066977657
0.199494520911375
0.195754190816055
0.199564541697369
0.190617111678372
0.196935027875941
0.179391430418558
0.173514659811452
0.164206301242234
0.160440039588091
0.165792409149675
0.174476398495267
0.184989088798432
0.192309350976216
0.193606510509102
0.185198192629007
0.179560236986813
0.173109598318258
0.17617138307205
0.176250325999731
0.174918493685372
0.180636727523051
0.191380415802777
0.192881311693703
0.180185763291446
0.18516314984913
0.198772777177277
0.19603935175419
0.180937078286395
0.175335398223897
0.186335815411488
0.20405853093291
0.238915587348297
0.241612025270361
0.227355054756575
0.245385155164974
0.247570435837936
0.263097207196205
0.281850686812436
0.261108541947723
0.266881997060659
0.294628330404652
0.329628716506789
0.347856106541261
0.351693785412376
0.35925932025467
0.367354458978756
0.361576711325303
0.358289535008762
0.358471728445116
0.302400147435786
0.321481420785699
0.297404977646125
0.296318748803251
0.299048664659479
0.294262744390373
0.298618156739717
0.27871980335477
0.254778085672157
0.259931866768572
0.258937484923341
0.233708566969911
0.235215547737172
0.237966819311455
0.229696483704423
0.245695484722674
0.228061723578566
0.209321350054677
0.210131313889087
0.204401167415526
0.195191324462368
0.180164938749911
0.198932460879135
0.182595533078379
0.192677624754896
0.209956531290344
0.199936555983389
0.196378893564911
0.200409767361183
0.186775295747818
0.186612309159171
0.199309132393087
0.215093449833652
0.218097024121058
0.210353804532172
0.198352023648717
0.188492276091937
0.198645177005248
0.182637669197399
0.168637275566018
0.178088203070078
0.190833121101365
0.168006845358156
0.174948396743526
0.194009610626738
0.192373007388661
0.197560812940979
0.200071070174993
0.207683979034288
0.20292544622641
0.220364412700194
0.210747268442821
0.220769425553038
0.225505166216385
0.246414006204243
0.231908251124372
0.24313433902901
0.253044968405798
0.240758585964591
0.273541552363701
0.311833071210305
0.324728981155619
0.342444723513137
0.321458601352043
0.306238393099397
0.347439487995587
0.390201118463905
0.383373495817218
0.374550818463137
0.402355507758934
0.374361958940297
0.351888067845023
0.306919912438305
0.284581028104603
0.266918050236489
0.292659878294981
0.294510132641084
0.326016425685071
0.328136317102995
0.352537298618566
0.359209290813666
0.319713417551471
0.287173494400895
0.313070080239677
0.298514441498773
0.286904669219783
0.282677469030347
0.250934593693849
0.264452086046393
0.256657835443294
0.259199084178557
0.269070111633336
0.261359877703797
0.260941115864475
0.258490062112533
0.272026062843573
0.27171447347317
0.271899108873417
0.291861306361757
0.267887163354292
0.271074930281588
0.290321562686087
0.281054635024858
0.283666154864272
0.250857228805333
0.289829659469426
0.266270445364512
0.278302519116214
0.270681274241197
0.274601308186004
0.284180034814467
0.293378963858039
0.259463948730195
0.280976907651316
0.263297162115049
0.252498280731949
0.246560858342812
0.215739772500999
0.202246804060546
0.199799746820133
0.198432570485251
0.187138100619411
0.209047200584579
0.212602413480056
0.216752525969992
0.224127619174479
0.249702399401287
0.252540099107668
0.25069134363557
0.2483752676802
0.230920438173562
0.242532358051793
0.249922540160751
0.251358078655171
0.274722694227493
0.289998746944694
0.286860271769486
0.270380151614201
0.262197049846878
0.305210372386597
0.301918075613976
0.306848675166578
0.275461576173092
0.263762687618842
0.279279488833272
0.260399902070842
0.263869260027377
0.279294992336521
0.255733473634881
0.261152791062645
0.272991086805369
0.291926132699343
0.308781880688703
0.321978975567704
0.315133486003563
0.334697409130758
0.309983978906892
0.31609689046528
0.311335480621524
0.320188439281174
0.314469032334198
0.321188357678431
0.312776037027556
0.318538665394541
0.275686856168671
0.258120217752523
0.262710295601166
0.259850988522547
0.303983895005593
0.314712400990015
0.303301376034263
0.296294316095332
0.257310295718071
0.248673808809738
0.260042565696434
0.283467593617823
0.263900368223722
0.252398359841459
0.232565749191053
0.221331079892271
0.227728885170674
0.238236283351239
0.224703156095609
0.219569858263002
0.224798639480097
0.214950027380364
0.217874286491796
0.209238462490951
0.226927495325152
0.224526500074532
0.220684424872289
0.222901539845162
0.230869068911463
0.220932966521567
0.207532151759529
0.188416150303404
0.178169933102707
0.186624856408074
0.202909747472532
0.197526175388729
0.181133402303343
0.174147619498922
0.18224126440322
0.180707446647769
0.175447303915877
0.183641336799968
0.197285901494578
0.237514609508503
0.215213340376356
0.211456427469206
0.210999958746287
0.209543914472642
0.211052519938355
0.222556609786198
0.243893742525581
0.240577034195204
0.206837052022933
0.203257428759517
0.2097036968935
0.204835154270869
0.212094231591271
0.211856966843817
0.196217584927609
0.212048632410962
0.22971134755664
0.231138648877781
0.239255585753331
0.2389897734132
0.245040152698689
0.212385000872573
0.210699514942584
0.191923311979808
0.193657496130961
0.187933656815969
0.15131349995351
0.15871630942555
0.16135974087816
0.146301124777276
0.150214728536309
0.151604154950447
0.151415509342482
0.155187571807065
0.170700932114888
0.167539741372948
0.175155523474059
0.167264664702837
0.174972366203066
0.162550626820498
0.166250618111531
0.168385936443428
0.161827906059703
0.17766389438496
0.175080124126491
0.175782669641027
0.188920291978167
0.17410027454376
0.166391910186398
0.186301951353748
0.198053935921765
0.180819123992122
0.148225570268132
0.152752153498511
0.159459084392074
0.156117539115261
0.159310140425378
0.155922463781136
0.162240925264906
0.136403415626715
0.146122353729253
0.153354204239658
0.149775413474054
0.146252773330312
0.149362900108686
0.173676351533305
0.184132920449802
0.183328057683354
0.178350145620249
0.178772151612492
0.170546148897902
0.177967090439113
0.19189119119147
0.19080680683852
0.189818886425638
0.204831274941715
0.198549011076792
0.213917997357793
0.253517591687274
0.220377259319053
0.204070685028563
0.211583645596078
0.223488025023162
0.230583990487431
0.243684396359012
0.243606477669842
0.230578666120292
0.241242560558107
0.223647320018953
0.22432712692476
0.234448828379102
0.231387937765171
0.23028466695707
0.220522521754228
0.225792867295387
0.218024496350646
0.22459927256252
0.213850662945112
0.210834654029978
0.220161488786943
0.230106498112407
0.221902869074806
0.219417837046674
0.217485987738936
0.221817200874487
0.229619205628613
0.213326043263146
0.213882486229867
0.201068156037801
0.224864938500058
0.230822712523425
0.220682673202268
0.222472371166453
0.209868261897216
0.208857328467864
0.200967990817389
0.175643326891615
0.194017036991621
0.206831382116643
0.210393110671469
0.190959287319966
0.187913380417354
0.209596197752536
0.180715292908972
0.173902637878652
0.16681557034423
0.160645293799731
0.170357495171812
0.170655318752464
0.179163477692717
0.195266523780036
0.217308193991346
0.25568998622121
0.250264759459368
0.22744987646662
0.224011682511081
0.231235303617317
0.207895884006449
0.196663639894434
0.208098474225901
0.20537946948862
0.19586751382107
0.207250525285338
0.235773596299154
0.256479696373551
0.257119641393454
0.27483228408111
0.294515704283738
0.315109179177237
0.294255714467911
0.287790513721097
0.278758019864706
0.295531622195942
0.271300401417906
0.293777318637674
0.290748050666217
0.286135302134618
0.265835667813127
0.241540816965789
0.250948939279883
0.243785766004566
0.249623586170432
0.233626487920392
0.225339447215712
0.208064750418258
0.209802849706583
0.200281127593801
0.203849754856249
0.221812521815803
0.211757762222681
0.226967615818189
0.212641964825573
0.19021459842794
0.168744719736762
0.171888563741603
0.165223551836769
0.168420954086815
0.18682975819454
0.179951440750744
0.218060002347818
0.201316805222343
0.20019262732996
0.191277662930539
0.210905295553215
0.215252656072437
0.208314355577359
0.206410359744759
0.23806747615447
0.24164026510677
0.224985238906381
0.241925025352545
0.237255919010903
0.261775306448584
0.247600574593261
0.265976652263358
0.258874106888708
0.25346268855435
0.268166840557464
0.228766823593469
0.241432907502359
0.245180300236912
0.266849155655906
0.224185790659924
0.213892307914554
0.211318842736158
0.200163049237082
0.224779911836918
0.203797880594016
0.194363747296399
0.190000406101462
0.192603932582676
0.20037473341104
0.208899688653194
0.218945767505874
0.227002160225143
0.255471571838107
0.261657471142351
0.242205260279564
0.214693398189968
0.208644166385949
0.220152587460151
0.21314093807172
0.218267683368104
0.197022228001948
0.20490067449687
0.205962643738274
0.203852137916638
0.192220675134803
0.195955717035687
0.212092951934903
0.232550482535383
0.254887962456114
0.234703852025997
0.239304720711877
0.225404023317787
0.202382760086161
0.219043953697133
0.212788382592803
0.213841208636675
0.220638227757376
0.221069009500919
0.224315382837561
0.250847906213942
0.241682800828023
0.282217451025693
0.271349548393409
0.289622548624036
0.27727343693078
0.266920914009507
0.278926572333897
0.282865841380555
0.279766021446015
0.274403365071684
0.277534557548421
0.304255222861398
0.311331968560731
0.282098359719536
0.297050704437336
0.293283711842338
0.289430367018568
0.288550104321281
0.293814424303142
0.247800941225767
0.243398346997937
0.242459299479717
0.261555308537935
0.230694892769017
0.229153227268566
0.224787493691001
0.216830450547066
0.201962980826775
0.192903073935132
0.1888584934899
0.231457942412238
0.226622913729445
0.224195198433907
0.228148507664583
0.233518620267117
0.241064475178749
0.237745405931644
0.232884696222888
0.259733047085019
0.259224869559851
0.264951904021449
0.266013622131708
0.289481548853841
0.310032736018389
0.343675229479749
0.327896183133311
0.332171002021658
0.291677664122365
0.286689012315741
0.281657800921884
0.285674579854637
0.265997012382198
0.27024753350951
0.276914290013835
0.264433231826841
0.275054019001297
0.276670415035563
0.277990801056643
0.282415380856595
0.24160151524137
0.236039652883517
0.263993609739197
0.287355263012629
0.273727327376093
0.293593038439801
0.287301466009384
0.254684981648051
0.25740804605276
0.261086072941573
0.229477467537389
0.23497121417084
0.249908622808693
0.234948254514058
0.209040560762502
0.207324562195599
0.210263278672629
0.213838085428366
0.218540042821115
0.184999299884041
0.176603910771561
0.177934944987583
0.187798936837297
0.181529035962038
0.175380376668118
0.204369843464604
0.205976595333973
0.220106268198254
0.231122879330512
0.238417214552849
0.248760345149398
0.269682609031115
0.268525313141483
0.271737143747127
0.276810588287675
0.285738181412966
0.284626192201474
0.2724281471152
0.269839770876422
0.256158330150464
0.234490398423673
0.249046118352239
0.246960326977108
0.233117159317265
0.204911636667895
0.216838093850045
0.227043708641815
0.239827918199351
0.256004711659922
0.223381308704173
0.218031895698341
0.224699611430266
0.1990835063983
0.212050233437237
0.178988224389304
0.174312085340379
0.180755381477781
0.200049199973108
0.189350881257914
0.200217259115633
0.223748521742345
0.223378223215519
0.21203911773693
0.209691561481957
0.237570700505146
0.247433508056952
0.252628454798969
0.21879125960786
0.212472395748855
0.184218368470157
0.173844615569248
0.166324608171243
0.14430086787154
0.145270444347852
0.153090473434413
0.172997860521369
0.175622391417486
0.184949225802207
0.176055589800658
0.181943091747161
0.190089375134664
0.203222741069559
0.196502069550869
0.192374324158379
0.178907280631655
0.172582356627325
0.180871163125242
0.187520598699865
0.191527821429307
0.176279904510599
0.166210022233756
0.184003986814399
0.185397933560775
0.20880329020551
0.213897038403943
0.263196065244948
0.282268070877619
0.276839743978888
0.296287946838229
0.298283547341739
0.325002967351493
0.350178823312546
0.355846299643454
0.332327329441281
0.299881169937839
0.28658050014317
0.271465672632736
0.297856191808323
0.334371896728831
0.316308634001285
0.320897353355564
0.339966179448199
0.311897913234135
0.271817018102481
0.280764936137183
0.251614571644646
0.272547913482298
0.286395231175678
0.241022222061121
0.25567750682493
0.253687189410118
0.274229056627133
0.252034324822591
0.272350970091471
0.25979304360992
0.242983337611171
0.238017397565912
0.240370982737817
0.243478637704095
0.242395478778325
0.236559253032108
0.228870719723795
0.193856066477209
0.197468378810534
0.223949046038562
0.242293898203235
0.24099424431968
0.258576231292987
0.257971227938018
0.280119738391415
0.280122876032743
0.287800308740041
0.269221920058145
0.271536363153882
0.251770680199412
0.286663616364261
0.277803649184915
0.256921519649367
0.26798027921388
0.241248706844732
0.223916601952134
0.21924484167997
0.210194101684373
0.196398211750864
0.199285276807849
0.210346635594899
0.21628027534627
0.227039961107956
0.240243452235122
0.214982307025159
0.194799875419858
0.203209464628207
0.211404817606397
0.188489769852993
0.194692414868706
0.188334336499064
0.162902308066522
0.133433078772639
0.146032051356445
0.147175934720686
0.152566365649522
0.155123942614097
0.154916962744828
0.163199214441274
0.182635747948218
0.17173802998097
0.183780470958182
0.175032318311824
0.159914376660604
0.165711710535754
0.174547746292823
0.165622479448396
0.171784023863483
0.191215795203643
0.176137723787094
0.189163823911217
0.19286124304282
0.201457875335565
0.218753020319844
0.208530606188475
0.235608016694423
0.237265497299034
0.270613598516509
0.280020410948786
0.262056182173351
0.259293514333877
0.240276372405841
0.264014790064208
0.245465183590557
0.26210579217828
0.243895009148196
0.24592851332149
0.23009897133305
0.254622168869284
0.27682032818685
0.26674293201642
0.292229722222801
0.294612351642725
0.285466327050197
0.267289691745659
0.256815164752163
0.222448063811985
0.202751479539275
0.222443696803001
0.249321106250957
0.238417229636022
0.243926007819052
0.22038131670153
0.212493133352443
0.220664224212505
0.228041475338348
0.225968600166267
0.235250056028218
0.220627388406817
0.200855756767121
0.188755169751492
0.196694824298755
0.198360417387634
0.197182373899259
0.191016193419204
0.182370188278004
0.173549431142154
0.197946163196285
0.194090172220403
0.19793256135506
0.208305381055611
0.211436100954384
0.196815385330481
0.194413831394537
0.181003231678674
0.178589031843752
0.185657217413773
0.182560110369056
0.194552629946816
0.232890740888608
0.24140323980465
0.246664811045093
0.253172527722182
0.23147224707694
0.228271415686395
0.22504537418184
0.238753813022512
0.215662773307931
0.199404446962601
0.196396351366786
0.188251898191781
0.188455822039763
0.204433558238183
0.211470702387021
0.213348707281749
0.204483537192037
0.191031894859222
0.217219952350217
0.201063113476545
0.218308695178676
0.227179737490325
0.215952000900262
0.201016110136259
0.193928673900156
0.210064439275936
0.200384747777745
0.20961021665305
0.214499187022705
0.210782868861433
0.189010977511629
0.182514695386284
0.205832620008419
0.225846485367037
0.232311827644462
0.194947154768908
0.198041270361015
0.203285218456598
0.174513548737966
0.178389161729032
0.184223049821106
0.188543642196778
0.176521406722981
0.191464364303385
0.194990241212695
0.186063000831178
0.177518858982106
0.161027442091147
0.176459240382502
0.180331698471612
0.160331109288715
0.151113849101342
0.173015873847827
0.176658827272281
0.183152932625077
0.18422588838258
0.207911368465954
0.196745052370123
0.203958445344778
0.218078278318905
0.21246180092505
0.237946777726159
0.259231155230766
0.296144955992362
0.308111569590288
0.313648912252721
0.314841821088842
0.29237559995755
0.309815329694016
0.320699576109339
0.308017771429372
0.320504727090458
0.321533415419049
0.334935536289242
0.345571785043124
0.358733398046532
0.333169015039154
0.335396618228876
0.333450888962562
0.306390865209585
0.289802586936242
0.284676806908412
0.273043838561607
0.285849179883682
0.286471084366288
0.283005123342753
0.295051737110374
0.307695180869309
0.322598806689817
0.342445790757149
0.321671670963049
0.305391466026562
0.317490223625163
0.29554608845608
0.279340555519675
0.262316006566091
0.258793945435134
0.248875250302923
0.240619021587139
0.236162230808855
0.246747373463143
0.263396867657252
0.248243440036133
0.250210203692717
0.243651472952427
0.23572520134568
0.248776711976877
0.264760170692534
0.240334674896369
0.227814307409494
0.210622751413885
0.18983823290296
0.196794777248001
0.190174473424245
0.213418374286258
0.22633093791625
0.215860995092168
0.209337101254871
0.171976929445965
0.177475465939887
0.179956481123691
0.179685701906011
0.189626094951969
0.193035153740123
0.216517858097859
0.215407618169428
0.24845572613765
0.244445029162838
0.264591421449559
0.255955135732837
0.254611937426939
0.255433536515554
0.241450750568243
0.254807204839465
0.276370678979895
0.301739523618007
0.312640021954032
0.323877033944858
0.322454138969968
0.340340476795206
0.336433612760975
0.293162596053406
0.265399841968569
0.281400845716237
0.292414400582662
0.292453128571772
0.30122065082513
0.290388513704373
0.308624609192217
0.300224955998107
0.282725487181086
0.279932211663795
0.279152303451606
0.283448301985914
0.333370360523034
0.32381853232506
0.332790463917715
0.309610027745943
0.323813212781676
0.331820905948223
0.348759057276773
0.353112684286797
0.348376001995051
0.340178097112338
0.350969898120258
0.352353964149222
0.367156944544386
0.381540763852379
0.347508056418881
0.348302272944435
0.363431828770224
0.298363582956123
0.278652101070532
0.294188333465971
0.288065057053551
0.259174283146345
0.284526786746055
0.288561077222256
0.288639714987021
0.290685177605905
0.291728925192558
0.277056632797311
0.293841443137955
0.269997041329964
0.282396402321632
0.273830463333088
0.276469720735073
0.264683407324863
0.279141263193693
0.236785046831443
0.244926027403966
0.25928652300099
0.260511100055968
0.283129055666996
0.238487013465964
0.25449939177012
0.272043211326126
0.256448060561189
0.258173757415201
0.237258021417792
0.259616328881028
0.250508505014493
0.227794056413307
0.179231262873202
0.187250502340835
0.198125359771694
0.230020534709514
0.246152079883625
0.263145333492936
0.252102975053281
0.218842967782307
0.238399178088715
0.266682468022849
0.27742574843131
0.294837420368004
0.272854782824088
0.249052219851387
0.215625019433377
0.210461564457708
0.217488516626463
0.207677633622553
0.206996576707505
0.201304667007823
0.243094550446239
0.22920369411233
0.22488436347935
0.223310034924429
0.234528924817377
0.217874781377176
0.20817441195891
0.204708637309059
0.230009816354742
0.208006707636372
0.243287260756418
0.240048338612977
0.224761728581704
0.18517318457236
0.178747874081047
0.178011169895705
0.170997166095704
0.160589348509436
0.169866869196006
0.157628534859012
0.164012151052331
0.148110566297042
0.15597842100169
0.159824457832806
0.156103457968067
0.165734329645451
0.175029033720338
0.157956774146601
0.152808639863454
0.163353558641956
0.158722114385959
0.194646353063404
0.191507940268242
0.18183964445995
0.191939107397124
0.186485828159503
0.188712864351163
0.210602435475266
0.199501464398607
0.193548566424727
0.18519634517374
0.195332243105556
0.186793215003669
0.210488250086033
0.209375079740016
0.21790708291691
0.211853034529525
0.199983421517419
0.199119288150163
0.218302561830658
0.215004863440943
0.203848525883384
0.204225127693713
0.204374759364349
0.201571610647189
0.199903146064088
0.208658442725658
0.19250387521704
0.207597165560773
0.216423809446939
0.225466216768877
0.196673874785245
0.190703435767216
0.201632564876546
0.198900305706025
0.161986410935696
0.149710588873691
0.148481543389154
0.147380453351589
0.148510379004003
0.162858858661011
0.151600887265923
0.140354839209819
0.145398502424498
0.151744978182568
0.153730135392091
0.149074214484552
0.146083956433017
0.142143290488711
0.151901187826066
0.162130959244286
0.159094049938013
0.16095135693208
0.164305458098274
0.17796637122159
0.171281014180496
0.170587386496473
0.167385586831506
0.177406652944024
0.165454054315933
0.158835940997724
0.159020847311746
0.168585577249365
0.18371503965207
0.174808934216324
0.186791621533298
0.203530014453044
0.198332832777804
0.179989778528816
0.191594942056863
0.183399548014866
0.206952091329423
0.212483645346097
0.199228132969852
0.197337942673401
0.212869231596131
0.204694862526023
0.2140007833209
0.226630716180296
0.242318281956378
0.250875349145423
0.231554306346672
0.234047482038806
0.240473639417569
0.253480364904039
0.263242262109835
0.272973832592746
0.246338984644985
0.239246493121543
0.261173551794984
0.271232078458112
0.284198995151423
0.295653826698222
0.314371049194711
0.346444077719243
0.335837890061649
0.291175266999704
0.31041957294121
0.312740611037058
0.258051870766841
0.258653725463389
0.270988367551045
0.288051231123295
0.283122107511617
0.264403454715652
0.254059572531163
0.257445242763767
0.233889025196535
0.245437275547115
0.257183463324997
0.266303693442288
0.247915667331693
0.246443694747863
0.244823640488872
0.227820727227701
0.230596807980784
0.23919917609826
0.236274373994942
0.221909768360697
0.224921817788614
0.24937228747409
0.289889177694452
0.33840360577444
0.367605174143086
0.380933294024005
0.385048092523503
0.400249709033156
0.418063161851737
0.376152719434861
0.363858201680484
0.340891882892807
0.359903853755298
0.345255060458079
0.357767296299007
0.375120833119385
0.373885984670742
0.380281065543136
0.379544031095143
0.359957722469166
0.403533730351912
0.381873121434191
0.364851876742106
0.368082898287077
0.339343802439599
0.349951635918545
0.349150770954522
0.350321388998313
0.34969015378811
0.307284916653139
0.28910964836027
0.292906534045451
0.290532809046344
0.28476471703373
0.280954701605973
0.264999087627684
0.240210528938844
0.257101821890268
0.259518517665722
0.265790156177647
0.27796166623356
0.280397236460973
0.267758836973354
0.27858729595548
0.269046839545097
0.282227331613719
0.3216103181774
0.289215025296051
0.302342077306608
0.304793541590154
0.292218621587575
0.277618502098171
0.283954651795333
0.318369321782577
0.323629019853063
0.354021139128888
0.367699260800002
0.335119485581529
0.345869840161074
0.326231771218346
0.317199040317521
0.366009259160454
0.383592901759611
0.407908023879787
0.410441611320059
0.404765902573469
0.361629846055649
0.377597342802439
0.337628926280241
0.332201302229791
0.319367882226849
0.317190370017693
0.324572689382629
0.335582297162887
0.343029206747185
0.32618895449359
0.32671436673395
0.320174369949939
0.309438024030492
0.306127151615266
0.316659483451898
0.32734960003139
0.318503629910568
0.309044368780688
0.293871391819554
0.289918480500388
0.293076456221844
0.275721960190207
0.244975342656813
0.208470531549452
0.179110115666855
0.193357742680739
0.195173957453208
0.197828149807522
0.208222289442365
0.209076904463959
0.22108327957409
0.189457566693316
0.192143242286438
0.17761556348901
0.155929764251929
0.18483713222575
0.212733904706887
0.202013815379259
0.194397245752043
0.179984181367636
0.190734610964266
0.196180840563524
0.206991357520704
0.216939097224437
0.212531017160319
0.250728437978085
0.263075763974937
0.260718140530877
0.27358967569018
0.2717738673683
0.266488442899442
0.274445417149583
0.279059417419251
0.270935001036676
0.252992393204747
0.229179905115892
0.203173311177713
0.183075048186685
0.177091425063331
0.177124617091366
0.164897186490282
0.177194027265224
0.176014218336414
0.170102338698691
0.173731842394314
0.168386301802538
0.185279706319362
0.18888091208732
0.198479729389355
0.227758055110617
0.230251261819633
0.235187488235181
0.259776344407426
0.29852499063681
0.324283604724279
0.300106828251782
0.290252523267853
0.309361506780428
0.307963354387774
0.276173245337445
0.263105597701363
0.243289132322146
0.239964384373774
0.219015487721153
0.229174502110194
0.24170080255809
0.248611762396696
0.253863977040349
0.27697128106246
0.268579609011858
0.249480032339953
0.243183877423455
0.239379708793139
0.258382573090086
0.288026918139351
0.265705990548947
0.26925522373894
0.248863841981355
0.220360512318309
0.241814027340383
0.22860803202997
0.222706085311296
0.215101365095202
0.215101916103576
0.178944902968168
0.175996113148271
0.174257521439249
0.177814055560261
0.189429108759709
0.190222779785955
0.187861610965373
0.198075100034127
0.190234925304085
0.193622496614136
0.19550833444967
0.199693237952884
0.22181318990304
0.220626514767263
0.208561025322377
0.194904463433555
0.189482450100325
0.171257850940069
0.172188228776377
0.16839388881326
0.180837550958957
0.159005312173716
0.157767282538578
0.163224065552276
0.154103369562088
0.161317926028865
0.167566328124163
0.171447494708081
0.161329521792827
0.16381723278345
0.178625320189416
0.17307957325148
0.149950291849601
0.149858795168354
0.167368069141528
0.179922590253641
0.205053447079833
0.196617272727542
0.215661452517812
0.22771588157354
0.216270707035463
0.232322015457419
0.217641332505407
0.223895372631545
0.217300990292839
0.21762294659237
0.226936724634602
0.237934888754111
0.232914707964803
0.227325660568016
0.216414255061887
0.247122711467403
0.239923288828041
0.279778971462494
0.258268487287254
0.24956300412505
0.242236988837373
0.248798583992833
0.262293956461847
0.254894591164673
0.260238190052031
0.260586770289984
0.259718896165218
0.244110215889574
0.227225373672938
0.254609374692658
0.262713420650492
0.267759673935312
0.253997170266269
0.250751348514273
0.277899570792353
0.234863069034011
0.211005790379297
0.214334614543464
0.237352734142188
0.230239671686602
0.211571482230843
0.202779728525195
0.202005940143462
0.201242899506664
0.229466895377917
0.208631985779957
0.203690076676228
0.206916280728893
0.186510093671978
0.185982175546767
0.190790381071851
0.184946309561455
0.188265391277996
0.18881272418733
0.202265985947298
0.210004071851826
0.243617294584565
0.23440794099511
0.244306797719128
0.25934753330187
0.253435415581223
0.236610159486058
0.242069549369965
0.256073747433026
0.265907648584454
0.301233435111051
0.305368883852599
0.295868333331598
0.269563196544927
0.339079808499497
0.327513690041728
0.303307403796097
0.270219899266703
0.270868100796517
0.267494569428627
0.260836613919574
0.271527724105137
0.259315050108521
0.245209283685649
0.261701557259691
0.272674860342502
0.263575120841829
0.266293707898871
0.262105715191985
0.283308137090679
0.292777372614837
0.313999697633392
0.288322418846497
0.277991831418378
0.293547270643746
0.346105940890303
0.359553424705542
0.363232878567171
0.395524900515263
0.384099861405961
0.408791850886398
0.405283211746919
0.357304595200761
0.387116605901006
0.360775928104367
0.345137844494415
0.355751257457256
0.362888618666074
0.331415047620534
0.326881820877759
0.321267419163589
0.30854995455223
0.315204227044744
0.29627198032847
0.30590587975785
0.286001662299474
0.30229174570823
0.318986420831684
0.328656750610791
0.324409245249246
0.300890644219502
0.276494237686614
0.28784181269601
0.291456215143314
0.313436827835087
0.306576604331621
0.329977596103408
0.32300806257346
0.338168040835861
0.318868945227987
0.302371010966629
0.292025904496375
0.300667918665508
0.281541386977849
0.29361973149137
0.295746708469146
0.270516704352064
0.277840074373409
0.250871546474972
0.226332068338228
0.225939056194702
0.22379404375879
0.219947360428851
0.204749058502947
0.181528111479385
0.177986598906011
0.170748221492403
0.192955434210675
0.191584305574111
0.189395440154165
0.19583103035891
0.16426619298605
0.174233579509361
0.166765986298382
0.178326981732003
0.172372493580072
0.188869143979072
0.215064843651357
0.194119170480054
0.192387998937511
0.187910100246218
0.15772792062611
0.155784515168912
0.140896838829378
0.153858442500078
0.170189970469016
0.167406323578994
0.150320854584026
0.162654758874891
0.168803440547222
0.183931623341756
0.201831023053497
0.204318757112553
0.219971225894635
0.227109215033351
0.26137576851523
0.263474258437113
0.245948825164061
0.273549656975463
0.26642793100118
0.239897019890076
0.233547933089776
0.212809895342439
0.240826151369614
0.236558965048137
0.206624675726091
0.207560729567591
0.215839140139685
0.224892699158719
0.208052894204538
0.216645591720539
0.229122768965493
0.22258866321223
0.232714258629927
0.22768598579353
0.215994238463076
0.194217303757356
0.195622917631193
0.201946680585712
0.204445078707501
0.215431186872455
0.209064705999656
0.203977029668871
0.234159575069174
0.234383778342993
0.269767457242891
0.264175430233411
0.299899794988922
0.275229488655013
0.282527058073027
0.29114262472326
0.292635689706512
0.308370032854378
0.316147869545253
0.325375507419811
0.316044395387369
0.315231901992499
0.345710729487418
0.339589087426139
0.331597567847107
0.301689644001103
0.32830041069043
0.333683861039958
0.340570625846634
0.316278939621582
0.295545349064104
0.291006792487038
0.271308231656998
0.271455737072467
0.261648735834425
0.28394965599831
0.307501128523909
0.378524438467372
0.353125719391909
0.367687613616671
0.330104690638617
0.291320008717383
0.266203495116803
0.270185719212037
0.32658116157999
0.31144628827807
0.309156378358131
0.258688372603948
0.273344547465847
0.278555202146735
0.283248593678895
0.290184034859323
0.298429767374969
0.337928154682527
0.312482929490882
0.339137388152901
0.339938180953155
0.318492789415153
0.336835899333753
0.363112390320097
0.322226780488384
0.309077839126978
0.274864346855926
0.255178021947327
0.268706843958311
0.270336397594706
0.252784628943513
0.257412142686732
0.277467611449909
0.284143305670001
0.304237586207995
0.299164078835292
0.30824584201199
0.302431506901121
0.315818440938029
0.297979865616907
0.301467464200321
0.301146020262187
0.25376808206074
0.267087641243185
0.256758918415702
0.2388113355712
0.253125121396195
0.249600153924209
0.244447829003145
0.263980400716518
0.268577051585924
0.256317943648045
0.255639813158148
0.26154850577074
0.233697976122639
0.201342316549423
0.187757063606552
0.202801819921234
0.217340803798311
0.220149098546718
0.210166104942334
0.196744332853142
0.187112426746988
0.199708784451259
0.183985940969093
0.188424568604047
0.21955204405399
0.238950355720558
0.216900856170431
0.207882272200298
0.200416713270689
0.18925765053294
0.153586596736135
0.153868163132547
0.160568027499752
0.172391456753729
0.188875650079663
0.185076703034724
0.181739609031389
0.190547505164445
0.184344467735036
0.167916035857793
0.190964920528043
0.174598068319735
0.178384050695715
0.163286835383523
0.154659181659988
0.17418367716037
0.178000620770246
0.17963986851265
0.171082521243557
0.1668434288393
0.187299850013411
0.216442418287763
0.195213617230744
0.19686453392036
0.218390632164039
0.218735887725343
0.225002207464435
0.237858970767577
0.235061314881092
0.216339453550416
0.253016982348879
0.248991755132543
0.257924731987542
0.24400810600289
0.247164001329742
0.24691363960862
0.232720541922057
0.217157395246057
0.212489349865602
0.180937701214332
0.156365460101211
0.16160613221776
0.148930064612569
0.150926903599085
0.170907028747716
0.176921853100088
0.177653102678792
0.205457445572799
0.234706345177625
0.248066908771312
0.270019100871949
0.297435257347514
0.296516325426081
0.293813066682598
0.313812356144732
0.299345196743833
0.280494671582448
0.314916734525354
0.317462124726085
0.340692580366457
0.325867860432614
0.397458029157237
0.388590595168523
0.353784122856236
0.354930951392959
0.333301401339216
0.369519683895926
0.419007768095047
0.427685667114149
0.391870005950613
0.374595882037827
0.363009333054558
0.379339699447321
0.381252170596713
0.357480045757754
0.30799511357228
0.296581343249212
0.288733478300264
0.251696295789251
0.257340803074664
0.229260546067658
0.231022517896294
0.219237592673895
0.219764166151787
0.220226417476855
0.210429160371642
0.205628008764467
0.218064433002805
0.20777976772864
0.217412128196992
0.224637756037983
0.254903614236967
0.226190754916828
0.274133915690372
0.2604292280237
0.281500985330655
0.261211295508219
0.241461512427043
0.226557609727883
0.230252998994942
0.234940182866604
0.213105862833742
0.206705411215505
0.180573782693944
0.229557610408497
0.217163809205539
0.212892870761717
0.205607102164491
0.204347111893749
0.200974566264863
0.218601517670455
0.225134536092175
0.241891901308008
0.246227423424619
0.267774681995721
0.246792194677146
0.234657452303072
0.220795344670853
0.205653973717011
0.226068483502489
0.243642791676675
0.249633413632178
0.251410006437701
0.217880888939171
0.216033068463075
0.209732512113053
0.205500034477574
0.204743183893173
0.204218670038055
0.195417908654977
0.222079807012197
0.240691828787178
0.249458570256458
0.256689168287454
0.27498866106833
0.249934496334557
0.23178889586678
0.238141365715713
0.224360756229348
0.248856971959717
0.223416433941335
0.226665654606723
0.233050608500024
0.255112746844402
0.248026171147726
0.277660222423952
0.251646924877897
0.228144216909077
0.20797903296567
0.222939091847575
0.24426548665409
0.275797460001095
0.275846680296923
0.281524018195934
0.30932527306107
0.300850594074236
0.289606966225841
0.295010181632725
0.310897095294003
0.323352212444154
0.319063191505411
0.324676409608228
0.308375541104997
0.278845967305162
0.270886288011741
0.27311222030273
0.274881807468274
0.284019978232514
0.290151366438178
0.262499408229978
0.265932942802879
0.260023311547411
0.262541003468191
0.228108561086375
0.219047114046501
0.221936843796775
0.225354069381753
0.245410778281968
0.249941982043371
0.263116827221387
0.267419780515708
0.254925532119287
0.257304376088292
0.254017372253769
0.25088547726137
0.231661903521316
0.236333040184135
0.213467283264946
0.235811000391843
0.25578367425033
0.25719667007254
0.23165453920818
0.244561861140957
0.254169384225989
0.234214752459975
0.259614643990435
0.231010185431511
0.240962573935993
0.239157017829243
0.234958086865706
0.26228830481995
0.253812925535945
0.242546910329304
0.232993791355506
0.249840690594126
0.250193652442182
0.24815601101041
0.242167568766821
0.247401856906809
0.243149735400033
0.235059610959156
0.231837004973129
0.204628316155186
0.181161286687028
0.188102875750349
0.216533875033011
0.209477590881352
0.225787380200996
0.215821953435787
0.208894619135297
0.21012036307112
0.230818784895075
0.227242485494062
0.235228842124428
0.255029882081939
0.275179159412007
0.266835460356351
0.258593952011529
0.237229661604743
0.230162824832062
0.278678020186699
0.290051330796605
0.300522275336545
0.277691415795858
0.282961640685345
0.297178067962917
0.285035518830684
0.291513501228657
0.278047885782575
0.295536895322971
0.277565341764553
0.26233172955052
0.277673685639992
0.288554098645972
0.287094183315684
0.297175967356102
0.300334687146176
0.29466319688369
0.314267256325665
0.288232443064482
0.305875927281213
0.310287174355685
0.3417438043618
0.371749946443367
0.353001959781257
0.353892841706781
0.33407337235981
0.31650784081509
0.341936221087984
0.334692201068645
0.353240398589654
0.378563273936604
0.37137733029711
0.355035711558196
0.388625156718988
0.330072550653797
0.364955147947192
0.341277204406907
0.294931437044074
0.262108801014213
0.245360254172572
0.243758522912794
0.202223229300392
0.200093410564964
0.189586823212584
0.184095872330379
0.186240861576366
0.193463616036018
0.20748378799119
0.210864034830698
0.201088475121649
0.199034737496196
0.216066011010782
0.228721577662436
0.269152933999219
0.258714653740786
0.232414624094935
0.229244238698652
0.218422642481966
0.193231683862214
0.186353744539799
0.177665866387903
0.185550916884462
0.186888913520645
0.171158304008343
0.172571504433264
0.189621077479791
0.197222427124142
0.200865574312264
0.206741639537438
0.211642109458549
0.205600557254119
0.213386169493749
0.220491724482647
0.226370578011597
0.205183016223461
