"V1"
1.75759055652775
1.05291435580398
1.45925681347829
1.22815710250981
1.46849531134607
1.16348214453247
0.987545165284605
1.12515488272482
1.29625569959344
1.14688181906131
1.005296050477
0.990270896312742
1.06022338944061
1.11512737850301
0.935328403131854
1.26336658326005
1.37289486534243
1.10293468088145
1.03959686539689
1.67015519107026
2.26699684321547
1.75283283468743
2.14362760825904
1.92016581988335
1.58391027937932
1.62146231858634
1.3998564784197
1.97826708450885
1.34931404838482
1.64725351222353
1.51104663310625
2.17740081279614
0.992620775491552
0.906612353592142
1.26387978698503
1.30034448506851
1.48786572187565
1.2709640517573
1.69129462542184
1.1523212865044
1.03449333470276
1.02398185233221
1.06484144076515
1.41934862033703
0.916624120302818
0.964218515611601
1.16511649830368
1.45098862094082
1.17055720971164
1.08530463758992
0.634020378375978
0.642035327015299
0.652010894414845
0.880524814299179
1.04790889659935
0.671304735500275
0.866382251023091
0.756539364622992
0.850296634032776
0.799347790293118
0.884718434309737
1.11121416296904
0.910344408291714
0.715925627227938
1.06711959858029
1.48575290631343
1.04415191276259
1.11886302007285
0.930638607137346
1.23163228206125
1.3926259185121
1.30017279587698
1.04452785719961
1.07276460863646
1.12406835582622
1.24248892808172
0.934352787111325
1.81810289051335
1.30819266087306
1.50840515855603
1.2325627062564
0.894535887828852
0.927831661209593
1.03899218940838
1.54055263547945
1.24444187266944
1.08041859658842
0.584021371676291
0.640693673630222
0.810980861713287
1.05734299910443
0.802694399875086
0.643148636180011
1.05934722576709
1.21541857183844
1.19709062438647
1.33452743159931
1.27405273533611
0.927425251462714
1.00129330113315
1.08779939672252
0.940790508206341
1.76544799504745
2.10930253172367
1.53236271734243
1.47062205971662
1.58229813964293
1.01273675097728
1.58437381154212
1.54046231660447
1.10659906853394
1.35504742573425
0.963842394299273
1.20220766554126
1.61840599058653
1.49255176582527
2.03447206929361
1.42382907879024
2.92725982162992
2.30012062047288
1.95473973072728
1.27877546471002
1.20599212586552
1.71045621681362
1.67970831530606
1.63257061264825
1.07531003493939
1.41352748796476
1.05115912959234
1.16774302098708
0.999733559340701
1.037480266396
0.843942256357458
1.38615257771559
1.49938095586976
1.38967669661568
1.67505588469078
1.26301022278877
1.72545433721348
1.0712654244168
1.18299834021457
1.14602541017264
1.58073624022541
1.54152821303963
1.10238125222442
1.31320263482546
1.07702547675084
1.46572801321283
1.04454590691879
1.18115326816297
1.88860663123451
1.3351518775805
1.08322138055528
0.801552108562966
0.773653156596542
0.59986893513291
0.728151052863968
0.988997521655543
1.35327944447452
1.26058882479549
1.2043663178974
1.60077899778457
1.38517472568424
1.54347575384068
1.40268696306264
1.55790275723433
1.3993800352606
1.12626785826313
1.52458749879841
1.4944784391278
1.48025802238747
1.01939495631453
0.978111410839024
1.28146906012897
1.64453369316255
1.66060546211306
0.928939200177611
1.59865390440514
2.11256187307865
1.69471246584742
1.12581488231559
0.889391218022925
1.85208614398449
1.60521270605598
1.50692269222816
1.17472418435145
1.6369443127196
1.46231379722894
1.21975133928158
0.851633708425407
1.18066364606351
1.8946064748052
0.88798895530151
1.53002701768668
1.05799586088689
1.26912893295361
1.42608497322549
1.21636839573788
1.33426061865011
1.30921023074057
1.54801385736134
1.55709112504876
1.45850993010077
1.14397018162529
1.81698448118145
1.5588599496205
1.32145535784112
1.07867940913036
1.08020025128604
1.07802130684438
0.835412980870388
1.1853462400903
0.838940365975598
0.929817138598805
0.588110863883536
0.787773543379831
0.857545556061214
0.80219667400323
0.721701865076249
0.625020192045839
0.705818799391513
0.7454195450185
1.61221503778376
1.65978228194245
1.47619330177342
0.969597622721665
1.61648218432292
1.05724069886419
1.19123925820549
1.40626681364558
2.08780667058274
1.16163320511869
1.0648631895224
1.08774807841368
1.19207625385224
1.0824849715054
0.904836374113844
0.806951749825568
1.17628598821079
1.72590265986049
1.70484357951983
1.58988063111384
1.31555046675345
0.76276739156644
0.68551885171412
0.690139596540298
1.31799220047367
1.45440506700877
1.29568703987882
1.04242094404857
1.32962393229601
1.6187525677404
1.39263067044699
1.04189787931486
1.20897592266579
1.33615048182414
0.890981115686028
1.1874634449196
1.27864356484269
0.919724109826448
0.949524359573458
1.299516774749
1.37018435152264
1.77502350846366
1.29220336928735
1.02004527243359
1.60859297869756
1.58304535234422
1.92860912231102
1.3041897110852
1.31146929927629
1.85907870457651
1.7519457289721
1.35583407632148
1.07866321776915
0.981724991380049
0.741038129030425
1.09560020084129
0.897445612759383
1.30723600006238
1.63383633033396
2.14894614355533
2.06134251035863
1.45920493070599
0.98723449361193
1.52500592761323
1.17806904364363
1.4366978926804
1.42922754254837
1.12837084161934
1.16175496795982
1.24846537247637
1.6417800647509
1.59765202124579
1.75158187024881
2.04980665994673
1.0514226717935
1.059260315248
1.0469769773141
1.66348548986759
1.62351823596354
1.22313129279877
1.22852218837076
1.4008943957777
1.00775925031222
1.01347969245417
1.18497227530699
1.33943161303523
1.71527987647977
1.47155345943416
1.39503270343471
1.00442046701355
0.93326390688678
1.492748951806
1.22755991348024
1.04287468261946
1.41249447023068
1.10949274947242
1.20033439395923
1.60364981212776
0.955549129153684
1.03774864204501
1.21160290442412
1.20929274764297
1.16970915148815
1.38108069861506
1.61283927765023
1.31601404490231
1.46623056320588
1.26282687296289
0.959398051462233
1.03696929103416
0.940644548086153
1.36656819340236
2.00189521980012
1.60191918610706
0.999861859170055
0.926659577170276
1.06373754909143
1.32173140988742
1.24563747224916
1.40015396726183
1.38645349859105
1.68748023488372
1.59842641721936
1.96913716372268
1.60235010385862
1.65308831962338
1.75383064108316
1.62339124135363
0.900600360362429
1.01246792057916
1.16181396835395
0.990832978786542
0.717766258367209
0.845421050524641
0.854388107877544
0.908007494173028
0.962901927189328
0.883475044862454
1.0213969277139
1.07294182099689
1.35262218106
1.45408041345261
1.64858477556274
1.66619635947018
1.50178150223326
1.19281776100061
1.05365963399312
1.57484277821293
1.14458495643094
1.41788859272776
1.12032379532725
1.34446570037133
0.903325267693255
0.824927828658018
1.27925065625698
1.00657034954317
0.988863735690149
0.941075270568416
0.775595782975548
0.851392964452551
0.70224511992101
0.994008646269262
1.22114500099269
0.908802602380104
1.47463462762099
1.57241115280779
1.32200393881312
1.30480636528054
1.40052475578703
1.1271218859876
1.10870232253165
1.30029514675088
1.02158782753596
1.38066295474434
1.96130984712141
2.00476045029263
1.5426966347228
1.39671450377124
1.6259551028057
0.992118440395975
1.29357403475913
1.17085313547518
1.04883808461276
1.17287732753248
1.37091803008504
1.62828246970575
1.01586198392811
0.835454755168834
1.21148527083268
1.11885416950474
1.05675772842304
1.64400444108083
1.64837337204806
1.515591693836
1.92371813525552
1.78903069606807
1.27193086621867
1.52365180703421
1.51987168786945
1.87307218990598
1.63572986080453
1.7727381891651
1.57304053921364
1.15973498834503
0.930148365328594
0.586123779768826
0.633807261737654
0.821630840519406
1.4747048664641
1.1114749241348
1.29868209491758
1.75626906939691
1.44891525541553
1.42006120553393
1.32792615447157
1.23247986041143
1.23235550318473
1.6731239933101
1.41562676747091
1.14654851936351
1.57447141949607
1.4683202564285
1.04447743054371
1.47862529054117
1.58150485786374
1.59254882625945
1.5346871466114
1.3544878276099
1.42124605012318
1.36338927803238
1.14809921303236
1.08530680778106
1.05178542716766
1.07900986891953
0.922214002789539
1.07643330054428
1.25343353640776
1.02681944243713
1.15073349247631
1.42951530864602
2.09991029092926
1.62394507294771
1.65064545900892
1.29151272376908
1.06196507498369
0.591707753694313
0.518790195483154
0.512927525311251
0.598078004820041
0.816134891446012
0.86744293940296
1.02671744788871
1.00751744413632
0.949320219803744
1.20328730785289
0.830092400431691
1.11089052584466
1.2024327457784
0.860362179498248
1.31298898379104
1.5027903396453
1.38956043827942
1.08786289857051
1.9958916206198
1.94324088011657
1.72696205895018
1.06786415377625
1.49662084577121
1.18829816012213
1.20183909980218
1.02291197040629
0.764783562575418
1.30322945065546
1.2461265070941
0.931015214226257
0.833946264909962
0.681636074704704
1.10641145367183
1.32388706032076
1.2387073327748
0.789161628218713
0.776234731450811
1.3550538245993
1.17975872188035
1.30197408059123
1.06491285226964
1.05363674516387
1.2942819191964
1.15945423951533
1.44607923741101
1.07739487576241
1.02687745449908
0.658254230419774
0.879541427389986
1.26832069377097
0.883148476062465
1.0113208079708
1.22700149881036
0.965047329067715
1.09597783903291
1.05311901862111
1.00636297996729
1.01071300706317
1.44322497293646
1.0152459118966
1.43908280098522
1.56916545135021
1.78618994440418
1.15592698833536
1.28988495774961
1.37734482740281
1.13530571487744
0.913570843911555
1.13112964922579
0.632149157451111
0.794813890956397
0.804995228032508
0.88552274858526
1.11526502977036
1.43813666196326
1.19685102736269
1.65693723316763
2.18957946793621
2.14168436308245
2.29573697649657
1.47403367143824
1.33617952038501
1.20449996997406
1.03367811701404
1.09144429204897
1.1239689369997
1.24445577165046
1.06152223454052
1.14795278048908
1.30651480019285
0.991867495661927
1.25180468084425
1.18026972098587
1.01901838514653
1.07944266582939
0.975396837614937
1.22999451698112
1.15560613220978
0.729107359735604
0.706317366345006
0.838487445814365
0.934551586130454
0.855515978993152
0.959564640318741
1.03363881470607
1.29624739850323
1.46464435617296
1.29583483634389
1.36580013571311
1.76507742139324
1.76546852741904
1.49327958195564
1.1681570821951
1.5700594318076
1.49237207527497
1.44129236409704
1.27732541445042
1.29224869438686
1.35204989388563
1.15098402405261
0.950060438500763
1.1333292414092
1.50209714063436
1.51922656253991
1.21610533682428
1.58515218518728
1.90305984660201
1.32238729442442
1.91958799021576
1.90834329309574
2.5455023262733
2.12461726630333
1.48893315517052
1.30074134782265
1.10748047010495
1.60838483003787
1.07969472109215
1.06765174245404
1.2741931285556
1.4892041788712
1.03567187608355
1.46456265308278
1.2589044514256
0.841837601370467
0.953101492348451
0.711406327491857
0.764254436338613
1.73943834474537
1.41896091111881
1.57078948501159
1.43818160313127
1.17406280103885
1.19303599256669
1.09218583095293
1.06524548570346
1.03942397609165
1.05247539895126
0.897166552408679
1.33500658034738
1.27128096814305
1.09851169611969
1.38954521261223
1.19060498040681
0.867634578171788
0.867596816024077
1.12580141791524
1.38879912902907
1.17417879501609
1.19137532163331
1.39281991280241
1.35233352804819
1.58661506624983
1.42265206554541
2.11336214028266
1.87937427881847
1.77502836384991
1.17697652847662
1.18672973776446
1.65181920011077
1.62670530587271
1.14475915252359
1.26430681149399
1.08159098565654
0.884608941722341
0.667865965780236
0.527642450978174
0.522509219584898
0.977406952285652
1.07327228530548
0.826818387362647
0.748116476786754
0.794324798287791
1.18863312896673
0.874746011281641
1.15671899389475
0.945794575741721
0.831582754911193
0.669246140643006
1.37846536882158
1.43892069519554
1.11212285137097
0.870418542805552
1.03632561189227
1.09106745790764
0.974333736175613
0.763218543857096
1.26441976795453
1.47272472801024
1.72880268485882
1.51902744505595
1.35676235824973
1.33006962421648
1.13819848409651
0.806738464588958
1.19767015559139
0.850994277749569
1.08443169140336
1.07519124276546
1.44969850666164
1.18135848075201
1.14220933186147
0.940997613950277
1.35849665085398
1.03489868072243
1.12095023915265
1.01245149421752
1.35812982403143
1.28517794182571
2.13945588820374
1.79756289506177
1.36242356887081
1.30947821105592
0.749100011835458
0.742619878168036
1.07944174955683
1.15874535893218
1.35122102892972
0.858835396532279
1.04711273021618
1.02877582039483
1.3795459242328
1.2015686437091
1.09771004771804
1.56877950120575
1.51708545811235
1.0911891761611
1.22273267794658
1.17169874583534
1.04215862377611
0.995922950354382
0.876210088158153
1.43767650482675
1.21548140912943
1.22076774355954
1.10233404042353
1.35765743210761
1.17714313342263
0.965849849483149
1.00651989785215
0.870946778998397
0.976078282836679
0.871123112472953
1.14197947672634
1.32107532279926
1.45021069306587
1.0032126768486
1.19336448599692
1.60058744483768
1.0133238867337
1.19099490766025
1.24875559045315
1.21307672251255
1.15987857412657
1.21824289782691
1.55181933461102
2.03812282881672
1.70240713905586
1.64800465516223
1.59774435074992
1.39099655224626
1.78387563146147
1.88852742471684
1.50753075503305
1.55111458918747
2.18700003585066
1.46925240286776
1.92852896189531
1.38530639479438
1.12714791142582
1.91284927477627
1.77080224766867
1.34025652276445
1.42917386080659
1.69847595734689
1.42400916514962
1.00331414282295
1.27016208307153
1.69605801332919
1.10883569000139
1.39248087706741
1.55846667420347
1.33912128415009
1.53783096554308
1.02117215394814
0.892095500665149
0.780316159239223
0.873811930172202
0.818513132368488
0.616540772946432
0.628788535571198
0.768896335724026
0.777094349295444
1.16673115565937
1.15202990488946
1.46624309713562
1.08893107528725
1.22315890612118
1.02023717051159
0.856459506512449
0.919096134598924
1.91092842018242
1.79795822699429
1.74497529983242
1.4811145573583
1.16946403388283
1.76271887750722
1.40388578450553
1.32924438447548
1.17780523404812
1.0407722714079
1.32802553549232
1.08834027905781
0.957709559491691
1.49260374395164
1.33369949790757
1.40655779274297
0.898129189328298
0.906561183556311
1.64680211088257
1.43687069527324
1.99225939237657
1.46341923796706
1.4045311299165
1.72065282413655
0.946748167694525
1.14802868750168
1.12805898240356
1.82001026670934
1.410516630048
1.12558224528183
0.892628206653552
1.08198426937465
0.820931203778342
0.53408222386353
0.972965534599699
0.902506227019463
0.678547556515077
0.711005263377097
0.861485495601376
1.36149549877269
1.4507619772667
1.23377768435909
1.61542623764131
1.99194783973265
2.06960046695018
1.37905783326977
1.8018683677541
2.01879027205328
1.55345355227762
1.96640199679879
1.53781823941884
1.37736203235609
1.50679189410447
1.98831686971954
1.7650816866999
1.32061474850155
1.89382339237977
1.48150666337228
1.37942185536431
2.00905622911587
1.61463669265386
1.34133037440912
1.117443562233
1.09771319006239
1.27853777949634
1.10801345401688
0.901539318110256
0.848461960731365
0.940910020685373
0.871232060347132
0.773436858040737
1.60437697076299
1.59116221087802
1.94920519392722
1.98900036585358
1.75893643553018
1.26362205431905
1.04561681241992
1.12197740273945
0.925176952091506
0.875524617120554
0.890385713854868
1.04311204073787
0.859401870066145
0.995258758737726
1.11369788733403
2.04652630652657
1.87887835793645
2.33970934418117
1.14639876399789
1.08614223834511
1.20584974580167
1.71487853472329
1.83094072762629
1.37219856874641
1.70783071193812
2.24629435400771
1.88530690032329
1.93371096697152
1.18588126141474
1.55129547689674
1.41600795056279
1.89212595283196
1.91634225262927
1.37573968547268
1.2884853101439
2.06752230062451
1.98234274746908
2.3086666639159
2.50058709208278
1.51492504972114
1.6592695673199
1.841936168081
1.82090701650812
1.41505139494789
1.1449445732387
1.6853964827167
1.64603504499162
1.47066455377906
1.97412473758573
1.6319652692815
1.49516186138545
1.46460341124426
1.99206777874185
1.59409301234306
1.72080476639761
1.50259498154077
1.20654776182943
1.43121585409082
1.48877340647162
1.44263048432624
1.85790767671816
1.952431396459
2.29209551052718
1.385806131035
1.82756295665228
1.17604947360808
1.21467525081899
1.2001579780799
1.28240074249081
1.4232890973944
1.19032586907373
1.03911137039333
1.05789109094762
1.05527967699836
1.04569845646692
1.12520286618768
1.40396705151674
1.91153228912392
1.51977210965729
1.88246991010789
1.756460418013
2.20336551334255
2.09709274058858
2.04212465043017
1.47698487076909
1.74461927028622
1.62268607904791
1.18213652012039
1.48609450146265
1.15215311113614
2.12782117297025
1.43794853236015
1.07780298060295
1.6528825417205
1.20632092027876
1.31473813908962
1.98908544213993
1.72129785054484
1.03772192338294
0.841191553107653
0.827408937700697
1.28372230355081
1.09732156880698
1.46778721609148
1.75206346828299
1.56751802415842
2.50192356447886
2.09475129577167
1.79245157088679
1.55039403441398
1.42028623520892
2.30213906125688
2.079896782025
1.44298196342121
1.53708822228962
1.19611706301843
1.24290235968462
1.31609970941751
1.0603488570363
0.752920590624254
0.9657773947772
1.46136308940882
1.16265892085884
0.959371518587027
1.31970797409282
1.21226657762378
1.16699236625612
1.02913942429069
0.909019199488091
2.26336901293957
1.60196751502139
1.13404820973495
1.23620850427919
1.66172301788238
1.29481427168678
1.08245728876851
1.31046691176099
1.22047181627849
1.00415700756451
1.26225870410477
1.23402792156388
1.17414802204445
0.941345400889373
0.884626858782479
1.03444278522841
0.828839827718786
1.00253551532931
0.879698345229533
1.33648065537504
1.41771682447194
0.954933820519585
0.952569347472351
1.54190050845882
1.39454798422126
1.47839583412212
2.03066141226606
1.63833023927985
2.35036724795252
2.01799153760687
1.83349119447732
0.895562379855184
1.10917010920393
1.36461759868927
1.91230602714937
2.18667685445543
1.88775088292782
1.23805405352637
1.36984146965545
0.975257431744577
0.880692620729075
0.978866395339767
0.969599526757828
1.1934111225944
0.847536780074756
1.14336294528141
1.05823196799718
1.09465719734628
1.03187541271773
1.11737017329416
1.04919880227399
1.19624570428208
0.954880115093523
1.28593655776071
1.02771487058634
1.93486318903679
1.7053468851502
1.31524011018256
1.02440497017813
1.08561708268121
0.981436391481817
1.04816656733694
1.63736131374675
2.57595282935514
1.60307862320401
1.77965701455077
1.93548134863497
1.7512922497265
1.83885631799488
1.46291415738246
1.40369643132413
1.60813596810617
1.81587724911904
1.58845104072786
2.1329937913289
1.45763965481802
1.58052551167728
2.13235320613295
0.873360928786557
1.08358335533656
1.34582821069079
1.43695420245159
1.49160034412477
1.0611843364743
1.62578913805099
1.62649747245456
1.67666525106967
1.52236851859107
1.2202111950045
1.2411531704497
1.20666419907938
1.65651015654691
1.36966232518214
0.847532257669217
1.00423542613413
1.06587828653318
1.18175473413481
1.30858188105066
1.25949006988683
2.10923379984206
1.68313978174912
1.66949928499831
1.8269246734449
1.93515793387893
1.29164475272835
1.22984480970112
1.2336668259289
1.47398167062547
1.23359290055298
1.29519997256134
1.39651117933118
1.94375006247207
1.3645220107855
1.44547342848632
2.0917978134249
1.92061049982325
1.08679132102248
1.59030463963102
1.72647208054033
1.44313354333544
1.44808154845835
1.08142762062624
1.19655722671731
1.5460762587318
1.80007662152859
1.87293972534875
1.59888371751729
1.6826933380843
1.41934669380881
1.5756573620532
1.43741967152258
0.950996297911759
1.24317420817671
1.45073243384994
1.88941594394438
2.2707041191236
1.08018475597722
1.02800267274067
1.3165369449561
1.57704736478246
1.42269190220845
1.52272483330848
1.07876293167169
1.12248933140954
1.17314659975086
1.65699896920548
1.26200322800853
1.17502762585261
1.24148124237723
0.91716714939785
0.865187151642453
0.770119146497606
0.991466367031437
0.897880306642925
1.03618582529626
0.980788053141911
1.18408481730277
1.73669437993798
1.6977163220251
1.65261828990072
1.24166627587192
1.23324465244612
1.49563492085515
0.77451860877868
0.8515711895197
0.723399704479135
1.1726081192113
1.2705743286942
1.03695563608552
0.90337207156263
0.822194726161612
1.17068685418398
1.25577518315167
1.48182361702136
2.04350004606659
1.49909551078997
2.47153102425581
1.86628665202027
1.97443662786311
2.13787410256874
1.85769449887253
1.38034588929658
1.38254196594519
1.68974563715285
1.44178338382565
1.38831389639897
1.57671916157889
1.33921405441078
1.74008874781516
1.3003543302845
1.34901556376008
1.14637849766826
1.44886709272562
1.02243917286849
1.18427533709776
1.21696677520925
1.26348569909318
1.5863779624427
1.81637094480951
1.06891011741378
0.904550493394009
1.44632463914598
1.32441201440124
1.31516642415027
0.902987571067718
1.24334948528932
1.52372662436057
1.11772429111598
1.5466613010514
1.66519031514816
2.02365061443772
1.55854772281079
0.907166001374285
0.933684173095687
0.751932533451578
0.724820765122798
0.917640366310694
0.766939113203824
0.874426975649824
0.945391589816339
0.643482743532095
0.871458393781364
1.27381736747468
0.845584099795295
0.846407921069007
0.634514476561506
0.654132664263134
0.712697272136924
0.693879344411416
0.831410429410644
0.835326704109266
1.16451118242226
1.17580039865497
1.16288097926107
1.43296690814501
1.29906816633745
1.31769623702953
1.58922569058756
2.12058088451349
1.66684958678515
2.09955912304372
1.53596120397422
1.42229825187448
1.15938607621207
1.16798727340341
0.975563955761835
1.05603469104572
1.30350387105446
1.26623511291039
1.27643773836392
1.29086048321951
1.38288877352983
1.66956931385617
1.58525498886913
1.21318278440908
0.669534528977058
0.774079920941774
0.831109356043971
0.845312674310228
1.21094617827134
1.11893901795429
1.40882544598866
1.05057839036692
1.20645355308035
1.14398133585067
1.24148467204063
0.725007325968151
1.03501307901445
1.11533919142478
0.965370580558937
1.58790104771245
1.72967316483736
1.9790782507548
1.69751759469077
1.87319760431913
1.60721095689276
1.69082310587595
1.97912243350713
2.00113787552346
1.27721278203843
1.21430086615372
0.980381379874836
1.22609946195708
1.16827850800095
0.909664158738558
1.57344586058264
1.60347802894611
1.39622152141279
1.17214203571711
1.77804370676352
1.55447648226837
2.03035828304687
2.00204287760293
1.36551238080034
1.14336866266304
0.840952122243995
0.841304532960706
0.980759342224942
0.603566336966108
0.976354687319158
0.758063324151595
0.81597981740968
0.933281222190523
1.16297285121216
1.45197675418905
1.53686794886634
1.41507353663413
1.09765048645834
1.32663424140355
1.30347984520402
1.27750386699671
1.41196543424342
1.54523804707034
1.676327373688
1.32491524120802
1.34338261896834
1.36255308125494
1.88310410906079
1.63558959594839
1.74625779000056
1.71896594283005
1.23909792812377
1.2894629586706
1.59540621780606
1.34266212431963
1.51339129352236
1.37572043175027
0.997970506412125
1.39756188436748
1.18512986418068
1.00707855143152
0.909178211017115
1.25635532253493
1.63044723505416
0.956488951798552
1.2183710682889
1.14012663000179
1.4376215928771
1.55861411133285
1.57299209962464
1.50756157449009
0.835173769148887
1.31261703890342
1.7276525468234
1.65294031523068
1.04993464843381
1.50971445037762
1.44233518580164
1.42053938131489
1.46503589675078
1.06321138882117
0.970420341192451
1.66240565421281
2.02620081123199
1.04189897466164
1.45738706202288
1.45105250119019
1.41800741274908
1.8187116079526
1.4330707497687
1.28258389224167
1.20717908581722
1.06093778199261
1.33739513403671
0.982705086477835
1.4964357056254
2.00066278500844
1.97412698638562
2.05752677307874
1.67655619832099
1.50380577781566
1.43469884037931
1.86248844090936
2.42104275316606
1.9090594315103
2.29842710898025
1.55020820546588
1.52926650805937
1.04429075744267
0.884200532238517
1.49926525569612
1.07617689456454
1.17640172686495
1.49335139004028
1.29830520079107
0.991871429006856
1.13992286833954
1.68661797533037
1.60556462468855
0.95548390709583
0.977859153005052
1.30630779377011
1.58437454239252
1.34920892856962
1.20921148750838
1.25846221726222
1.32469113528972
1.59997847055304
1.80613432984488
1.2145403808863
1.07826819558865
1.16794212361747
1.34135544758242
2.12468936460883
1.98274204091774
1.50722229159895
0.864726233098489
0.880312016808145
1.02406589836234
0.986991216501369
1.24739464989934
1.55795228763825
1.62894432980656
1.56947934268694
1.41322143217043
1.05218368232954
1.27351430536598
1.12927458976377
1.2200468388009
1.52154884353102
1.67169946558414
1.2815332975872
1.56496583660486
1.16827015758162
1.63347146349286
1.09916605236444
1.0629144749665
1.11737657010058
1.33516992469575
1.41890966826982
0.994242164702372
1.09686653720354
1.49107581217343
1.79699473166204
1.38449948506347
1.92944962443902
1.76827374377499
1.60620047627475
1.37109776477989
1.21379670477807
1.58611675704029
1.71220648831429
1.6989773058867
1.16104836213831
1.40134456747277
1.32726312523199
1.46013775291792
1.71268157728978
1.74669435788517
1.53196463787043
1.29983004400906
1.31491053713264
1.63286482193101
2.31116002775629
2.33448039265993
2.00029408090973
1.48105151119209
1.76931262477028
2.01418031967389
1.72264820063448
1.66453808771968
1.46761198405133
0.987358733550328
1.59781008610033
1.09398918019805
0.743154546754126
0.982308917160219
1.19396248601042
1.12547833732197
1.49544401599162
1.55534797456086
1.5135440085509
1.67212732083907
1.05351010297161
0.870318821022074
1.18304759085062
1.02157240197372
1.06537039966216
1.57981497162408
1.41583063053579
1.78196102929997
1.58110275086432
1.17967847241461
1.44870308644976
0.914460019273159
1.2153871385827
2.0241178893133
1.63129948635708
1.54963884683527
1.97379757077265
1.19259732698541
1.45306105402485
1.7982310125659
1.44226750554935
1.28799549167601
1.38264142555938
1.27206362054568
1.50873776319989
1.36364060111589
1.37371689884921
1.60054396187436
1.83858042301031
1.93668909517059
1.99311084118621
1.64961172392168
1.77297308960329
2.03897766518596
1.63062292113554
1.38764413637363
1.42302745344138
1.34498392523312
1.53071021488533
1.29637090643216
0.93398062358377
0.815167482932672
1.56644905080916
1.86047662864744
1.26696187672841
1.66558898018269
2.33590232993902
1.61450139123451
1.47173374646224
1.32618879810924
1.52210207632917
1.5522766506712
1.36346345757794
1.11309220229113
1.32027505818868
1.16929840725982
1.45376347939902
2.83799460666175
2.66325189551723
2.28802751215045
2.13405412656759
2.27911119970789
1.97974000223837
1.64227866265151
1.86649792729305
1.87151213318163
1.51416230749977
1.44175300343632
1.52920335445699
1.79672829237546
1.27102653327237
1.42330313707729
1.1400141970174
1.12740824891645
1.70821748354434
1.9003020958607
1.35392093038139
1.02874028845827
1.67183579891816
2.02730714190934
2.48291083192901
1.79016835182421
1.54867086306618
1.25229628069683
1.3133983105288
1.8741498261347
1.77704173802497
1.0445862616809
1.14183533232148
1.69476612977867
1.7760007483531
1.26889753167713
1.89689651059871
1.44496848366091
1.59910608184678
1.54378226214018
1.22574839351893
1.80122303716478
1.63795600558854
1.07188569139785
1.27434376173024
1.6009774753163
1.14099084538455
0.964163151161779
0.84531131492709
1.07170167581284
1.40073270568853
1.43072928234289
1.19961953508022
1.32844133547807
1.4864203889124
1.29429130061307
1.37315358613003
1.31779177286527
1.81969131552269
1.55847170883822
1.33004500834475
1.11204560717318
1.52584600091682
1.38373865183715
1.46744764440346
1.09251431387512
1.29673945858251
1.40257039208024
1.47710650076837
1.48523131802832
1.43903305108701
1.22467487336123
0.988668411464079
0.827595763109185
0.658094479271716
1.29955819434476
1.32727626924199
0.951409393429746
1.26052630276152
1.27962130197208
1.24170261815899
1.25795185166498
1.17298394215255
0.970680166126011
1.00687151590027
0.563179427286494
1.38511446703211
1.41505975162055
1.51868112769386
0.994098750413233
1.07362124385942
1.04473949336666
1.0670009825534
0.835651582247656
1.10850431022035
1.06648355440214
0.979112450427265
0.798869761295418
1.56579151054352
1.00540750711824
1.50561993908481
1.04214818126203
1.04479207087931
1.5581270286446
0.756633337302193
0.666777493180131
0.519466676772997
0.850667669549961
0.803113582352819
1.10034417532427
1.11747346463328
1.33034068046998
1.0329219366532
1.06240265208744
1.5189508382523
1.20526923720673
1.42801201132433
1.07585122708039
1.39484380861619
1.76587319700494
1.36037003953456
1.18680844156709
1.43902169815098
1.01319804097691
1.27819875606671
1.33505290452506
1.47974433690485
1.28950520615823
1.05452065319562
1.92961181611657
1.76131535470772
1.75953362495593
2.20216145536714
1.99683469136372
1.79764035826698
1.66699329836592
2.09455909236072
1.95698888582702
1.56463497425054
2.27013428498944
1.79308186972446
1.38939580449368
0.973567569520706
0.920318625174545
1.22237774115674
1.17094801306303
1.00423037993605
1.47337929679201
1.27710214951912
1.45844503930949
1.69332647996181
1.2204244018319
1.11272282235151
1.06844080850718
1.40913845438843
1.2137508749516
0.869550972484486
0.92929106589735
0.943662177928184
0.948678100918176
1.31298090751515
1.42140255292726
1.36234547732662
2.22321932559236
1.67357769481352
1.582719226724
1.38028201729922
1.54526995058262
1.72758887363018
1.16998433668001
1.18132930949701
1.35799194604106
1.49388793103811
1.95803137797044
1.64711377504468
1.4439987566036
1.28395829778996
0.95683580681113
1.57197242991553
1.542023508003
1.52907692143323
0.837046254815227
0.705438802345599
0.814368203453958
0.815249194657563
0.925528389600477
0.618805486006108
0.771228223768214
1.30364971156283
1.26390395078822
0.937244013538029
1.16749516474281
1.5655296661098
1.53386109923022
1.98289982468479
1.98301860760975
1.80234530496765
1.38432047215297
1.47942352986671
1.19895868766097
0.721829482185247
1.0956573855928
1.06451924521396
1.85283606677851
0.931193282657815
0.713967644080712
0.915923198691851
1.22649975630407
0.918225390756688
0.843536895553888
0.753225906042547
0.829894432733918
1.01962049085318
1.27953786215919
1.18606178778895
1.24346335451246
1.51557678125789
1.5671011907815
1.57323860287381
0.973847896710123
0.96941493825443
0.969478772642437
0.832133556143333
1.31975421376146
1.55982484168928
1.52943895571733
1.57231191577699
1.03870535680809
1.13497534838877
1.65150859224483
1.65248309973831
1.81423004572249
1.49573585146201
0.989572858641756
0.893173518897247
0.896316783240912
0.856647215673795
0.64279959657385
0.932753034325354
1.10770484457612
1.26485934443221
1.02914503576131
0.711642524061984
0.721380196484526
1.12594698170152
1.08944151604567
1.14859151057598
1.50730877784467
2.20944079057641
1.4168880512704
0.588549885872512
0.61820911877076
0.874980063437992
1.02357945329255
1.07669620372103
0.740206294472992
0.7807020327198
1.05627365112734
1.4884141643473
1.18482282961157
1.26093255569496
1.09268284006926
0.973779300951666
1.15943871660848
1.20029432555678
1.38143955972946
1.75509446740981
1.96943622839308
1.87503880777441
1.5827614757605
2.28290982249436
2.3036033806664
1.6613011296123
1.22051080513018
1.11536027117688
1.02565508842096
0.999762847704391
1.31030395949001
1.06083581150384
1.4039314876436
1.55125134944932
0.940044982698386
1.11543341754001
1.23659369952754
1.03063743722174
0.994778393416199
0.93647094451296
1.03872194038141
1.52376242082433
1.19981234879514
0.994969298298042
0.965587781646002
1.14941147935239
1.67485376166981
1.76054623168052
1.24924899974533
1.42037458147973
0.95972593471025
1.7317369167883
1.81875581455679
2.04320219977555
1.82290487081916
2.02487615657494
2.29138542253099
1.69182067843003
0.94834222512751
0.907896421688344
0.870197316038119
1.10791525770761
1.41691280775765
1.44529511640199
1.13146016809663
1.28833067842254
1.57020591780015
1.29957651801197
1.30516302441808
0.986985629294843
0.997178755047732
1.19306132281189
1.00117899141622
1.33184101543026
0.994072399042396
1.34416179647629
0.98887965957975
1.07895261954257
0.98208195882408
0.998775941314483
1.15806902044825
1.43411648246829
1.32916809943943
1.45867361260714
1.54137130214319
1.59546022340451
1.22132295225465
1.63106630354344
1.20753071891882
1.19910892741329
1.18709765815055
0.934563466652759
1.06178059218762
1.40376990231586
1.13650602406186
1.05600135304818
1.45035659991363
1.30579919300687
1.16263328657509
1.36742648650884
1.18048171897584
0.991225406877104
0.925327175413029
0.934703478466493
0.945140690151922
0.643979246436929
0.770686757833695
1.01384655609925
0.894462348367706
0.796082762506938
1.0746619441403
1.15388439795578
1.23380417383675
1.81017257844797
1.18487272517199
0.876866666193742
1.11117630034837
1.09430541314818
0.655902960278486
0.959795309283133
0.775514255444547
1.0935948012795
1.25912996682741
1.20169693434458
1.23017201336415
1.38593687039001
0.868226838414279
0.957238279919864
0.975741648214032
1.02612280964609
1.3533313135594
2.01018324073704
1.83764555740566
1.50616602131335
1.6705994849788
1.56931612172078
2.59986838706052
1.44946971390144
1.68555777755061
1.58999949127435
1.42857756355424
1.21769390549319
1.57770584270088
1.05770292537076
0.943323570986035
0.977569454305818
1.61156259700239
1.6518557389552
1.541299780938
1.11190155196399
1.041192282275
1.32053030182166
1.64962128544606
1.6484283049279
1.37233364509166
1.19848667869728
1.4071639095971
1.99904926200548
1.07593671418245
0.818525935552862
1.1301854761794
1.19431574677432
1.19323811832417
1.34633089082806
1.08815430637826
1.03988830123719
0.880049813500976
0.936145726071485
1.01112807552798
1.18701931263345
1.99029259765972
2.00874074721325
1.37429769737953
1.15678493160178
1.04688891099041
1.1221376301214
1.08499707812611
0.839279099759203
0.5570359197045
0.906206949910116
1.25783595765775
1.07488055301455
1.25789820255651
0.934345932379105
1.29955365523096
1.6171335557815
1.13959462947306
1.14500033356018
1.10776033914041
1.88412858419646
1.86657909694202
2.34956288311511
2.29358264211169
1.72433816169718
1.75202627652987
1.57842235142187
1.42576605041654
1.26296083538428
1.26380143786858
1.04625358712616
1.41295422355104
1.50596593583129
1.89328963237718
1.18606767380321
1.08891921683083
0.767762683668581
1.22807750065179
1.29630814312829
1.24456074894579
1.32613481295013
1.17744430912692
1.18769422760626
1.24669903140627
1.07019792917708
1.53269112877746
0.97915241387567
1.78186459423183
1.82987845257822
1.79686538847712
1.80861806386227
1.47564783342011
1.86506798328407
1.9165613361548
1.7439568260384
1.5099085670962
0.995890768755787
0.969215160546434
1.14595988267246
1.6390373589142
1.68743984471591
1.071508095809
1.39926180899255
1.8297420905334
1.25842353377877
2.39993150708406
1.19869116423198
1.27452335347968
1.43932649623038
0.903194306568249
1.22471944955136
1.4551537494434
1.57347805728483
1.66858319086039
1.56348248162641
2.05743977619806
1.70533546942949
1.47886132715443
1.75978756075425
1.82835643080688
2.27740135752664
1.54911653998768
1.33169860486948
1.34509828897617
1.29233545384778
1.30185389970721
1.040365182387
1.6414317587719
1.36463686115566
1.99828155550202
1.88492607769124
1.66130482499469
1.32202034469424
0.962098490844138
1.20160454617496
1.64433894632626
2.05214533593704
1.42035128431238
2.01949865010998
1.67010136333547
1.84119985960156
1.72228905948777
1.45479664288228
1.5521714545376
1.36302102612337
1.26477054548447
1.24610370452841
1.62768537304143
1.74789851140667
1.62834957659037
1.19224957977043
1.21841859883169
1.68970128707607
1.7717293991304
1.07277042171765
1.53189731622194
1.11968171867296
1.30339095384378
1.43707164837165
1.24013498002151
0.860578982493271
0.874489915737673
1.14851759632451
0.999992056777349
0.913126948278061
0.94903723990645
1.75296047782325
1.48591037388573
1.55240659298028
1.74963876120052
1.86624711980644
1.02750832299509
1.73314015104247
1.19863758586925
1.2708703061539
0.963722608963539
0.989064335336436
0.763436923377022
0.943382426369276
1.06534670475354
1.10202801563085
0.947156940947958
0.713050220527909
1.13095463498585
1.45925853992547
1.56110938306903
1.23082662905033
1.0541553317706
1.36657964499118
1.1990428384249
1.22940539354747
0.826181045713132
0.972282473554068
0.987343688416792
1.86555334756629
1.40158061675384
1.31583390106382
0.704217572793059
0.793580728523862
1.14546512632382
1.26244606282338
1.07320648578951
0.811059973939433
0.991116660524172
1.14796027207955
2.14376512150838
1.60085239851453
1.49042683096245
0.737057643480088
0.786436044595988
0.802974099757788
1.30650963658141
1.25626117515434
1.35103709958251
1.11755671295226
0.760885097559413
1.03733452818741
1.28436528091104
0.818375760396823
1.03931830431882
0.987251848903772
0.973120195124857
0.937442660953567
1.31426634329974
0.977646155842523
0.96025755583969
0.662058100205539
0.9020050340914
1.00533430331451
1.03796562018094
1.00579677544648
0.905757044011638
0.88769422215078
1.58039524118826
1.9883434501708
1.88814813193676
1.08589641245568
1.33077906608594
1.26258192705316
1.64082482555178
1.5872206126502
1.94618936412505
1.63238431839299
1.33052146558872
1.71278172642563
1.16910346321525
1.97744146827032
1.54454656004516
1.53401191174337
0.972577949151114
0.979219580332801
1.22181425082034
1.21309269914537
1.18122089350148
1.33788323331135
1.660128372988
1.87533516766389
1.92952914093936
1.40188378980635
1.0773268520521
1.8716616591149
1.12919001908962
1.75633842099296
1.75472703642923
1.70412951408299
2.09328044396123
1.68612799650019
1.88709418816432
1.41645493156201
1.58939014319318
1.0867239554823
1.65819126742415
1.98484825442426
1.86843514493295
1.96183330008301
2.17963271007872
1.18000388563843
0.825454315987978
0.941300439280705
1.01998741969932
0.845358734449596
1.29615991758516
1.47791882804113
1.46757779817937
1.85259787556176
1.61770103136887
2.05765929926358
1.70861156014095
0.955408631001024
1.2741747075827
2.05667747269063
1.90458843893178
1.74755370512717
2.18938840100587
1.59258499543723
1.66663722716826
1.79403284667929
1.39377574144016
0.933229158742171
0.916979760550333
0.990802223374991
1.62742470403708
1.99154931267837
1.74056996080055
2.21422423476572
2.69636329542041
2.56828289676208
2.2962805742813
2.12495851904532
1.30517140900504
1.96900181009251
2.42059682710929
2.11376449018424
2.51805236456337
1.6235259280204
2.31659279653745
2.27236253389481
2.2523437464947
1.68433933085011
1.65244245131844
1.60941083676131
1.42702560374302
1.46826976652454
1.12300681556105
1.54815053885054
0.985801096472253
1.21823928971542
1.16963584823019
0.768646033269488
0.89892924515827
0.530340449173891
0.660610815826332
0.556122236671108
0.498919957701205
0.527285834518598
0.824522290097493
1.15183415787998
1.30130694883025
1.1303696666549
1.16554369556743
1.0965169951166
1.13427476439177
1.24029271880467
1.14001769019344
1.05897737713689
1.16003655575543
1.55065873706223
1.4154916440134
1.25944274577779
1.11155924271319
0.897681248940211
1.33146134600885
1.41298007573788
1.43185654714347
1.36095795888651
0.933755778773319
1.34915429709907
1.17264786144727
1.2602066479304
1.27257894342584
1.3645799836682
1.63831947157769
1.73181196588279
1.53402751598484
1.70219212329028
2.14190313905754
1.85431634410568
1.47026247892591
1.55510050791506
0.890393204598317
1.52851893855648
1.16365206898166
1.14650881317573
1.1110895393663
1.09674053042798
1.57105952112021
1.21075594379384
1.22627069588501
1.20472666199622
0.943143332065451
0.923698179816155
1.04604602704335
1.49150046507772
1.49793867452986
1.25866775591923
1.18499323534449
1.36425190191907
1.40814013197397
1.37580955303625
1.21897737872669
1.30362754330361
1.07919175908945
0.972387243375793
1.10153377452778
1.47056188180365
1.36820755578001
1.09063576122178
1.25992438649234
1.04704347850704
1.12727068172204
1.65752686941435
1.5072455444471
1.40267900874657
1.23519151544991
1.19598060658943
1.46908979966663
1.1434004382606
1.92329685083246
1.16026265571201
1.04472973235545
1.5086973745531
1.64557745488469
2.24491853910074
1.89149880243292
1.62843221348341
0.920658078445205
0.926936753127629
0.991438857167329
1.30134538731818
0.920176749727672
0.821450199897142
1.06774366454659
1.04135960223837
0.877690421119921
0.851484105760276
1.28170189454529
1.32927127157158
1.16136694589929
1.08455918756672
1.61789405314878
1.60974497270726
2.39118498591205
2.28112467563092
2.00573609720391
1.92873479056925
1.63893707535056
0.979201223385928
1.18287177275867
1.58706190901947
1.43026891413473
1.33025842346165
1.5109203862831
1.27082818776261
1.29490122561253
1.95632728512663
1.79144070038934
1.85277319782537
1.81067928595434
2.04890303660939
1.45904401908401
1.60217411097066
1.29604104167896
1.50505179458897
2.5532442240129
1.70653858603902
1.34938100262558
1.51477314751697
1.16738874235225
2.02084259747767
1.39347993084581
1.80618533103624
2.25576889937694
1.31585708792661
1.62427594516757
1.1501474450915
0.858397434362919
1.39079359343483
0.975443734992435
1.52167716651294
1.41522838377138
1.69518567016334
1.9241084316858
1.80085973644976
1.51195048280529
1.03319739164163
1.10205298898943
1.29821376838498
1.23651638413674
1.08012254760808
0.549867310759343
0.679980086650144
0.809333915937044
0.675729914478289
0.74183421478588
1.02191839646432
1.22532141039646
1.1082052270227
1.5603504090873
1.54778567517309
1.09300745778549
2.2082582107162
1.79543617311627
1.58739180875948
1.85519353582268
2.45344475314963
1.87642492511233
1.97725967523683
1.30274354560051
1.11033604648335
1.22950350629496
0.806644028866648
0.922884518342067
1.15982850496064
0.914251187098147
1.22878854850405
1.12686586394572
1.03366051871195
1.05257393285367
1.01984778085184
0.66814345409039
0.892966664418554
1.21349889112242
0.976203174247831
0.941872376156413
1.21696269728579
1.17782792904698
1.35346899699361
1.16333806080317
1.5638746616192
1.39559670147366
1.574654572045
1.45688760048445
1.37319404159781
1.61633998992148
1.14901431517809
1.02044851198181
0.992004027355653
1.04877058480133
1.00062238275187
1.0187726930296
1.71600843409573
1.804553552005
1.06035763026077
1.34390928019325
1.02495231326299
1.06678212097376
0.944280700534472
1.20609820989474
0.771982185613456
0.944754200261378
0.960985006619627
1.28324653003647
1.02410875116869
1.25000489962738
1.11892807551999
1.27556598078039
1.47546595836103
1.75359597837651
1.8245917695405
1.52121359900441
1.07925694184865
1.46410853408037
1.2106235837798
1.02450374764808
1.2972825006518
1.16477086232091
1.10070108521255
1.80411423255315
0.985112482566776
0.992879305662319
1.37033790188293
1.65304256346535
1.11204564829359
0.882428894894394
0.970725086998328
0.886619539607497
1.20032380079014
1.21353619300778
1.45324540505525
1.50638811644269
1.20035673233317
1.26320075872916
1.2792690944232
0.994190835971841
0.826122956162898
1.10173751775323
0.919430496662391
1.41684015041856
1.34248435663725
1.10987579215397
1.24013917538135
1.26299073216938
0.983506727029038
0.930882177343006
1.12787092288668
1.03772996297555
0.993451464078687
1.01455521292307
0.846603265635717
1.12285175097894
0.991186575409246
1.34747500386506
1.27498335101821
0.944838917867239
0.863990684829951
1.15753350386002
1.43271700047014
1.21734117368093
1.12133334882646
2.23735747718797
2.60289034283321
1.00962024354722
1.32860059188565
1.26230613954172
1.39869034808499
1.81482854670588
1.528829026792
1.70857634334572
1.63129361288038
1.35244093374487
1.30885359378766
0.815270061046504
1.04544939854561
1.13710035450729
0.867746420583865
1.41283284586997
1.43971286819448
1.46120532067932
1.10502046330609
1.59524877899879
1.51021393942458
1.61091049670163
1.00091603341649
1.12434893593347
1.34265674239264
1.32555741242388
1.37821810509136
1.2523940635892
1.65197493539367
1.72260722379984
0.868553967069819
0.800554739824463
1.28587760769349
1.52058907497363
1.31345773873886
1.09966447214665
0.80092719663273
1.26862152559779
1.25591851493725
1.02337280945286
1.08715309318252
1.4114315463244
1.34364729464553
1.02543266796746
1.27368779344998
1.10764156636721
1.09409062099871
1.19416360136438
1.51630129319917
1.26465617546906
1.11366860703344
1.23930530741694
2.00737151060758
1.97622094258361
1.06723053905384
1.92074298150541
2.02498484593413
1.95938148840848
1.50085596850807
1.42322157992026
1.34624611767636
1.60654399699258
1.19114270003165
1.21181456664314
0.857797067081006
0.859420133360761
1.22619838094747
1.0177786455748
0.717471754936207
0.77322572025098
0.789091950989441
0.961784759478659
1.01855627438354
1.03772538418027
0.787037152265752
1.24896295887076
0.899357204517168
1.14611015146914
0.890847294834664
1.06949638936555
1.06603265069541
1.36225999944318
1.25368395287621
1.45290325763732
1.22383575295191
1.39583709247795
2.28062098596896
1.78982941551533
1.42686310622794
1.11752204348818
1.24851698721627
1.43620114322848
1.25153210245723
1.06311374910499
0.904100762314704
0.64693623927114
0.868621363365878
0.864174705404512
0.982559387470607
1.14690597205722
0.925967786515816
0.986883547635286
1.07365020088774
1.0029794177903
1.92943219152448
1.13381986707046
2.44032182509611
2.00309088411526
1.85186169760364
1.33552423537418
1.44907668267087
1.96898774617132
1.16816576726344
1.59989306536045
2.26930439925635
1.9446257763218
1.83741429814448
1.64311995058133
1.45763929474886
1.90821820484701
1.48603392854926
1.35580973166544
1.57569460324589
1.53714590077856
1.15000863552731
1.26923159441592
1.10269488579884
1.09600046105311
1.14238264603485
1.38336355838337
1.14449077734571
0.741722625215345
0.747545026853937
0.702509878432754
0.976829426046423
0.982138236827772
0.781633154343602
0.810783250185672
1.5141152646793
0.992917130063014
1.4664428968657
1.22388199394263
1.32945236583932
1.5142129262606
1.1837285628168
1.35526101795103
1.20701489931865
1.09228446628162
1.08640436245731
1.34770246655263
1.34932561959753
1.28099600948988
1.29858056063744
1.6450375956945
1.54728802350238
1.70883749983065
1.48969383542873
1.66587866943865
1.20127298738292
1.43376070214997
1.48422170036011
1.11292335165734
1.2686465079799
1.17414230596815
1.32173531940022
1.8896557838969
1.24455470234516
1.39648674132724
1.08566248229604
1.90234574420799
0.943600125661208
0.970657375037059
0.916398602131594
0.70288159625343
0.827006847414985
0.940876403500621
1.02057751275036
0.873971178583005
0.901147893799539
1.17571750238696
0.845473122633307
0.867194068259736
1.43529593661797
2.05375672775801
1.68830136140433
1.33892736111467
1.22315860939954
1.21232578327877
1.2269660563415
1.49098034278463
1.428495323543
1.07105419927847
1.2014841122691
1.44239279205298
1.37800801087837
1.14301473179622
1.00682106533103
1.12076305128531
1.16335421180167
0.998855720069041
0.71823239928844
0.816721515509882
1.11932323328615
1.14105231914096
0.919139633784559
0.949212872670625
1.0985816101074
1.20017261201397
0.866353443755857
1.14913512623771
1.00011476095061
1.17083152634486
1.12874685520471
1.31511125037306
1.23158489335539
0.836535456567349
0.664847122576893
0.518527847278055
0.893191839364323
0.74577669290116
0.795822459076368
0.9836106332464
1.40940646173302
0.869452403035466
0.884850553592484
0.875596433519416
0.880952319325078
0.896615005392083
0.840015137858216
0.95385141520124
1.07456385414648
1.77699985796838
2.12303353030757
1.81527418654074
1.69501309151399
1.43729004570751
1.632988316581
1.51528801646812
1.32014120648571
1.71589382100572
1.73311971934338
1.40314888494902
1.5490772066294
1.83186796438107
1.88709503852038
1.44765157445877
1.90212758401099
1.68361340794432
2.38121099303378
1.89220020483705
1.27345508325074
1.47437812535137
1.13096183454033
1.1896473950867
1.33337711859702
1.1419296316707
1.27850238861248
1.00611705880671
1.43439855705062
1.09445084852037
0.735731428212746
1.27947740434317
1.39420624422982
1.06979739020182
0.997528544174489
1.00866811899551
0.783394758168276
1.17463883149184
1.41446907704988
0.894544640513112
1.14694708392189
1.35735386478421
1.17194098174991
1.04213559614171
1.73114003772549
1.41577576400179
1.29875084356028
1.10271023103084
1.20620483219943
1.40986828499515
1.60074326678064
1.56795053566794
1.25127984159967
1.33191223831636
1.62676540806069
1.56545808215759
2.39327658597914
1.73284578737426
1.54808788324338
1.19484544693976
1.75505839498237
1.64872701373763
2.01003403826541
2.12613351073415
1.63347948241053
1.13191319263221
1.27696425351332
1.2314278556423
0.774355404600155
0.792490534522303
0.77318858028076
0.892702328882653
0.998388427146197
0.945204108925172
0.838530346113042
0.95500948296372
1.14113548058974
1.67744678569372
1.4250096631406
1.51459940624105
1.23553965698598
0.90829938551272
0.881787177401766
0.653939103075386
1.05002536264457
1.41779691826495
1.64103854180609
1.5289661963905
1.05707146875399
1.36324836832949
1.95459340905764
1.37492336794252
0.96932596355957
1.0592923213453
1.39472240094173
1.30405821261207
1.51893871096252
1.47987218874235
1.82473933971584
1.33116291546367
1.1603961980284
1.31774884146769
1.49678897765917
1.02301845439718
1.31280691663045
0.796627502834275
1.28490698596323
1.47784492936222
1.49877131468714
1.0341012566074
1.06514766412837
1.31229402624777
2.04539497773629
1.48708277451338
1.53018032349707
1.74586338636333
1.87501781425534
1.29494989421857
1.69907427146543
1.62519926627715
1.28995685616826
1.37144167110864
1.35540024511081
1.24578558868963
1.53229111481322
1.37919279950222
1.58309532020769
1.63073558526313
1.62402955414852
1.75347987970079
1.58933290903379
1.24444301481999
1.47695290080651
1.80361180505238
1.44974354290445
0.943166087327749
1.01717521360705
0.759049931890442
1.03136204780701
1.26202466031666
1.5487310689452
1.02750841878728
1.39287125852648
1.28784350685267
0.951044884770482
0.992416452633613
1.50392733093902
1.79214710133575
1.66129525956806
1.43038774857482
1.53159604137685
1.45154555907691
1.6943495136756
1.5376044651131
1.61152580453769
1.70069414274138
1.935620260983
1.47947332886385
2.10241505782819
1.86977776808382
1.8729450993568
1.7537542880881
1.46934077626919
1.06056031411332
1.4138795496136
1.6045198701971
1.64665676936337
1.36337433434009
1.27810156567234
1.08090420678858
0.851976188258947
0.970467121141705
0.845477989153641
0.815952048455232
0.809292755377897
0.769761041721414
0.892125266657693
0.909784904555285
0.73666628455048
1.20321883067304
1.32803750423481
1.502918937582
1.62404710722888
0.936490991646282
1.55136280185457
1.73051709768366
2.13141709922285
2.34222549802547
2.19600733682334
1.64406563649558
2.56418792160669
1.77965371657774
1.56474401912726
0.963638296038787
1.08387811462883
1.19009117530997
1.23351203196137
1.72391888638196
1.14189876104688
1.25785348601699
1.52185967162935
1.45532958755927
1.37916335017379
1.21372384030911
1.62903566268688
1.46929542467174
0.936108754466711
1.18881859431689
1.11718438141529
0.928957425370744
1.1007529025063
1.10327087007884
1.15008321860272
1.05709930500793
1.06665347689932
1.15995469590601
1.41131952393708
1.36314444182017
1.18777889572732
1.24006205832963
2.02892854588299
1.35958006252963
1.17623085890852
0.874724337530078
1.6175164448299
0.878294347762635
0.787932615187838
1.06062699517691
1.28355809906236
1.15889583793297
1.0144259238628
0.636683221719181
0.584957305702985
1.05147715880972
1.27605980479179
1.63349601967177
0.867224512557778
1.18945798902341
1.44448432500645
1.44534118823146
1.04603796053517
0.93587646905178
1.18361142285555
1.41018019813136
1.45446851478863
0.596734699686562
1.02055369200984
0.683283728585674
0.811997600539735
1.21080020503095
1.04845759196804
0.794746600610779
1.41783795023833
1.26533392387616
1.04452695861445
0.966894911263707
1.32497002548846
1.35631437902127
0.872039670388465
1.06354764736805
1.39577072835295
1.16043867354123
1.12490008829699
1.19565815585465
1.29734185507955
1.81888965524219
1.27658401586024
1.17036377608167
1.66225988581266
1.81157383544563
1.58829618079415
1.08198357231093
1.13956178862881
1.21941561309818
0.961296191623418
0.678457750781905
0.565455151645912
0.674730043694327
1.05775578631534
1.34598935753828
1.26485840981887
1.27981815174156
1.06451602636277
0.756752130050691
1.03707552070008
1.46404195170654
1.19827238968182
0.885708134344469
1.14230201764237
1.04688265562548
1.00591898894627
1.10956270155655
1.14991607335591
0.876429606177442
1.13223623556395
1.20586879078075
0.952262351255604
0.975034254786205
0.824370372856756
1.03160220724528
1.06370922591926
1.23521212661598
0.855137202733975
0.953498949592599
1.12887029619155
0.566051955985777
0.427122019139478
1.04561235955818
1.14859611454545
0.797705924718311
1.41707967463927
1.16308740348202
1.10417223878884
1.08207019096284
1.03998051020633
0.637960013159146
0.932962188487237
0.869245149826376
1.01775880258544
0.859307383520326
1.00803988240902
0.798290087226664
1.36821905016814
0.95186476598173
0.903024943118322
0.96656870113749
1.23556534884292
1.05516828468169
0.916036609205183
0.816413199270275
0.526866631825543
0.326978849466204
0.54894172399787
0.680632127570422
0.890543453967738
1.43583769510749
0.973244257895327
0.814851161893124
0.627496547138553
1.32949709196382
2.05559894464555
1.46169766236553
1.16996054170273
1.37527783050633
1.38067462045808
0.797452347300948
0.566302961594817
0.843355230529523
1.03745024805385
1.37368912120017
1.08717617049169
0.910314736407546
1.29342163915111
1.31121760932009
1.61640354983896
1.78872328629228
2.227321072763
1.97286646838966
2.41882954094185
1.69852354616912
1.63864181194011
0.966428301793648
0.922014515257557
0.856145362549316
0.579789520471459
0.78974106758865
0.915209646728371
0.894876544629204
0.995660723927861
0.87670107508802
1.16517525867627
1.17592762492492
1.07515616008716
1.18522353032194
1.42415457033755
1.65092998467369
2.10529779598881
1.72614426900992
1.54994769510762
1.33107184807372
1.31317021605854
1.87819767999691
1.90566441396752
1.9741736702373
1.59440147968798
1.67551452312042
2.03739831421645
1.38136334435819
1.44441580218683
1.37647794032127
1.36429973703018
1.36189381583657
0.954555985180501
0.995425150706607
1.19771440360245
1.27379439849597
1.30182351561902
1.56779211943351
1.2995099444096
2.2750629560677
2.25305024392898
1.91404161743173
1.40591197271819
0.866601888620678
1.18527365101947
0.942304928923285
0.744895410163775
1.28862158220832
1.27478314884218
1.04415206690753
0.59179300410897
0.790193600932201
1.0143391664308
0.883120087342696
0.917528914102511
0.880427669160556
0.888601145226092
0.85602761212871
1.24622960529632
1.0605477026167
1.33066879529547
0.99328263749379
0.910228258440826
1.18610151363599
1.03267486819077
1.25968329537216
1.07754419560863
1.14060048442392
1.41483982294896
2.11275224041602
1.91632441948679
1.67312372399217
2.24940179409422
2.10607083247328
2.15875938937964
2.44632709991153
2.47059318479902
3.28864134917396
2.32469448646977
2.33541218373319
1.39232078383399
1.21570265036825
1.89096616205403
1.75680555440744
1.36933985448783
0.77234208460425
0.752180874254508
0.850687315023153
1.05752254642866
0.849888597881416
0.884237282785633
1.08294088719831
1.49598313814478
1.45699415885277
1.66700844395196
0.838203953421442
1.02613484067706
1.32673713950808
0.960306832319407
1.24271680904705
1.68024605223172
1.75078981702867
1.63607308626074
1.64527583189319
1.96029348029612
2.06975522363736
1.76782377242205
1.77974585774473
1.79148220256363
1.78192620893271
1.79423066680853
1.58660611016972
1.06868535462815
1.1963046496268
1.33705007325232
1.377427443261
1.20827442886461
1.00290792090859
1.10279838813692
1.13150503721944
1.19303081961906
1.42724563726511
1.10008601845248
0.884338676281791
0.865914301692657
0.774768606710021
0.927627479766376
1.01684175710418
1.45630212275709
1.34292013041807
0.924534284047218
1.403135379249
1.22421828467951
1.08522726577875
1.07535513790756
1.48171355251096
1.12777183509243
1.11077422788323
1.02844141843547
0.76843889887172
0.895236414568629
0.994070609396232
1.2793161896686
0.75945971048868
1.14717667200819
1.75092998771392
1.57559065847449
1.53056392599314
1.43689296559854
1.72156960000409
1.60633677603925
1.44400034280082
1.45666317271068
1.60859374349579
1.42136470424303
1.48050953358829
1.33091596410275
0.797635372106553
1.11145358943238
0.80805443881052
1.05982805965324
1.07854165623794
1.00504605967995
1.4130656752172
1.57179370242271
1.61782204629176
1.69962092789904
1.62724752220629
1.67873591428113
1.64796662298869
1.76310953277445
1.0209018227932
0.971329208511754
1.13741041273945
0.987978610958924
0.640997538168644
0.906384466059198
1.65955349136842
0.8417369223321
1.2739067694696
1.82803149763924
1.85335879070161
1.57480111793309
1.94521573200977
1.82468682822607
1.68297833974911
1.77790199359323
1.28462073861799
1.04183268129321
1.40971987322188
1.40787930802328
1.26828935079996
1.58053916417684
1.46969538282005
0.908438957336617
2.2358297047889
1.0213007945764
0.931832959108845
1.02301931434063
1.17263538766
0.983124134736587
1.20505774261532
0.93844930701058
0.89662670154431
1.0258106301648
1.32281487417191
0.805024377251862
1.14409617947973
1.17414179935542
1.25771181446141
1.20822395456492
1.37531390604008
1.609081778049
1.5021177697696
0.885841379129787
0.955175313208959
0.907243672470871
0.626144280589289
0.747808631034803
1.13733980023784
1.32113090513056
1.00547026032716
1.2762398713781
1.34504872761887
1.1849515211321
0.87195111666376
1.18357015043797
1.0460039789265
1.36435152969869
1.57225440653022
1.55962464136386
1.60245943127396
1.13965572166541
1.27394440824446
1.15758341139533
1.09390898110294
1.19397041267235
1.02092044407395
0.835842546023977
0.885738915281665
1.2156558631386
1.61965286760801
1.0822588874219
1.39711076406843
1.13331859248125
0.990256586458767
1.48869368834905
1.28201451623114
1.78582742605866
2.05420169369703
1.21164859160556
1.09857490684706
0.94549900159512
1.39866031205898
1.73514882223063
1.3659360451741
1.35530991812979
1.04893145826471
1.78131139201872
1.66843513987531
1.7694062796516
1.56279818861276
1.23755276095759
1.61765724983158
1.2311775820893
1.35215833187653
1.03294185676426
1.79976267500481
1.99463927598534
1.80349265381487
1.64858584046526
1.62634407837523
1.80840693515133
2.18942516034719
2.0771540790316
1.73659538210371
1.56217627447356
1.74274856666704
1.30247634790325
1.33904238918491
1.1423022947056
1.59684656266816
1.61626108203841
1.90961423962484
1.61148498108598
1.89594528233851
1.59220595623356
1.5878363661687
1.26285308435618
1.42413428734733
1.58188633223307
1.11994301506468
2.15015841496586
1.18452342376633
1.18088111106471
1.8370351835332
2.27733613679205
1.05673867978495
1.35704704577257
1.97033564312996
1.65703612815975
0.801681662966259
0.742293727469918
0.858108968968911
1.2728690883587
0.887920573642141
0.997780202668361
1.37896364467788
1.1286670298445
1.38437500023424
1.15836837346539
1.11080932379404
1.23095134185358
1.4118849913086
1.28156739790733
0.758169274957196
1.12783520579186
1.25671552466847
1.01215321772583
1.04965198949067
1.06568253790584
1.00492203400403
0.975742545625672
1.00672843134803
1.04448693043006
1.17600108197413
1.14976968619217
1.05715627759962
0.756990195868293
0.979402043473577
1.56603719370009
1.41634767857735
1.23941246500991
1.18212568619077
0.908424854700122
1.24971930638966
1.02947963909608
0.942232320632548
0.774993395395867
1.03638708851888
0.747459242436032
1.13458465924755
0.859447335054511
0.880373904789088
0.795400998705081
1.27752537158365
0.817080409465901
1.0023670918333
0.938984553878168
1.01940101109539
1.26233132346764
1.24702740896999
1.34668831075407
0.939508748352824
1.02140321139405
1.08435352484792
0.898628310581597
0.982713482496033
1.76450884857102
1.60819485686099
2.10535474386016
1.67138310125477
1.64049710503478
1.56345124872097
1.67902452081555
1.57627987388914
1.67032838319465
1.31054446211849
1.49343226641103
1.19860883888822
1.0536471800769
1.30148346939519
1.75382981335794
2.37628995009469
2.2196111470509
1.12203069096989
0.914394857539196
0.953134739809479
0.928296801200719
1.05964802352681
1.17519142125309
0.998378490507903
1.00273348821333
1.08621714448364
0.834119951576272
1.26398226411946
1.07446791297522
1.59368605464407
1.55507031772715
2.01042744648266
2.00625901526546
1.25036839035675
1.143853414474
2.06299333225445
1.49044752711737
1.67226723752094
1.48452558442683
2.09315103964911
1.17213332659104
1.22526965647243
1.39320129276113
1.94799988519263
2.09530124590941
1.59112905304062
1.81750303860376
1.26409506216471
1.2794429062585
1.0690992073425
1.34250018034838
1.06507142432367
1.43520456540694
1.18127150437575
1.14521714219059
1.39804615533951
1.13986247217056
0.769544942197639
1.05118188351047
0.963345175925794
0.780916947660249
1.11149948392937
1.04567290278616
1.13243483247707
1.03247476067082
0.929179325632811
1.29684503331143
1.5760136511643
2.08332805236931
1.84098061027147
1.88450063704774
1.56548596390768
1.82424605042046
1.86084783640737
1.70527620633339
1.3308432175635
2.06460296589186
2.23785154070706
1.65238217944177
1.25123543915176
1.38945380769214
1.54763628021512
1.46149612601647
1.13776537443688
1.47955642715351
1.07318765877939
1.10574868220617
0.960274748341937
0.867210909802988
0.94780765421421
1.30610791716162
1.65645440974452
1.58757660918985
2.1630605986995
1.11635794606814
2.25338857578886
1.75241212072661
1.55387996931338
1.90249187708228
1.32017756736388
1.64561180020011
1.32864053039189
1.19594219411711
0.900264339247898
1.2017714679522
1.3078974756601
1.00616784206342
1.69629701721754
1.69131664928715
2.07959195335663
1.7356611384463
1.82807983849173
1.55964959531317
1.03737872314842
1.89287792767311
2.08315706364091
1.469104777922
1.62595115996719
1.13107557406312
1.00530014132958
1.16716131403962
1.75180101768626
1.38994955921016
1.46892537701454
1.22953828453638
1.12368566495973
0.986895646699101
1.26936690015837
1.26422382739953
0.905101228287497
0.662139589879428
0.918728456344329
1.02642460112813
0.892323554556228
0.695414897056037
0.90078919017898
1.13186887915228
1.27238163552576
0.874639349598161
1.22612207137735
1.54546349890203
1.26886119211919
1.35898685105843
1.23269289084379
1.63563351860348
1.33403605524039
0.995904709195612
0.901503078150944
1.35399634787434
1.17513116346272
1.04676357199158
0.83755984436525
0.953061244655449
0.881506321192403
0.667494121470406
0.8766174504817
0.927922244192208
1.51521629934918
1.38138214799815
1.24295883031306
0.870888776857736
0.640830028377265
0.800960644148766
0.876055551764089
0.656867927449379
0.607590038411778
0.788743406820782
0.588194805675376
0.706549263682708
0.859356191879677
0.917238984074711
1.24113915158176
1.66066407991248
1.26275272845444
1.37238945431755
1.03334217198456
1.18918070065855
1.24943208368496
1.03428893704151
1.04303332768374
1.636138174925
1.71844102365477
1.44515886240837
1.38796774657257
1.42572278975408
0.881304935633952
1.09355789025758
1.16939241095503
1.52463989239288
1.20627507908835
1.3822325775282
1.63117280541744
1.79597932678999
1.83718795201445
1.38588117366064
1.07263253864204
1.16403785733943
1.73114355307498
1.51377199128506
1.4001972242759
1.69869267454736
1.20811228734819
1.09436207944237
1.04221245663359
0.758206683868844
1.08383491791879
1.40052000743787
1.07486070519821
1.08364673446356
0.967318777935867
1.11410499118856
1.10473658967486
1.27563374515145
1.33340049191846
1.43308896137423
1.26885300332575
1.16828607665443
1.426340350505
1.23466111309869
1.43579477093334
1.05277785949475
1.22232441089946
1.37118114502587
1.25537721443063
1.24576388121122
1.25102563619794
1.19512579554077
1.32809858024873
1.3429200479724
1.59494576384887
1.06999492098366
1.25335423797479
1.20478967742993
0.998262712083174
1.09523939973474
0.757613293047612
1.21102853583196
1.01655337572686
1.37412211028825
1.4998821065711
1.11278204364231
2.14334519545307
1.55866513886902
0.941573889268894
0.91606102733885
1.22841135686634
1.17840701132484
1.64086142565337
1.9149967181658
2.01635580916126
1.62869367050332
1.37228072904082
1.17117092550375
0.845814735835651
1.00120654008891
0.903883165694995
0.793572088440032
0.958521105074977
1.33910447041107
1.29644782401509
1.07613333423147
0.880805268226274
1.01199704256938
1.0663614077524
1.00773742703582
0.863175719909874
0.944141127908619
1.35060375243766
1.56939942664456
1.67444212886465
1.18819799420712
1.49649993239295
1.36655640769215
1.59851014496226
1.14235392517054
1.11270381706696
1.17314012529919
1.42163067222594
1.22334214498243
1.11796448810675
1.27969832980623
1.30840534256133
1.23099089367809
1.41148555752529
2.01274329378835
1.62794255705722
1.29899082341967
1.59115687395406
1.74759038722435
1.39946972778687
1.8620636966185
1.63653311376457
1.9359946503649
1.50513276952947
1.03552900262128
0.659847773506884
0.864091649010893
1.1566040169358
0.713512394174633
0.835211364360252
0.848988714945022
0.978553799992111
1.06596594746229
1.35625898382568
1.14115903148479
0.989709919615707
1.21324571128066
1.70363722589943
1.17713748530013
1.22012668219345
1.18316946618096
1.16385002290878
1.25087537857806
1.24660832134025
0.970951858586807
1.52387664606626
1.12895874850463
1.09269877908699
1.18585514378423
0.938126606684658
1.55174247659938
0.975271943701756
1.05028020951327
1.18452730951056
1.23306507832415
1.15665055638461
1.62428814808546
1.39120661124105
1.53090599351953
1.40208446311693
1.70193408976214
1.61406725259478
1.05027659495682
1.02868584504179
0.982498944633242
1.07491101862921
1.51560306875147
1.18707235385181
1.14679288923903
1.38341016158773
1.58098985620725
1.37649949615484
1.58200368096287
1.68792970731931
1.67458997714618
1.58470462951942
1.52204746369986
1.6807823451495
2.10313079202323
2.4897953028425
2.04729287941779
1.34011374355621
1.72280427105307
1.78757639690753
1.61006660855061
1.50372607196389
1.17678549390254
1.21547984384614
1.65630953003194
1.64390453688172
1.51682417622672
1.38006290811906
1.94542985729209
1.24212256667652
0.937723493700524
0.866050588846531
1.22920371623004
1.1289320573018
1.12758531334611
0.896417034095581
0.639990583454854
0.855677938469446
0.676985299770928
0.826829626154945
0.919942613492181
1.13010994250383
0.943651984722719
0.799235355462327
0.733678230605603
0.775483432697972
1.29080249484867
1.18902865774207
0.80825884146154
0.70561615443466
0.65979891850968
0.631742898859946
0.946015172705892
0.928292770235831
0.707566639627975
0.397695039928284
0.659883838849952
0.870255016070516
0.893294348485518
1.19703801875798
1.39646600546312
1.28079373501982
1.3731058434463
1.46890245712254
1.22928251628361
1.19684032087632
0.614778141083523
1.30416762289579
1.17445843766282
1.26448809536621
1.05750135720881
0.88132696529143
1.3198209399353
1.65941623633367
1.39180030509286
1.67668609586885
1.67479601368314
1.62492285768434
1.18218251918396
1.22938251337982
1.19441490481017
0.807229608994449
0.992970165859761
1.73143029868797
1.93803495364235
1.15243707112466
1.11554118032749
1.0676688735348
1.55260841715818
1.34081717398967
1.6022086025342
1.09237481350438
1.15711361794717
1.12748282459345
1.03122912896809
1.12848361497038
1.4831566753078
1.50920198239999
1.42714711163324
1.0369335531939
1.00124856890333
1.17260146304075
1.0481249248892
1.45316090654975
1.49415503540569
1.54379790946585
1.73695775824359
1.01768476426792
1.00020031684562
1.23181825327047
0.89643027966819
0.777103009919948
1.53455001223744
1.12319801723288
0.900814263356556
1.01789714724189
1.214873007637
1.58562834678939
2.29476778464133
1.18114443248087
0.776491957138162
1.48702993805578
1.7411715110963
1.67579815478034
1.50421535450288
0.997932184115089
1.22063346882013
1.52430431921169
1.61931121830242
1.65180154789076
1.35223076044257
2.07410846712359
1.65660427977731
1.70927751589177
1.69588370486787
1.39190330923099
1.95622705696141
1.68841643348071
2.02038319951739
1.5722979156348
1.44682528221681
1.21034581733142
1.60491281566634
1.52925582637734
1.30459696149177
1.16174135144755
1.19495912267121
1.04038961845007
0.715390195184747
0.760610626954571
0.714889621848091
0.865689990739953
0.87898304377153
1.1907707073281
1.27303156895827
0.94873029645149
1.12867726067354
0.950815280717326
1.1672002955715
1.04663464788005
1.17010745702821
1.15310868692813
1.72828867449961
1.49229031474276
1.52022576946345
1.40855540251399
1.19947670361057
1.19707802446158
1.09191977770371
1.40006774524825
1.36620355799886
1.43433179247246
1.33120855619504
1.77362763961278
1.91967777106527
2.27152864475087
2.24745772480751
1.74564925654316
2.09314495999351
1.65440669710836
1.57873469783311
1.38998987771264
1.46095769940256
2.00030801030171
1.70104193638521
1.51724964567122
2.03422145850994
1.64811928660571
1.92784794784706
1.42521616716066
1.5046104330435
1.31079995137167
0.756170633568065
1.10605589602643
0.83161405329259
1.0192302549756
0.935273055689766
1.04862721248869
1.32836469055381
1.06354813348865
0.920717997339408
1.0425932746147
1.1453344836281
1.47989320896555
1.23162917715037
1.13241884673648
1.73029006698558
1.67430645397611
1.77685364577484
1.47267498394021
1.74864121021025
2.23354549063819
1.75690740616154
1.25731720509645
1.4344039429709
1.38609834134054
1.42734584018729
1.26525130796041
1.73060214295847
2.38143361712746
1.75675042642349
1.77346251099006
2.07786459022434
1.72356183986486
1.92729151167419
1.82305860003083
2.26297678362373
1.16590522612337
1.06378776182191
1.23294104112468
1.24253606395118
1.1298192275149
1.21090955374109
1.09474695889092
1.33970984602567
1.08987913867707
1.4374159004783
1.60997676090958
1.61987671947991
1.79738400593826
2.15207229627855
1.9909205204837
2.87412788786909
2.13342120392283
1.02419691259872
1.36349728516728
1.34646292658115
1.31715057645914
1.54675336647494
1.39351693459802
1.60912030529198
1.10295410390097
1.56268419526816
1.79174211101266
1.58751686222228
1.16456426890249
1.19509462853931
1.24220362329976
1.1355992637789
1.60207635209094
1.58153927406309
1.11823409331531
1.21424822712948
1.3012497186461
0.873381860580437
0.905331510797301
0.897182102204633
1.02713901791726
0.831787574195539
1.01802647738593
0.76857916518713
0.995256070859739
1.25742103561452
1.33043054511053
1.84983638842531
1.64816774679101
1.55546839141365
1.75940967541424
1.3131248845122
1.12801886898408
0.96362733827438
1.14809178195606
1.10920776817601
1.51974765100082
1.25072357664005
1.01406074328523
1.37295157441434
1.73651284576348
1.13849034259194
1.25249784876286
1.08907113203076
1.25534980061694
1.48577483908423
1.26597496956496
1.56946889230372
1.57351218122322
1.53957633548889
1.43087271214895
1.25313668582634
1.24177157106378
1.90364089315227
1.34837924361872
1.65344110436612
1.63291581339081
2.29510220780081
1.71868358469496
1.18175730999301
0.880735979691797
1.32846667892798
1.21848844895945
0.961894847415043
0.665633782903759
0.670983210638824
0.699103958206587
1.13833663094391
1.24827105106277
1.14207564062665
1.6029184396368
1.38850087871322
2.16925655296072
2.24085263455726
1.77679309035118
1.88792473107919
1.24944972919105
0.91530808980777
1.27731883209601
1.42166161142583
1.34399676953308
2.00366172885479
1.40087390091969
0.923858643508605
1.04580875965913
1.15313173967357
1.40256198502109
1.50913266844813
1.12282714027819
0.913307830941079
0.921462414393374
1.25458925352299
1.61101496927012
1.27988012395999
1.57533906351083
1.28254253107548
0.9240319396456
0.847070211363106
0.847816924577063
0.847912267560576
0.723851951042861
0.642554932812959
0.88625884041402
0.840059577607187
0.657973337418194
1.22293998424666
1.24938994674842
1.40967021933093
1.33999070483074
1.7081393454658
1.39514778314477
1.29871241164459
1.78361783492921
1.39405186884211
1.38755257152972
1.63748091208213
2.16292147484711
1.4777597263767
1.45681080580359
1.74871649874488
1.48009863384953
1.25444598129047
1.30495940271893
1.39344519380584
1.14273319302837
1.31630037943989
1.42246936969068
1.74858782146944
2.22252838854108
2.07922228229771
1.61451219262747
1.40466808199915
1.39454771532834
0.769490331192109
0.853445600000122
1.36041653213127
0.590581040135311
0.710306891984283
0.909467819159802
1.06145174156531
0.876694816526059
1.25995323141796
0.759664016300622
1.2627853749336
0.754557234344302
0.960592971903371
1.31031553632646
1.35525755223048
1.44535219971027
2.14857465860937
1.92588988078796
1.7643158593639
1.52880315602937
1.30416295759348
1.36947090094595
1.56440967817243
0.756960684947663
0.919106857615738
1.22878477442623
1.26869067832825
1.89644362610572
2.43832403156841
1.60171083661014
0.783542425575377
1.18479887840472
1.72038664831558
2.09403723250182
1.74515532959632
1.40065665690717
1.22180448840727
1.49633782732147
1.79578818138631
1.46837036349899
1.55512600047632
1.87515951986519
1.81590862118708
2.11450237381864
1.60411476978102
2.24120257192769
1.33839892878963
1.7546123732048
1.48922270367765
1.29507491802309
1.60653027632774
1.58133818675341
1.69921183387854
1.64145395765077
1.65191072766328
1.21048645387776
1.15841481807497
1.67652675888219
1.13075829319975
0.815301269843174
1.33515374228122
2.24214658437071
2.12249792645939
1.7419596773803
2.0617853863748
1.49245320308877
1.41182421163212
1.26543539669863
1.41559402033478
0.999917735991968
1.26097511136805
0.896993851520437
1.470760449339
1.19807930726287
1.16255656838166
1.01224278070662
1.22308176882777
1.18551172991252
1.9415409641575
1.67051258054575
2.09493703788077
1.83559455060865
2.18854302448566
1.21818649934758
1.23419634429719
1.85653342692215
1.65903070539117
1.22736578513579
1.46051244400254
1.37039277584829
0.866652709444507
1.0532073240601
1.58559274191153
1.47759230492324
0.989927926882122
1.52941417445323
1.76232154987363
1.21539297334612
0.990402533040265
1.56373091429088
0.99312745378565
0.589517170480386
0.965537628048037
0.815281795142582
1.1341502522982
0.810162656748285
1.13421511496362
1.3744660445654
1.36387094892412
1.61611802037196
1.33279714397343
1.18335516997931
1.33055583409813
1.51651845214596
1.02151677245561
1.34797632359311
1.6750497494691
0.9630507450919
0.700814935552718
0.739180143068914
0.762725012318171
1.09769953187047
1.69537167505044
2.42095650570138
1.58418025848072
1.9705643705777
1.52102540165749
1.50373233496922
1.26299701037214
0.963596667276814
1.08548901590165
0.747550898931997
1.21476406879971
0.87437771129223
0.978218224742019
1.07787456154502
1.60284927323718
1.76310416478081
1.42549878825057
1.23301574793043
1.28287827933516
1.33666059721896
1.42129671204636
1.82595130247176
2.68353471815748
1.94587172184909
1.42836654778564
1.567973323907
1.69578369013993
1.22122102281559
1.23156709463973
1.18802292185285
1.22766099518256
1.33726383133743
1.67171701053296
1.42016712905131
1.65645369567766
1.87191203820118
1.83264832825864
1.09285524669689
1.28420468781118
1.75112266221339
1.80845254911419
2.11620497711236
1.34160978554452
1.05476649035626
1.26232726260495
1.32506043234339
1.0064583826866
1.24710285076214
1.270566477498
1.80494372668444
2.51473875345099
2.56359326588436
1.64856515451441
0.883029787493615
0.900203815496323
0.787755664364456
0.84905128864863
1.8651456460719
1.23779207154805
1.20145421470546
1.14656528874506
1.61227491146838
2.39156442459907
1.78683972148931
1.45519260145233
1.54093227718722
1.83815449341002
1.81321927767263
1.73316712700042
1.17467458943027
1.42469650249562
1.62771707436819
1.4243421739531
1.55159010495744
1.35748395976304
1.4378472276247
1.05135016728615
0.965667186476963
1.42898622922387
1.53051971276411
1.26609339802336
1.2492257983584
1.33662415192
1.24497520639075
0.919494586789058
1.39210528699649
0.965909046974562
1.19432736637186
1.49104949729213
1.26088306518241
1.02608657298776
1.08312822158096
0.974117427333503
0.944693050342831
1.85378014865985
2.16440446484541
1.37392500290731
1.42564871123931
1.27207365657752
1.46820060088298
1.08227365913741
1.16465824989007
1.33684603462462
2.36418565208605
2.21368372565874
1.67706025279096
1.56456036459357
1.47288458899204
1.3445961536645
1.45557834004856
1.23211304449632
1.70933506677602
1.38788942932326
1.48209965124993
1.08319813239889
1.15137856062682
1.45492992687207
1.35119161178471
1.17051989580044
1.97254574643246
1.47525221679982
1.17027673749981
1.05760402841519
1.04783694673258
1.08516769407966
1.4496060860385
1.24781087749356
1.2629079382328
0.936293297744366
0.840564345676448
0.796338682729395
0.815473927070716
1.34786057006081
0.890892573537271
0.898248697351387
1.1833429413349
0.637501552163461
0.657608922504508
0.526544372525811
0.639439877531278
0.979524301981914
1.0278984840239
1.01374090267926
1.82744101156197
1.44576312848621
1.62383557144638
2.08641426327268
1.36635052700979
1.23337855611488
1.60602940285761
0.76347129019849
1.00299306278715
1.5871845692735
1.58965506434098
2.21143200295811
1.84770418417748
1.43929656665436
1.44595569304337
1.08214436119197
1.24834703080682
2.121975592721
1.91240240735636
2.31605834033287
3.05960831602575
2.32267801592668
2.13643491687647
1.1498089538893
1.77442244230312
1.82005708866455
2.38470423916206
1.66459181127249
1.51307768283979
1.55810804349059
1.21353889300512
1.17556224339495
1.22141129534012
1.665606952115
1.56521913472424
1.11971198567382
2.05330750124252
1.68353296615104
2.27089471226846
1.76090910639313
2.04613563790862
2.11472793023941
1.59427011918624
1.12035660624462
1.13719455174126
1.03831166276922
1.23940441917501
1.45112515573267
1.54599929171267
1.40651135950255
1.28157068446547
1.36965039415363
1.57020626543192
1.33703824050704
1.6063834704079
1.75909106228575
1.84032928682777
2.00278730560567
1.9120028527913
1.35421819257647
1.6517480234881
1.24236137319092
1.83096391202714
1.69646171065327
1.91737565522863
1.97755249001601
1.46319067978891
1.15784913738757
1.52843455443625
1.61150827436803
1.60671814449215
1.57444857421259
1.38239306906024
1.22004932196757
1.10207442061613
1.21824989142757
1.14007352763996
1.30552169191981
1.64938727882216
1.03385401822481
1.01898121850771
1.1763189661227
1.16457412525798
0.908917825728144
0.823697768797983
1.08952368470383
1.70248349208451
1.32447405936267
1.31750483764013
1.33562352378748
1.2885179649113
1.26093870291133
0.952932454502105
0.964011052490118
1.24396480664054
1.48865237092299
1.75190423168741
1.61148588413848
1.05049274919139
1.51736737169215
1.17092233502997
1.37160709212828
1.63526234471454
1.54216169971745
1.06628439346288
1.3176169051089
1.61136833631891
1.35586652070257
1.30728816172103
1.36978619366693
1.51051076262776
1.35281237473143
1.85512574212828
1.37811740283265
1.60723773524704
2.29249089879885
1.54192129645055
1.58392025491442
1.46224357843392
1.36068733662676
1.16927437077885
0.781036488907259
1.43109030046232
1.26847816878006
1.69906541274636
1.18628332411245
1.08941405382693
1.15467823359256
1.56919583509474
1.28341122055563
1.25741097669845
1.67131707528195
1.55971519938752
1.401120394097
1.20101688062396
1.03098602849046
1.62408359763992
1.4779980123495
1.49952560050356
1.46273435208951
1.82850266733975
1.9852487624402
1.34510670035697
1.39066320199384
1.758681629964
1.71230517378342
1.65839435139531
2.15768106493455
2.17551055888622
2.4126856809293
2.22266765948938
1.26652695942585
0.893289383169802
1.54456531194025
1.00230644369971
0.83925874300301
1.20138095380195
1.24503895566462
1.53864983201063
1.70905366420558
1.19799250353273
1.23598234217779
1.08488535003588
1.46537466422407
1.37223084896314
1.28417280335772
1.21279454935574
1.6043985653776
1.35180994893536
1.11224736446363
1.36255943929299
1.47958500000514
1.48312794753565
2.30838134360466
2.02213434854749
1.59291782950283
2.13449879298015
1.42218922078219
1.26584120225965
2.00018627339744
1.8700345338747
0.913388326124443
1.20882651797821
1.02706202131554
0.794455606378885
0.98803983371881
1.23185585379093
1.06454322372807
0.858842446599461
0.899736861524052
1.50251695170271
1.70619518675743
1.48652664397249
1.06265692619953
1.05721653858465
1.70817174068772
2.01779787507659
1.41062765596108
1.90056713122024
1.93693366544294
1.68330270598101
2.03647254641149
1.40178561837361
1.41299944841789
1.40794320048384
1.02604010343736
1.47376602695068
1.67546550080396
1.25605139493384
1.7226131131605
1.22371887868304
1.00328548006264
0.981934612778135
1.45145361194458
1.59065342961163
1.86703440108572
2.31809620048901
1.78290356613529
2.62860241896818
2.37457084429476
1.82374038935846
1.61692856494037
2.16169401489729
1.3596137121531
1.14155654014937
1.22227581475912
1.07163129992665
1.02951994394554
1.1005146085415
1.27810255712277
0.978777347193922
0.922506203036329
1.26258016796149
0.846503844724787
0.94174838808939
1.16998277774137
1.74800022069686
2.17553691044296
2.49312103560758
1.96269636432629
2.01274081161983
1.76977677063594
1.61492354776475
2.08832649515056
1.5513117508793
2.05615533763604
2.31860893583311
2.04712026017624
2.18254687901539
2.11187134640799
2.34253741463495
1.6797002976203
1.84745348110547
2.2140427233747
2.86553555861062
2.28572437338698
2.61814351089271
1.89590826434246
2.04883981132841
1.22908285772597
1.11623577423347
1.55084614900094
1.57949969500958
1.36488528727687
1.27161833991983
1.61261180309501
1.26777270967875
1.3683971888103
1.2613565022027
1.05200776449329
0.921154556788763
0.960427976815555
0.690147913653978
1.22644335786531
1.14465147246531
1.24736149047931
1.23635266423781
1.72245932113471
1.3355281668991
1.15276715704508
1.17950102892629
1.50559322096593
1.76986317633804
1.32729084480581
0.897049843076837
1.03912800103201
1.02892149223551
1.02104491272487
1.05516464456965
1.2901378325802
1.1458875906199
1.07327234781435
1.32261827077474
1.56025512364345
1.65192499856354
2.23684455068507
1.60874751213666
1.95570720977409
1.58151488785343
1.64761105384647
1.24822644158748
1.36026504928037
1.5185751685693
1.81724795546811
1.55290439866584
1.76574559844603
1.51928291683912
1.38948401964725
1.34681695271386
0.931448509185401
1.55418730024431
1.06736186970746
1.03549985802115
1.10593590854841
1.11666468190155
1.60785017867341
1.40535456391838
1.49698681022892
1.02715553971174
1.50854509284176
1.68111990740589
2.07592199809114
1.30189403264389
0.950477694906719
0.738148005644352
1.09995566503898
1.40323942035409
2.03715777679729
1.52393434458803
1.09278124206419
1.35851500547542
1.17524536768719
1.06283005770678
1.20749435826667
1.40314485764097
1.51058848356396
1.62388795257777
1.25758485686545
0.813850596816533
0.957593983273388
1.26200500254617
1.07143323364551
1.61130320479876
1.37701632714399
0.672918134564578
0.963491090785425
0.943082233716989
0.965423311054797
1.58040932921362
1.36578882788864
1.15726810088161
1.44240246600962
1.83247171928727
2.06078851125583
1.55366079290105
1.67004861533716
1.47149426193389
1.51255990455399
1.48549745124
0.920256596344255
1.28691481782472
1.47974494564319
1.5613945508229
1.72970149708572
1.29780461977814
1.38256157208555
1.1097511544638
1.21654128075028
1.38072719533612
0.747895343385954
1.19502390192188
0.951023370173613
0.858472391590567
1.14372751057101
1.34169512343632
1.21849298932533
1.24523998808816
1.08995443973822
0.909236373607403
1.38924496448711
1.39686114482706
1.58992507630097
1.101193404464
0.779719205372045
0.671940610156644
1.05378724705469
1.50245199843446
1.8095319749643
1.09029500888152
1.14307548911245
0.882776562110916
0.695512747409724
1.10393413265343
0.848816573812162
1.07505706988446
0.958624459488994
0.991037946637132
1.36137641414921
1.19646940444705
1.10054405512396
0.605353534210718
0.415489944377222
0.486367452574124
0.636990751338162
0.834352662563829
1.0157475474273
1.21828985338667
1.07843185284444
0.901127450844236
1.44254478463493
1.61879418823443
1.64375021300604
1.58414614959001
1.26457740788372
1.5876258550429
1.51986460479885
1.6286369212846
1.17062173366277
1.45725652722609
1.35392143597329
1.46043231029547
1.24851455443878
1.31934016860207
1.12182562966003
0.833536134342743
0.874669664346657
0.782549133368428
0.712738952838152
0.802993214563463
0.594318367382562
0.800574879815778
0.99527027216007
0.625838560385905
1.05420809578905
1.27514599903876
1.59441390949221
1.38531672940057
1.28270714339278
1.47365642016236
2.16661419368696
2.01406236308847
1.1939534677395
1.64294402756668
1.48307159947959
1.53294242161033
1.81330560074861
2.01270403077485
1.58451484837353
1.23831287245976
1.06295720569328
1.34939102424685
1.30694898639218
1.50179941718712
1.57806060791115
1.51899773973531
0.954754257621447
0.633968818016372
0.783109554651632
0.99068763393756
1.38834787709187
2.11215639603591
1.63915488092902
1.74165177173617
2.53998918368894
1.97872549979264
1.39721542044078
1.85127659396646
1.26961404345522
1.96887117173962
2.03312337028714
1.33037482151741
0.95504098027235
1.46822067323091
1.29292242039631
1.36350035214736
1.42788779665202
1.59632461042272
1.08132226702981
0.695183771223306
0.806107684242153
0.876811630400576
0.632149241128936
0.749190627817578
0.598204373074065
0.710241401777699
0.902885811255012
0.644813189494223
0.627069559169784
0.959923377482129
0.822150887008408
1.32074737659916
1.03405235202388
0.700375023927327
1.00769610595785
1.60312134836447
1.5574010296159
1.05021915135527
0.944712327942967
1.01169222996554
1.01456918277321
1.30761882417568
1.80056020851506
1.75250512095939
1.42734988716002
1.84173949212167
1.39934952166112
1.18253249231404
1.18222746148861
1.11916868339178
1.06072264307588
1.25189045900756
1.76287166482048
2.0267088364059
1.68699384333797
1.69547107782717
1.68960181328917
1.3679729167699
1.0225728653163
1.40128655440223
2.21276417266801
1.99226793618017
1.60052826171527
1.08718230098043
0.80968352366726
1.2413814471098
1.29362673179636
1.20526106139089
2.41568739033812
1.09557172083133
1.09556162561368
1.04608158159518
0.928579319403653
0.935464819822319
1.33612257156629
1.58467614275036
1.16910874602393
1.52328247477996
1.55367921016235
1.18930664160943
0.872212890028008
0.607201991315301
0.982370979224663
1.25568754522212
1.32056635867407
1.10202031404681
0.8866526573369
0.871244111320601
0.950994629563825
1.12710096056758
1.20354869209431
1.54877096303212
1.37185177802612
1.42397524551763
1.70398047924632
0.927392391269339
1.65851239170522
1.53004950128781
1.70119059938406
1.58423412766419
1.48650214540033
2.11019490306768
2.18325509438707
1.55539372143134
1.02588699959438
1.92868314537978
2.0811484201049
1.51780843735235
0.921685945314567
1.13643784269202
1.19797002313078
1.30705585436203
1.87385576471098
1.26029816369479
1.3877470471198
1.43844996965616
1.53758280207633
1.31128835278709
1.21251910520249
1.7371923983342
1.37439870016338
0.766322303393311
