"V1"
1.16052424975178
1.06561097522299
1.66317426509636
2.1657609522319
1.81505463618207
1.87390050267292
1.64546354124328
1.48723083084268
2.10048518737115
1.66377670092142
1.56283784732082
2.30934543360804
2.36209877836515
1.94885010506948
1.51216121987383
1.45783986643235
1.28988504706749
1.80636821075513
1.44265820466438
1.68006928587105
1.21094329901568
1.22203037784842
1.43211674857742
2.26375052727311
2.42997034883756
1.55072450490058
1.8803000987763
1.38971770088218
1.48451403109348
0.825935048534411
0.753377882010108
0.913537669471205
1.3252983562524
1.15144490375221
1.41417073649422
1.32160207388985
1.75380672580091
1.69491887737448
1.42460060172069
1.54924072829811
1.23271793869978
1.43326455236064
1.26144927813072
1.27211990018226
1.33903098595353
1.42826621744915
1.09673250111592
0.623230274993199
0.938462240404092
0.423432018427733
0.421920052143667
0.521174490107418
0.780460894260309
1.38465913050335
1.11815624459407
0.986668259968825
1.18105482518882
1.60605542218859
1.30870375531755
1.30549048628949
1.30421328816168
1.49902316059998
1.15196061902443
1.22152841259154
1.13332541041912
1.69993747038905
1.42477443274337
1.37024800456705
1.254478853055
1.69823505203862
1.67478656433546
1.42305781874687
1.15762479532725
1.31042864017708
1.00078732315706
1.98431420420144
2.146874930171
2.53689392956852
3.14580117316808
3.51447729903428
2.94564408379968
2.42331033213735
1.11629051350519
1.4768578585522
1.19467648500313
1.17588175319504
1.83709848510365
1.1245077700575
1.90551366678904
1.56002765085691
1.49671484876704
2.09649633123886
2.84384722201948
1.8864040631082
1.13684333663119
1.52386367162885
1.14232130780442
1.54100567407473
1.38513912542882
0.868591255270708
1.24762079368695
1.16727609108578
1.1271729451286
1.34187367095666
0.944672838394121
1.5299519597805
1.17459881718932
1.01518010206801
1.63868637051179
2.35967027806508
2.31800395767774
1.73206320165334
1.99500784577745
1.64473081347331
1.22581611925429
2.51764478886941
1.85493072393232
1.76830385239774
1.98439148039406
2.30451340289597
2.12952509461024
1.80831464328345
1.35388546857406
1.61476656320865
1.36023873240549
1.85607209499129
2.02914247614365
1.74666483069538
1.91521071292417
2.76975854323052
2.1983786610397
2.37748083315171
2.22263196732598
2.30579924198022
1.47493873932474
1.94019992387544
2.14405259346992
2.13232102051312
2.06335214855378
1.66804796353071
2.22046728326035
1.89018046828608
2.02265850055856
2.09544176391205
1.71165932308608
1.40652642682968
1.86572713949811
1.93829892042948
2.83449302692442
1.93556391929881
2.18594249761062
1.40065976340936
2.30679350146149
2.28576824853452
2.28450566871097
1.7964528263791
1.29901563654593
1.01823525641335
1.42195211576454
2.421642996653
2.47948223093485
2.44542316817911
1.56473583121519
1.43556502462884
2.77429364940124
1.84422386763448
0.894455310757902
1.22726492178256
1.48095199367907
1.50017289373108
1.37273836678224
1.64118766442342
1.5578757439783
1.48231569858619
1.28961709958499
1.34573280145568
1.54122985414207
1.33584844620962
2.09925374454059
2.15162837093585
1.87241067383056
2.48999049188769
1.41612353737837
1.13680223084155
1.10915034239779
0.838527335746804
1.18270180065191
1.16844502244466
0.992572866463057
1.46260201619306
1.27334277722988
1.211820730866
1.58877336319294
1.95098454782915
1.39231319320048
1.29419421121105
1.25457135357287
1.36035947636138
1.2846994768355
1.55931412819247
1.17112675938197
1.76112357958518
1.76127519687896
1.22728025732792
1.25455222231421
1.61268294668204
1.82405978700207
1.56333952966032
1.32089513985546
1.16340233694397
0.854807456615182
0.896510145017982
1.07122514883704
1.17237746468793
1.51286243618696
1.70084311015684
1.91713532662873
2.03412308124043
1.92126159455024
1.92007040770022
1.75228934998329
1.48323109898074
1.21794490505292
2.08533879922872
2.32630612306991
1.5842602674629
0.929907722318439
0.904653271560734
0.681443967250389
0.611796700722675
0.551334847469612
0.735769102492283
0.646905158744445
0.919242285734327
1.49674264433725
1.40922904921563
1.59380090515935
1.97644344358859
2.22627110170432
1.39081893470808
1.90972796159251
1.43593734766964
1.96734960139107
1.87485959433507
1.24695590738079
1.64456977925735
1.29385921052593
1.46078068182713
1.42341708592531
1.50333184645437
1.07418237343806
1.20893449032544
1.01972178601846
1.40393340043805
1.08905827871405
1.16590305024529
1.6681464451986
1.9875710600161
2.10536135442893
1.59119190630227
1.7327385080898
2.44875879257149
2.05640555994989
2.69100363681042
2.7060063159788
2.41404465852546
1.59740809808178
1.29333056621835
0.812981006627776
1.14268547450988
1.02487426217987
0.668897435695799
0.477526064005058
0.681028206969294
0.687158463091846
1.23184316158358
1.54219996814351
1.17510316184799
1.60770110934729
1.81549464135107
1.11850663445257
1.6063967441063
2.13029609273071
2.01642675798356
1.97750988395737
1.81912553712387
1.86973877785648
2.37400150017575
1.50002972956035
2.3658779005738
2.05919645008309
2.01719180603405
1.9594061688064
1.83956655137625
1.48793170096935
1.78469018697464
1.55565761255455
1.82584715113673
1.64809105654826
1.76079512150404
1.37298755075723
1.65503976766117
1.22807341140584
1.89603297465621
1.60872382129745
1.60200400628382
1.78026876923908
2.13209198286937
1.94107562869271
1.95373173460586
2.51818628564088
1.89238080708579
1.63987512600419
1.62330045109931
1.89101864800669
1.54122999410359
2.05394459476902
0.905851171254512
0.907218701881884
1.28551236445062
1.47781528212658
1.15943346318037
1.20906203377311
1.36820551112463
2.05718849949674
2.04577620909242
1.49118966667942
2.47519470113485
1.63096684188808
1.89562080508859
2.29103312904732
1.70757296559673
2.43331595479155
1.94242226827706
1.89914037434996
2.24714486798142
2.29525247733566
0.974260358019844
1.28304045100214
1.29492756781254
0.798619553227005
0.763841463681206
1.03052367278232
0.907173082330061
1.06822359439168
1.1717001549828
1.31564517124468
0.928168963041917
1.19641997230599
0.937681265701754
1.06634442536124
0.903539154801715
1.54668861890085
1.47469118021623
1.65332075420175
1.73001338610449
1.2126695419305
0.849838605659782
1.17322137033754
0.934262202243113
1.01537067279635
1.05391025185565
1.64372544528405
1.2823498643291
1.67101470039794
1.35026157420269
1.37946711284268
2.2493936138286
1.74583525210971
1.71619364262082
1.23349496727504
1.74032917688474
1.46761309872602
1.851182333041
1.91901669739981
2.02374105118376
1.75877629328271
1.73073223834339
1.21384039295334
1.40977269158595
1.18960794319353
1.21713897573832
1.62593049385969
1.33424441840431
1.484375722622
1.65025566491219
2.38856297402303
1.78156068911681
1.19339272928918
1.12571289383684
1.29545610669667
1.05994719837647
1.07681718585528
0.849044346431402
0.709780190929652
0.767868842308863
0.760690985064503
1.11678902485868
0.909187116603336
1.26686895274129
1.80023746508682
1.64211055333909
1.4913144088957
1.22743386490805
0.773546218284147
0.727167148360644
0.759761701048148
0.856726650422737
1.32328446226482
0.945710598080223
0.768107303255126
0.385258996165261
0.554733678605232
0.879358209928626
0.719355290149624
0.658489759927295
0.705000294074306
0.983099722412334
0.998103190947878
1.01449906240239
1.16271151635506
1.18579332205572
0.900351399621423
1.64480602218835
2.21583398006258
1.82464813751336
1.10952586746729
1.93759639619163
3.16186582019036
1.70093151637045
1.32824325124216
1.1207806680648
1.26094971720022
1.39953031512002
1.87819879562442
2.11213314941953
2.08537955689632
2.37688800221913
1.53701885187478
1.56931708808485
1.65428298527962
1.46681683021263
1.4095688841713
1.04486158864972
1.06736543514865
1.92924324551633
2.03035578630441
1.71912127862856
1.33460584430409
1.65865693792703
1.90068628816073
2.38259681394037
2.54110740821983
2.06283825158426
2.28143706344181
2.08910157669156
1.70260831624402
1.37468306840343
1.58009915208714
1.52035713922283
2.05398473043119
2.33144641226351
2.30303572234411
2.38309780247268
1.29207074033281
1.57657168204857
1.57693691732048
0.981962269103284
0.74939235095958
0.813883877806545
1.18028783752623
1.35274367103955
1.25934898334959
1.30531058550898
1.73477370676
1.33445031612719
1.75186478134286
2.47378990725846
1.83502464734609
1.7887567519639
1.22189616538562
1.79571926530237
1.7255278639251
1.62717516694993
1.78294118765994
2.00740166740724
2.16726944212755
2.18848894063011
3.13757585949074
2.1526206726334
2.35462539825796
2.12857854408695
1.19086787157533
1.71127171604811
1.63649164400069
1.44748528973273
1.21267239803766
1.12696211862384
1.15528482317825
1.62679652305595
1.1428400245535
1.61806174115844
1.53949009034601
1.40229516286859
1.28582533513723
1.27722551341391
1.20773877505758
0.929116491563967
1.74136292698235
1.8261513236195
1.93392044711486
1.55023511616939
1.43042520891325
1.61301762095087
1.29927536069342
1.59966477944832
1.46227216575148
1.46088373473519
1.46315286250805
0.926659248467281
1.21822020877971
1.98445423076275
2.24409317012537
2.34059429536257
2.18898613296136
1.6239781034623
1.46645807639579
1.50648561331626
1.10529028916751
0.939927747490337
1.12231510902369
1.34503171437168
1.54340486944714
1.36852160533204
1.45558689914015
1.26238497554635
1.26027007831184
1.84020420616646
1.79400559247734
1.6122876592576
1.84168428967059
1.64724785262224
2.76883830643453
1.80909065683932
1.5809626691845
1.11790941062828
1.4580588394486
1.32272294328266
1.16060584469533
1.49607579074929
0.803197383437412
0.845187174257184
1.1091563708987
0.851570268028
0.540231045784177
0.845408700529313
1.12489237537744
1.49469654617852
1.39207543948216
1.51668781623747
1.60557297662873
1.51395838577799
1.64046860899821
1.88575159625267
1.53186685404713
1.06400934603091
0.991766604810153
1.25354617096248
1.58292533325542
1.94528208400177
2.12922672749544
1.68627112638194
2.16416614799333
1.88334897023304
2.61341502572484
2.49127957532421
1.47328260862367
1.59223280240363
1.67112870667164
1.78071594374463
2.61670394388836
2.16706056959659
2.53675601172424
1.7070209550203
2.44409930669984
1.90935798784343
2.9927025390377
2.84187243669842
2.75223439726503
2.76429119383469
2.37801481835197
1.6177326086809
1.8645733267651
1.58164715929037
2.22639559699842
1.87827540249549
2.3943752166858
1.45657308248267
1.53060707629422
1.61969652874996
1.37164139509339
1.44656990744023
1.43016153314935
1.90340106712131
1.28630678938101
1.87959959111187
1.97241670719511
2.04855300852614
1.73721993741075
0.871010297538822
1.56976586736241
2.13961137442253
2.56208408204797
2.16916890413517
1.3409528242911
2.04634534459171
1.53906308568205
1.55866296044178
1.88764022491015
2.66499367150471
3.4246489342174
2.17754145764675
1.85590055679767
1.80724015416991
2.32640218811418
1.9287406532681
1.18148350345518
1.17484418968294
1.00997715939392
1.23407278453702
1.61082936994594
1.68817088059806
1.40333164929897
1.18407977047541
1.15911342517922
1.05903413481069
1.51775265009823
1.16193637127916
1.13221944211338
1.35555155874895
2.01120995428461
1.57555816781651
1.70115084632659
2.32613635007717
2.01500332226801
1.73522093392451
1.64349786450569
1.84080960472273
1.41434334883641
0.769062448389115
0.662657780339608
0.935074928140856
1.60454930886052
1.93759500545748
1.15184134069901
1.09636021767488
1.33177349918294
1.67625354297074
1.98579949194654
2.23656120672706
2.48361601251621
1.48752289905831
1.35353179142066
1.42461641025938
1.89721123818392
1.54392083464029
1.3968687487565
1.36128692767689
1.31838689157322
0.972957917625371
1.45935387372089
2.10743824007607
1.95348334276197
1.22133419615555
1.12214975539588
1.43382957762015
1.49213416948178
1.36252774694213
1.78037363410565
2.13487542566763
1.19542386381585
1.57401582322923
1.38993693206544
1.77478397769495
2.26338783689277
2.62796277051656
2.16585117247929
2.43327255914784
1.8728078593637
1.516786021405
1.21856191301509
1.66418817341198
1.49464277416443
1.2699394720034
1.52761841143024
1.80701657653368
1.23141123951731
1.82187646165807
2.63334616546446
1.62466831353125
2.10139323375721
4.01509352917305
2.32421382165688
2.03937167786699
1.86384642349372
2.18619196556323
2.8536830317423
2.23283009362165
1.65173386064449
1.86578080140165
2.61952558564742
1.55919200120993
2.2582901343811
2.74541664046042
1.84068324164755
2.4146156549126
1.83149393515219
1.58897631746987
1.44540118338066
1.11681523209542
0.96789113610209
1.35757998298976
1.23387502453786
1.51824832966878
1.8826752767723
2.26714185891058
1.83606404434629
2.5375747161579
2.24882494076133
1.60838661709304
1.29660430458278
1.15850131639598
1.62348365015062
1.81360805432734
2.10636951665695
2.20832273688546
2.02332783747271
1.68695442490791
1.2820290913568
1.74342482726804
1.59085530713705
2.66142292042007
2.48288450449074
2.07460521541681
1.93557761824779
1.56378139150245
1.39650030609319
1.54183971948966
1.04394466269899
1.04592890843455
1.03877749641856
1.28059104305026
0.953792077926939
1.43101171311618
1.45045528694811
1.21699116208832
1.91711164899455
1.67258023092639
1.68410185361167
1.55626802740239
1.29599334987192
1.79956330399169
1.9984448577862
1.14062351308722
1.44393720709653
1.33421500392
1.58148398448856
1.28006432767235
1.98839003796208
1.4294381939063
1.642757687313
1.41794467407519
1.43332108717816
2.07765280455198
2.69915893543287
2.05150898267278
1.33396243816959
1.77204178591406
1.65101319564846
1.61712362001225
1.2855050189162
1.94772749054658
1.42680672118746
2.16881820255723
1.91609321127
1.571855021276
1.11378270077428
1.07687146700753
0.631485122400946
0.880344786018175
1.01567317169672
1.0911535840357
1.76485184359888
1.90013994289681
1.92381107791054
1.74776803324876
2.50197130701901
2.68144564441618
2.34065619977797
2.1962567035495
2.21593245464861
1.68174573746652
1.29791725737816
1.72966630966238
1.68771731813586
2.16739186954766
1.64135430578406
1.56570329064011
1.25514720919316
0.81798744460223
1.59211226360468
1.41686777339199
1.42188829347208
2.09980622535011
1.67325417127789
1.97888489631343
1.65398686209754
1.93796168671582
2.83656802504768
2.77594926986972
2.49428175191837
2.28896831141542
2.43344732600942
2.65710680453838
2.6204615878432
2.4864155901202
1.62321534808236
2.13869503396355
1.70727271768949
1.76839785777659
1.54065628372563
1.5880036309152
1.46086757200467
1.14097023608546
1.23457731551018
1.19098684755392
1.0835571992096
1.21502176344927
1.86773958786379
1.73564245105187
2.33611655744958
1.98596525681424
1.00813177249199
1.06252337247388
1.41039457469877
0.871355915490398
0.75273809840645
0.964695247605711
1.13258010353646
1.38152379622461
1.08343000172687
0.892903599175395
1.33954059781204
1.15762803556574
1.09714215122809
1.16482998212902
1.3726103041527
2.08795243264658
2.4152380307249
1.08965173426387
1.17538913768925
1.38712137319986
2.14419340940259
2.21938250493974
2.16067880019677
2.36927890119061
1.85218917007296
1.62133552509659
1.55055336000283
1.72419704226681
1.20724057142753
1.74847872501198
2.25324363797731
2.4627823666688
2.35584583654798
1.5240159491266
2.52071154755091
2.10775673504289
2.75336084705566
2.37682398687264
1.60331059684021
1.50192512839887
1.1005436070991
0.742076487444092
1.41382067385798
1.40259038213798
1.38170014659853
1.05228870819424
1.5973104428007
1.32089078937289
0.979013647878281
1.16176874719872
1.32091816236195
1.06966032040981
1.08102992888481
1.50305220032906
1.21370843246165
1.70913685155491
1.89574032141794
1.39004585276077
1.4010635644046
1.00063705401011
1.84537723296095
1.21054886831884
1.45064585084296
1.96690465026443
1.4478875863963
1.57050971225139
2.2671301930253
1.95679517471896
3.10106250667836
1.45013410703443
1.54229307568307
1.19148480710989
1.23832322726406
1.60827169537544
1.17462630316894
0.753943564321874
1.13878408608437
1.20092383546092
1.15390166765163
1.2219826223991
1.42342958293305
1.12581199593624
0.936017579077134
1.10142274872177
1.49008565278967
1.2545994301406
1.0817792424129
1.38123966874696
1.435275306956
1.6306059535154
1.27580858674705
1.91351604947658
1.52691463981701
1.73413938826286
1.60788046471055
1.00057083778994
0.931563574275234
1.22062776677185
1.95270512312997
1.65937644437262
1.9170854942297
2.33623803164641
2.20975745439569
1.1911576627526
0.9209361811836
1.50541849543358
1.19580811075042
1.04843876808828
1.06717146330217
1.32056840597937
1.00446805926011
1.20398508884619
1.47702934513689
1.21749644502971
1.5989645395412
1.49211578079054
1.39242179987698
1.49338343855678
1.28997355127133
1.88053481208049
1.23255759033603
1.11950925286381
1.63694432707908
2.09249190658343
1.54001058256217
2.02568098654479
2.47347052956114
2.14552807947607
1.67055919362997
1.76395542211425
1.21599406803757
1.34730730888592
1.74663913067652
1.74060543448626
2.13076897083632
2.81565906866613
1.66533995276842
1.4547868081704
1.31056854348546
1.46417855620473
1.4717676911075
1.52689796278528
1.84421480457338
1.33947896239206
1.30748014213575
1.10446081290665
0.753436131719164
0.737557504170473
1.12049655934328
1.51630187135421
1.25920777067397
1.67561828940643
1.94031051968233
1.95339182309925
2.33273365483285
2.03593281033474
1.71363387499658
1.63326528142376
1.33787111658851
1.7173748874686
1.40846371326125
1.63695172989716
1.43446855326559
1.54270549259217
1.63830183614255
1.61597554291248
1.71940365976566
1.8684014910548
1.85384166141135
1.23975259713621
1.47349349534774
1.94208941609117
1.53423138660825
1.53987026444468
1.68391025437022
1.3774675271339
1.33766332619678
1.61509068345531
1.23233544802848
1.78522299972951
2.08628843328976
2.53092546876112
1.96796288642946
1.83578786183102
1.46609442963856
1.80425892168973
1.30828220739786
0.834392921849631
1.16487385160696
1.19967750288862
1.57692240525474
3.21338880424787
2.41849424377663
1.73025079873291
1.1772196596725
1.38296135542586
1.92091547239453
1.70897168233973
1.77626469782562
2.67404101122054
1.90573580227116
2.00412629879874
1.219433263002
1.35796091562031
1.67090751970317
1.66318136221413
1.76180011040687
1.14944012638349
1.32703127759897
1.32387655441726
0.859884269506301
1.11595935200318
1.00060247245792
0.831749541394066
1.53938112348821
1.62534380018234
1.31968528991076
1.95373405934407
2.0151464304921
1.07774457128615
1.36924669186331
1.35495952560147
1.63512071563597
2.36066210806419
2.37367217267675
2.1024548391613
2.08726381588737
2.0593178043475
2.09330276307349
1.91037067258513
1.82847608622211
1.89691063960711
1.05642088920474
1.25978807687683
1.90991196157576
2.00389355942142
2.07720744009298
1.73006081188495
1.92498080392585
2.36523789629812
1.76414837348177
1.47692216943807
1.20936157691621
1.25564777263992
1.26973213073305
1.09331909621696
1.36422640286862
1.44805769713385
1.70357315185857
2.42321467080028
1.71420226058948
2.23500222623378
1.66267099425379
2.70958408503501
2.36022599909302
1.96935421235266
1.47035495447265
1.83635897288559
1.92323894100934
2.55381538863693
2.54342189537833
2.51834814545052
1.41198345707056
1.78256158452552
1.44046366186592
1.21155270330681
1.24243920487753
1.18789439644926
1.32595918570263
0.91378084070921
0.900102799758137
1.02693209216164
0.777714898516652
0.878687428958452
1.05066186327217
1.05825285235181
1.19848338103619
2.39961221227378
1.26078154216796
1.11546980621053
2.27948558350155
2.45334308337788
1.83241322787872
1.23858563550435
1.19432768858436
1.08818191922201
0.988584408015451
1.33612367418682
1.4059481005958
1.47081318317611
1.76816245224797
1.53463194431595
1.59627141397488
1.18672829636348
1.51229794734971
1.66876695447193
1.76787055655602
1.30240350696505
1.69325577858756
2.06252809870143
2.07326852857765
2.39214420966863
2.34903452346061
1.97924597700844
1.68280187847401
1.10111968815
0.876308683504281
0.882768035087962
1.09535331687759
0.934875513440891
1.20332794615453
1.75686690294068
2.36044701519105
2.18613653496795
2.78785138730587
3.13077453180344
2.35414628104379
2.60951518170629
2.66271033297524
2.94496433468624
3.11475366154728
2.92918661833356
2.27153670920873
1.58975434000902
1.76836791283614
1.97932268778358
1.79155206893088
1.80649895597257
1.50168145148841
1.21982526923016
0.917333373921556
0.980578905096337
1.02034025489536
0.682300455737419
0.880856663353219
1.00011485054358
1.15422808651086
1.17054377906813
1.92615844171301
1.38291482104289
1.32772365330063
1.55933535854054
1.20144381002887
0.9989936660673
1.16004638155685
0.922155704609565
1.32241915778472
1.46595784113229
1.74714431749562
1.20589099996897
1.34402212950324
1.29490673787541
1.10739166047261
0.853862746396107
1.32882875001908
1.57983214893361
1.33728640887054
1.48094161056622
1.3203766367988
1.2165509089327
1.20426680108883
1.36743486121526
1.40910350900894
1.62360371533357
1.81805524249453
1.3089834443023
1.84844414561328
1.94827059866045
2.76021610997636
2.16311860912128
2.10013384339525
1.72596266076908
1.50004357388452
1.78903798804797
1.2453125169656
1.81871977369317
1.04969064765076
1.43349230169054
1.61402195319676
2.21368821576161
2.61285892351894
1.94837177587767
1.83678724340192
1.74576796510292
1.784751193814
1.61374061000572
1.30456365915489
1.28834697799789
1.90808451320708
1.13269817494549
1.59115214808806
1.86226792839659
2.03948278329226
1.48000503889678
1.82914258868111
1.84835608897408
1.88079795733069
1.7261579686356
1.65755345683067
1.72223571857648
2.10067895376702
2.75791635213558
2.32011097251152
1.77019259390856
1.51820086766346
1.5679363067074
1.61694769477852
1.16075070855769
1.25037728230138
1.01007076604034
1.77658435041397
1.72226207186245
1.10370316104529
0.97477249904845
1.0366752732284
1.4382936551698
1.16976658946
1.29562661322743
1.00189890009358
1.1229788897234
1.36279010926795
1.23300079579954
1.45524106044563
1.7084603291855
1.4001330809348
1.22156118842092
1.67391989217521
1.23947474535067
0.692538773358173
1.00054194963278
1.54727938916597
1.60075785780042
1.04095663750154
1.05599121131011
1.23452089737855
1.9891722407785
1.46836501792069
1.23166959127189
1.62022197045517
1.8396546106328
1.93559725316798
1.15356665986647
1.05721769058193
1.1888847485735
1.13727112479023
1.14040994027026
1.14019634611551
0.976792660640779
1.06223691062625
1.02240943934204
1.5043832115734
0.836913066353263
0.698146575728421
0.872664452360515
0.932800759722264
0.886854753656361
0.800006567269318
0.735581908737772
0.921746416665893
0.871395001149618
0.879709683332298
0.984410333184822
1.02800083512976
1.15770361809365
1.38852958004977
1.4792049615935
1.60526334360889
1.6375267357121
1.44066292717127
1.30645647160431
1.51338943666291
2.03089488204844
1.59043703302242
1.86249142060717
1.19558142938337
1.49807462796616
2.31030798290685
1.92858887044362
2.22583432502376
1.9624462380268
1.67335388039754
1.58887385118272
1.41335740941364
1.79695879945445
1.31124135643616
1.09325419589853
1.26931948397535
0.680827603448357
0.635908680739369
0.659511604798747
0.73629035809181
0.810381924263504
0.9898296654418
1.09384736427094
0.9017287415667
1.54656533295894
1.54028976143394
1.24526426348418
1.30513148647951
1.08059509146265
1.13404585519604
1.10986341177401
1.11257666101667
0.897606694857252
1.25633090327164
1.05306571221292
0.997459338387291
1.6865667324846
1.20381260000598
1.02937954674208
1.27420026650141
1.5470477543792
1.43386677189869
1.62876542052431
2.17648645251266
2.13098183094667
1.94171380788688
1.4056183505357
1.22628999588253
1.49036683102637
1.4430301066379
1.30643389779115
1.22601349244368
1.00750220483228
1.49297623971127
1.17804247315109
0.973981402454025
1.1221808401385
1.4916233984942
1.4680347441536
1.59778341433068
2.14123840866701
1.77360325156549
1.93515483644062
1.05443737459391
0.939171745177107
0.765098407799974
0.745632949259868
0.819381619004044
1.01308115100321
1.3189578089264
1.10799333030749
1.13761216228462
0.989670915933768
1.18581730450877
1.32680016589135
1.00047222753963
1.24377649373986
1.92458661449912
1.48277331403798
1.53999827127519
1.74610192400272
1.53325821939649
1.57113980660083
1.10736895899063
1.46383573515309
1.6389934147913
1.45110522693167
1.92211598096467
1.14705441048743
1.42954940659283
1.2032259782007
0.895383555518335
1.52196479496688
1.29278975371057
1.78687376576867
1.23043757334176
1.15423199011319
1.7806254548102
1.87466001856723
2.32885708712519
2.99896984359603
1.91968915984298
1.76511779712512
1.88558041975301
1.93935591670219
1.53633962319698
1.34368059526638
1.39549908422347
1.44840290675784
1.02481543309467
1.73213945693415
1.82654789794331
1.37741733506789
1.47318970484425
2.13751617143546
1.92256336557951
1.86705133294535
2.3923584403702
2.50800909036878
2.08255751213212
1.15072717162554
1.03644507805043
1.04780694434741
1.05006707235943
0.964489965037397
1.3586303864589
1.19607587940455
1.77977417456008
0.933827967908592
1.38134613780474
1.20523664433346
1.50163837526025
1.06945186701529
1.39311615216222
2.39312878510346
2.29258910130034
1.35841208687883
1.40317637770153
1.50521465497501
2.06994549914386
1.44148359770921
1.71455472725893
1.76829764247435
1.79655230171389
1.21273176305574
1.23557315392281
1.56301444570909
1.36305970432246
1.61121913858834
1.5871513604348
1.05783033497453
1.82470338550761
1.30250636789814
1.28131370340857
1.30878853144975
1.34670748305121
1.40612007781257
1.68221837897744
1.5496082887404
2.24034711579274
1.84758811755556
2.94628293159439
1.91674990821885
0.754557621902308
0.790092771620071
0.976218581055915
1.28270043312525
0.752417976851524
0.829550678361581
0.919639584874858
0.788435185253658
0.589254834259115
0.565594755717585
0.690395316161877
0.891237175328916
1.00748533578695
0.664484638546959
0.797816809715421
1.02162632554317
1.37870338160355
1.25999108070065
1.25084403946914
1.14240678767469
0.79221534591178
1.36786896349806
1.54380736093059
1.6341056469477
1.09231795688366
1.01323088349898
1.56265797399083
1.43547567162014
1.80751881341492
1.94329835910918
1.84847901910437
2.00144921477988
1.39735185612226
1.4747459827417
1.61844428678272
0.962070325533176
1.23231483494274
1.06067318730029
1.04837484965935
0.730140639424637
1.27551990688883
1.62583715183026
1.12980324746832
1.99443303078778
1.84713581084252
1.91310704574889
2.40190144578574
1.79550100998734
1.18113349078969
2.12151470409578
1.66247496950768
1.39701361869855
1.11870324881617
1.87261310272467
1.51371409868776
1.10442063391859
1.45241401453821
1.23419020208462
1.40080844892549
1.57565536809005
1.41766588089054
1.4479522003185
1.29988734582088
1.45601130803188
1.05523864308937
1.35585797932151
1.08716902966601
1.37589768963802
1.62062019720831
1.44681399697603
1.42908127941512
1.30947514423127
0.936585326449098
1.31906505969456
1.4296122784322
1.32845515262039
0.87803110991377
0.912354268287236
0.98376173476898
1.06676348806592
0.645333176819677
0.917395459867332
0.911111659791829
1.05995758178832
1.01987214717266
0.754905783474924
0.757534205246648
0.916203873029591
1.07803137108208
1.49659760495553
1.7688895962904
1.04795283445146
1.32159948305687
1.55807319944437
1.29502551218558
1.20901572529798
0.957235701254952
1.31817542711654
1.34670762863423
1.69388336896447
1.38387905011139
0.961675986832388
1.14607174312091
1.19381856649106
1.18057409879556
1.15895252176623
1.60084520717767
1.28931107680374
1.4214220971683
1.58594961174503
1.55779174277457
2.0247671487868
1.89268004080923
2.05260454393988
2.212819523452
1.24900957118276
1.25132504111821
1.9887608181894
1.71698924594111
2.3743829667214
1.67583276634717
1.73635600033147
1.30991359722771
1.61617427790994
2.49007441575681
2.19340431621877
1.87175033478504
1.75569814816911
2.03326276348161
1.64366392701198
1.18971132735176
1.29081489183488
1.19334745683942
1.0291944076101
0.934233764387105
1.44264347710462
1.56442946707529
1.64770468023666
2.61757556197316
2.76757458058605
1.31918955085796
1.39157903122709
1.35348505862388
1.321329697323
1.79882337042519
1.52272820799122
1.1920064801754
1.1021473105036
1.52166675263543
1.3672058014781
1.63147251172482
2.03963183399008
1.91340666496886
2.30911969768827
1.5462879148126
1.83472355721894
1.72082622403173
1.49358599112729
1.51087743878341
1.82469996670787
2.9142499868887
2.19768906288896
1.49675943742959
1.82311247979262
1.37689373320025
1.66248844021583
2.01734506397573
1.59782486509706
1.60096565470005
1.36780235735131
1.70394846021671
1.50079908527213
1.24125633163267
1.36339769425578
1.17285202466284
1.475741148463
2.0211312578147
2.38164862646866
2.44689307805214
1.90041520242804
1.71813174108636
1.79976245720759
1.69178994801363
1.94310522735995
2.11132338049813
1.36122473491988
1.4414644823098
1.07406472099635
1.45613178381168
1.31220414926469
1.3905586708476
2.2171623231376
1.58107103670205
2.1766682180859
1.73375341972149
1.44482431719748
1.35074112581946
1.68628274701873
1.84250964790023
1.35053157292275
2.47439952542887
2.43566646732509
2.80390988268281
1.84490894865192
2.38716412034029
1.30145234706804
1.12792933408248
1.36684992967657
1.41140650962316
1.63922048395767
1.82400755287021
1.43555785076414
1.52957699086553
2.37681341778521
2.14321430863473
2.27535765587729
3.10713404827891
2.56048637063887
1.97541193923048
1.95075773738425
1.40696571737288
1.71940417957304
1.69472530127727
1.6152825719232
1.75943392677082
1.86895260298036
1.51645455480541
2.24993242840007
1.47863095768342
1.72934418628169
1.55194925389582
1.64591338033642
1.18317038272174
1.52056905050615
2.11662389002523
0.93769346771204
1.18811985953406
0.854636479032757
1.42051596834028
1.54245136506363
1.5118427387167
1.7771736882818
1.84551056520805
1.53557652502071
1.71903784529291
1.40028009284692
1.60525484908745
1.51308772449118
1.25318336061478
1.68729865672376
1.92985969371713
1.25125210118719
1.43631472427062
1.04786416620098
1.14478882225678
1.00913948530256
1.54738246274128
1.38824965628313
1.35082002133876
1.70306809390911
1.64302111335286
1.66937173483211
1.38324845410204
1.600258314479
1.70605566551925
1.1564666064132
1.69778828071104
1.76329815436106
1.55937214072895
0.949214657087641
0.739895643401639
0.986517464817674
0.972158637182892
0.951489358000194
0.987797057676181
1.06642691012002
1.20198705449657
1.57691699534232
2.1983954938216
2.31081777510651
1.85036966444943
1.93449486015671
1.14171959566607
1.77912552797542
1.10877401759265
1.8826007510359
1.52555270066722
2.02249306792054
2.32736631021558
1.63127532361938
1.50910066000635
1.33582695945676
1.60652396092359
1.2145168279691
1.31511151842931
1.78655519188565
1.38798643306971
1.29177218680764
1.22732821454447
0.985783654728871
1.17609491410541
0.741701492492804
1.17888618405613
2.2240579590856
2.71150241084926
2.31381316926741
1.89389129215698
1.39496192975516
0.878832705199255
1.49471142089775
1.5999649602534
1.90568906602943
1.23522138520024
1.38510522795289
1.12060271688649
1.70774918380824
1.31401421138687
1.37122035261079
1.71504626981051
2.19626692097552
1.31795926747947
1.56669028631381
1.83253712202028
1.38624831740847
1.46986613572128
2.09394410508881
1.72054233535668
1.30164117009488
2.1144166275657
1.89858277895519
1.95331349382185
2.19179017302851
1.53065699737185
2.37233993027272
2.01631221252052
1.43413893227202
1.50866857081601
1.50480691825329
1.56234516929621
1.16736299632867
1.58964079241266
1.48440492066406
1.40189112517225
1.2572926358525
1.88449120778202
1.44716504169295
1.35599711792669
0.999605327775848
1.28018921458591
1.37038328080459
1.33095503358266
1.20028753028787
1.4776237980033
1.20318795320044
1.59185546849178
1.56626823885508
2.19376928577026
1.89514698780331
1.47897573152226
1.12575275913207
1.45525245724847
1.38022254157814
1.46419337589342
1.58040722800276
1.72703674646935
1.59019407487027
1.39556117053329
1.36961413424548
2.38151196222347
1.31778339331742
1.46584775871012
1.49824409999689
1.57125431092421
1.38194422941656
1.61174457298362
1.97057307492966
0.951130734391667
0.672991617120185
0.683452349529921
0.861772530616424
0.998951484011223
1.22472356717829
1.79735818536119
1.43052044017259
1.34058774448728
1.3398570943271
1.60787597757158
1.74389522879728
1.9401049492182
1.09736596465817
1.4334075822375
1.22617535726567
1.51044613284003
1.26921180575572
1.26621393843235
1.21769844981567
1.43006943535222
1.03410368048076
0.734227168132801
1.10591808504041
1.32432160985421
1.87031231479854
1.87877525911113
1.65361772659946
1.90878933783157
1.79130364343896
1.48487876956906
0.91989706217204
0.911778095137524
1.09630803335459
1.07257072180259
1.72199528499873
1.83979522476991
2.33425366724762
2.33212771176354
2.12317917759766
2.24514573680506
2.15267512855026
2.21448513989796
3.13212655169985
2.15857815250857
1.91148871690037
2.74566033511689
2.53568722500017
2.06085051169617
2.06059709950483
2.15522140046215
2.34524719904661
2.07912610849525
2.22328437547963
1.20212438031982
1.49020490827361
1.37317261512517
0.961161790341487
0.939383644489994
0.848001617749996
1.29977066747827
1.21884381105073
0.996949677793014
1.33932892962153
1.23168464857553
1.56333252089888
2.01764901297792
1.77686769824474
1.86884314818877
1.29689839906831
1.92864609876649
1.30985757659515
1.38748371656286
1.55915834932579
1.76844195515617
1.07117849236453
1.20908419942444
1.53668987858402
1.51541026080274
2.10854993319586
2.02052875099503
1.42238960514762
1.11805020575983
1.41239143055713
1.49166960400393
2.07703938048537
2.20308683007498
2.4152515524473
1.75539341037219
1.45414704939508
1.4933211342193
1.43259445488459
1.88845041744591
1.47397186190541
1.89365650559452
2.0264552585577
1.79192288337621
1.55751756946756
1.2848604358282
1.47749286037994
1.57838646667331
2.05535084848559
1.79633329369424
1.72588152733702
1.36510843739879
1.03750846452589
0.705621404985078
1.18913230109207
2.12995081600953
2.13299905301886
1.15257364781968
0.972676170092686
0.991875280034768
1.08372803370848
1.24431432554205
1.54851656673203
1.14861063363077
1.01592422007051
1.86449679973913
2.20881242046875
1.79252568870967
2.24011812971184
1.4357081896869
1.77619027390149
2.20113671880146
2.07420385602065
1.41052945625622
1.24004942108414
1.83767593796803
1.38453645219301
1.36310743552274
1.70524532455682
1.40447851751887
0.94231092905432
1.11492104570844
1.08319313956027
1.45904203449249
1.84219440429837
1.83819869118647
2.54442713119063
2.02642803751423
2.57030854390797
2.00782087312488
2.81418886782713
1.34823422810125
1.35714026603278
2.15429437388651
1.37375138516368
0.892322895807888
0.821535746195127
0.883194380935626
1.47858122463341
1.88430302680077
2.24797750196411
1.67124142295129
1.3749780160945
2.28860016949419
2.3614852549922
1.8929455005653
2.83013748746793
1.94693219590365
2.16885274797595
1.83104865474561
1.72770978953758
2.54968996121737
2.36589549121659
2.38562701538637
3.57417815563472
3.66194989363612
2.75177145051324
2.71087910159692
2.92772729065798
2.13897033955545
3.38695280777014
2.47670081419237
1.4525300567027
1.93028986441411
2.12505954707461
2.17721649137873
1.35008243029339
1.60523998417124
1.26619048051538
1.47466226066441
1.36599975607463
1.56729357120032
1.51502417386625
1.16591227612732
0.883344222979369
1.16443240887657
1.37420988529226
1.56731674528314
1.47102057190482
0.973105352040498
0.987512000943955
0.85498869090426
0.723502602028285
1.06108695292445
1.4708207991362
1.76096681434871
2.49932220932558
2.19277672591961
2.06057213441148
1.14097641809499
0.762237491748718
0.969953100246776
0.842432021402845
1.22477736715739
1.11525802348964
1.2523486271908
1.35301989841685
1.53973650086152
2.58121465823164
2.06463650224466
2.19497797925211
1.5491090240123
1.80914092233872
1.48312168528484
1.46847152449994
2.07638882163572
1.42738856709033
1.2522486764664
1.45813836001867
1.25783668922748
1.43173076003889
1.32615985904983
1.23063381766298
1.45021627436794
1.13629637417867
1.18084852800155
1.59379007238628
2.60339775478928
1.41761140776397
1.58041570698431
2.43059935755003
1.61254631543472
1.88689060570027
1.34315985985774
1.37264587108152
0.719527877985919
0.666428931195183
1.16025659013311
1.28102410772874
1.04180809962092
1.25349553691944
1.14244007919607
1.41169537559307
1.12014979603902
1.01591770851448
1.23465851256879
1.1402381210326
0.943125837349479
0.801594226055576
0.865618581759031
1.07518431389173
0.87951093959386
1.62671481513473
0.898007221619115
0.925884915224208
1.01444948161419
1.3324067395179
1.5270167645234
0.789241386416268
0.898418657597296
0.863006827099051
1.45480593649118
0.903382111498479
1.3497885249644
1.47598481258437
1.78334867114285
1.93061884867342
2.01352716842976
2.33062489929975
1.96544157160021
1.57942038562887
1.94357760500938
2.00349829939624
1.66723260401544
1.63001769934491
1.08959625527804
1.32610226884341
1.13602934739477
1.09681953762405
1.52336427424448
1.70817489510979
1.05080917421494
1.14620414218912
1.19317944377902
1.22461834609524
1.11485533931255
1.81501131345008
1.95842360472467
1.7680231586162
1.59274119288869
2.15174164523537
2.05631226263695
2.33364539803911
2.20214792176085
1.67515031103616
1.76475056250645
1.37339251386229
1.64077833073451
1.36141479580513
1.75232338425065
2.09200525275102
2.19042862708844
1.64418961489874
2.13805427846367
1.66666458596326
1.41095666100697
1.81346144072244
1.9218565147524
1.99930417553234
1.85471786523702
2.05376735162476
2.25324133134284
1.62029192787875
1.25853308914778
1.37295915117523
1.69587660282115
1.29484509884652
1.64345994408511
1.94249493005975
0.935467529840943
1.43808937864741
1.62146639674642
1.34605371211973
1.41429976179351
1.49939430129687
1.07886317363293
1.2712168350135
1.04682798979579
1.14393334504296
1.43912497982824
0.97989020022888
1.08514207445326
1.37270161955789
1.86326043343992
2.28676418515197
2.64789312758731
2.02619133514859
1.34764328414685
1.55626197100683
0.965517883299192
0.842829654942525
1.22680770014286
0.967793869633147
1.40044271573598
1.52171807845158
1.01044833408246
1.34333968598533
1.6525398499626
1.61830028234838
1.685328993006
1.87936524400225
1.54686545461297
1.22846659054865
1.41039982286563
1.47954437556354
2.31801359960198
2.16725861738767
1.81203034786643
2.02088205367666
2.63275520538051
1.60433139714701
0.985069297604898
1.65225103533263
0.903208510236741
0.89697538016121
0.946792470109322
1.46902566562225
0.952316825526835
1.30090046767002
1.57194196379032
1.16916236396743
1.64927710289003
1.45476898021401
1.44542833919481
1.19893623618096
1.57727917565941
1.18084874961147
1.38550966650603
1.42320423818859
1.76559227194917
1.62233080275949
1.28837834149532
1.53059049328624
1.63202194145149
1.7668699710133
1.46488541199875
1.44406191509817
2.00617128579994
1.60358261338677
1.3016622918027
0.893810547372112
0.736142448775467
0.767492226635274
0.820997921201897
1.62198371653411
1.937825387635
1.3650545728217
1.3896292257807
1.30071377908233
1.45053173183191
1.52751319769957
1.54303853977306
1.47733884495668
1.25840332048936
1.28456529759987
1.83432427431344
1.74414954986069
2.44027626962814
1.36807965815001
1.35756900678992
1.72633239031483
1.94364736864584
1.36877566101954
1.40693950232954
1.54957294897405
1.77312005885752
1.75710141018577
1.06521139750687
1.0459585444979
0.654193648673851
0.738653054574559
0.826633969632478
1.07168444459954
1.261192659373
1.03475858179384
1.29470123152265
1.03392823709963
1.47157567167571
1.10304879572347
1.16192901673752
0.766475898085711
1.10164048107125
1.23240776295904
1.73100234788481
1.80763520955837
1.28157071058222
1.45683779520163
1.33946627535635
0.900304816397466
0.908221062271742
0.779613632355418
0.931303421459831
1.28117763797356
1.29307596111986
2.8197895232345
2.12395138929417
2.05587434950669
2.12016060786739
1.30247128963873
1.16286908271203
1.09585121523182
1.89301549833106
1.81744685926178
1.38599303850099
1.78473109833393
1.71574257447149
1.79423365399165
1.75346427586751
1.93460165264279
2.04378919176456
1.50956467188346
2.30943447972293
1.85637147528598
1.43579207214805
1.46202187693798
1.16228692169075
1.09769583517218
0.899206324632593
1.15431812629703
1.69148967229624
1.56012941563494
1.75239641583789
1.60837695269683
1.70381661618602
1.94116297805515
1.88930526648132
1.79704527764457
2.43393349725206
2.68757512478466
2.72258018733495
1.86519718306981
1.86381797242626
2.11686690845042
2.57559568348972
2.29532814804935
1.56367821142669
2.02056495974711
1.85628138744242
2.36273938688392
2.44348433741708
2.16390863271074
2.14993504797931
1.45914808095314
1.64751407206338
1.67761384728516
1.89023179984649
1.79283106839867
1.47073987562387
2.09826136707923
2.32181535438558
2.11869996854572
1.47342052329475
1.38418462159947
1.28672121121294
1.8513310417244
1.40500864831191
1.31821518482406
1.46011141574598
1.28093505778635
1.48756665474295
1.45514961117118
1.08646729792858
1.0817829633821
0.969832128593683
0.904294042720196
1.41045177468722
1.58270743003116
1.878444921898
1.38514452818072
1.40167249722482
1.92087399090703
1.67396341110246
1.4769565131971
2.69722893697832
2.00854202887029
1.58615076571506
1.44956790667823
1.91496321771885
1.83112615212037
1.73315780516189
1.42461849075519
1.38169535471286
1.80646278448038
2.02696012201231
1.36357443576241
1.40788752615908
0.974500760342933
1.02681160077474
0.989754217442438
1.44511255787197
1.4899572463569
1.5381515107747
1.88814241008354
2.20276494328422
1.7168636273791
1.23997368307006
1.83673493559056
2.30299852792035
2.17390187174534
1.89461250378047
1.98754130465687
1.7942228249796
2.3202106944913
1.08824960720664
1.64237096916951
1.63956520746053
1.46014476057867
1.63492168113914
1.24250585719415
1.74215322982985
1.99164080353328
2.5193167686793
2.87879700793896
2.07003858736013
1.16279120606921
1.4731829211619
1.61486480883709
1.57348506343712
1.12630626693712
1.39439501787699
1.20931441208981
1.10405297834399
1.22285028057954
1.09055550544327
1.33633306184783
0.866789119539195
0.802641126087718
0.74529516620343
1.10446268144193
0.937285754446695
1.16354386467812
1.23353615417532
1.28763818256161
1.41934881358338
1.47418744833876
1.08019898541163
1.23718351411597
1.36284113049443
1.1301804631914
1.50596869153532
1.50300442724222
1.41540364374404
1.3623849965083
1.1006624562995
1.3220959070479
1.89131546646104
1.85686722410002
2.04176333666699
1.48615495986579
0.830323707130961
1.04382894583446
1.05399956235307
1.25505022570934
1.23034231988162
1.18236339101995
1.34152772271016
1.48654680532716
1.16628653705205
1.07143661873873
0.838076992223939
0.932317046725897
0.954198910307123
1.29907884964872
1.49202956887858
1.409231102476
1.59676752299358
1.66050977616988
1.84496073077056
1.5187663436841
1.90210904566736
2.92912492513621
2.08762695209233
2.057191400836
2.32471388654553
1.7221391178352
1.23272701587992
1.22315491958937
1.52578193594053
1.07317906390499
1.10866992933216
1.63729438718677
1.52605244598219
1.5355737457721
1.24118661363707
1.24791142942571
1.14647630779741
0.945873749151694
0.869759345867577
0.856170691622068
0.922169343756755
1.06353633982666
1.32866336862558
1.20235197402931
1.52265355002386
1.74770763259045
2.60870916760696
1.27746834188332
1.87163615069829
1.43063653395364
1.74637557891444
2.13403111434592
1.42984682724873
1.44221028696087
1.06805247034561
1.64848906364801
1.68370228615757
1.78388693447645
1.2276806777363
1.17901292519821
1.12566855525839
0.839433848452624
1.47708369783179
1.55215215867236
1.25591272570355
1.7572363785102
1.46758706125746
1.8101493606758
2.16027400128079
1.438566875779
1.42383402844374
1.18888337612276
1.3669253144333
1.24479824706569
1.21228058257349
1.04133954453745
1.02488866433294
1.44527278370448
1.55316427133895
1.38589535029326
0.788304824382899
0.819884066484392
0.913816699532755
0.840885515678853
1.45007354014975
1.89526604117518
1.52701508698639
1.256073281169
1.3829570039872
1.25363231476153
1.21469101973214
1.61887078635867
2.22567130338786
2.01606970655795
1.88640495677792
1.59322878649037
1.38928409829839
2.14766530713638
2.94144388831003
2.00769484724982
2.15917748044106
1.3770607448698
1.20445337411547
1.78853800481043
1.10775643294685
1.54204298181747
1.58168591606271
1.19099084711506
1.35430495832752
1.0620766807071
1.71784057521593
1.7938042474148
1.52026767194018
1.45742734598823
0.976993800548735
1.33813200401974
1.00529991874371
0.881534310776351
1.16303306906832
1.20793601206519
0.992195557523888
0.82773895092745
1.11728496915597
2.02052891299202
2.42130966284564
2.21165468326638
2.04917635756841
2.10522400545588
1.9459143952313
2.27398242590614
2.19279223670245
1.99020768641737
1.06464966555875
1.38218462211958
1.76880655290339
1.24214782166628
1.41846533301489
0.986885136073268
0.998786315735032
0.854364458971567
1.37922409291917
1.21789782114303
1.06579222894818
1.78445588616307
1.86746962093487
2.23244979199661
1.48097770371687
0.993714576802952
1.49264574983955
1.55589817469855
1.18059032581305
0.693652131426322
0.981877790877439
0.862183078434893
1.99598116003427
0.84164721642127
0.756892155224158
0.86624192309318
0.741464213021804
0.940757701703829
1.00368172247154
0.942937378082963
1.2507896177221
2.22374537468503
1.66695804927525
1.32895286803376
1.90200293115546
2.08042177727458
2.14130486569285
1.41498251401915
1.34594941164637
1.28606379072747
1.36673750215127
1.12617828827694
1.03549111739713
0.595564592802035
0.972668881596729
1.04414905550797
1.8752745461739
1.36036231294792
1.41603147304092
1.41445693315082
1.48393940833556
1.21800889415625
1.58926487364569
1.60721419590476
1.01181275460033
1.21781652067171
1.09992422986418
1.20177600698172
1.25023576900271
0.97970893693987
0.911295293817408
1.15078873784373
1.53593760109264
1.4280573831675
1.89413567706032
1.22855576236312
1.58264190051589
2.0262109629816
1.78071043819376
1.74559918504586
1.33855846216555
1.36777529129301
1.86003946335052
1.3938746497468
1.53855612222948
1.49657820193262
1.45263290041414
1.33552098286222
1.21389014437679
1.92655760896713
1.97831350466663
1.75404761441265
1.79963362467513
1.69851866437057
1.51374622301457
1.47967910799045
1.68652994360778
1.59078109059396
1.19230892985954
1.56528351380556
2.3270759395718
1.78238202690993
1.72925404454324
1.22323410065527
1.36778512613401
0.959518198285182
1.35745386697539
1.8080310632019
2.07246820510905
3.04257479197065
2.95933284607638
1.52500969564881
1.21306635484191
1.4520700159038
1.53119591028346
1.40016140757964
1.23768058245453
0.958454799748851
1.22517170434757
1.39900508828092
1.28157063182765
1.19567517898884
1.87494080257814
1.76773672339657
2.06972081030685
2.86305513265694
2.16706131205646
2.48784946589315
1.48845716844652
1.64644910471856
1.669121096228
1.51138812633021
1.5145459086597
2.01395092925557
1.79867311739446
0.983361353262442
1.29854391133464
1.62618030916651
1.27386358600938
0.768717997317104
0.714519140852831
0.884458413168708
1.22517845766563
1.63461049634494
2.03978819677798
1.35999364424162
1.71470014920473
2.07698123088069
1.82115103206403
2.77834621168
2.67667077204036
2.05668779581771
1.78682843332257
2.111369963322
2.07112565736387
2.3034348656529
2.3651899170337
1.62325572291587
2.222560092703
1.95502651586713
2.0066863443981
1.6614158143209
1.65979568054316
1.30289178710911
1.75516737088766
1.21238257803687
1.34166756067935
1.21578778579081
1.45967739581514
0.971700958356126
1.21726164708144
1.5430210412047
1.76262789821691
1.48050350479714
1.53607058817648
1.25432535160805
1.2318604249204
1.4840610954458
0.969459383022483
0.822273333011108
0.993362710999064
1.0695507521965
1.82473257198459
1.81292969579925
1.95610369780023
1.69868758680516
1.69399777391504
1.62003786350315
1.59861914898294
1.4665338924333
1.41206236692571
1.0148420405133
1.06219192671549
1.23587148229548
1.20101272181303
1.05859382873868
1.18091751978798
1.32562464267273
0.846797730278189
1.22625789237354
1.49932509579067
1.49439231923759
1.31648908823907
0.94957734627284
1.18998432392027
1.17796176231121
1.12650561282354
2.11978393408789
1.63970407684642
1.7626652586117
1.62885827316067
1.49940591929444
1.12476260236458
1.40052541966748
1.93343210597335
2.26455014457939
2.25061966740011
1.92698761804468
1.34736462266227
1.83201461498096
1.81247204493265
2.17044552901809
1.60195007207441
1.62043452310989
0.947546112721275
1.4362422227612
2.2793811425578
1.67449197569705
1.83113737205033
1.29719154931387
1.52233699684738
2.11063193816622
1.7496853627544
1.7781472164034
1.8944525934304
1.0778728814018
1.41947506897603
2.10023296614793
1.58209121283889
1.20379516397491
1.42004753152651
1.63149165850985
1.75320917557826
1.55449532192193
1.34981787354372
1.34604578861226
1.81917914558376
2.03583106490912
1.59138313345139
1.03981608785192
0.873111988899236
1.90364270498931
2.69235545988859
2.07114646036788
2.30367620112838
1.64293888010474
2.03863835008345
2.06538812448172
1.35969668243544
1.75014246659204
2.73207168082089
1.52564852472374
1.60057776240627
1.4206086967627
1.56096571079618
1.9037462931196
2.09687049481512
1.69190765185886
1.59341265831807
1.48107295200545
1.51632340338355
3.03266169985347
1.56530723877994
1.35151907633654
1.98212054118257
1.4754466200518
1.08696764332103
0.852575164136421
0.970388096898104
2.17751190940597
1.56598645792521
1.24899860365378
0.99058963255418
0.661931264160045
1.01731391498737
0.809706906831215
1.17525417921742
0.943499863019882
1.33997195969024
1.20266987886451
1.14130342445879
0.856318077741051
1.00294576980462
1.55277531392428
1.93802592034669
1.47752711496087
1.22360393722039
1.4117288139455
1.07518483344565
0.92413234511793
1.14549764335485
1.13520146461222
1.16036611149905
1.55546959824903
1.47524831114693
2.16509603073986
1.35173415207578
1.57756923420413
1.4374786089001
1.80226569709064
1.66697808505419
1.37496644519527
1.89759491421768
1.60680192389969
2.14465724820756
1.82780597659126
1.13018590542287
1.21109106580248
1.36377377557583
1.54451353523543
1.82464731961055
1.83528341990429
2.14336086771721
1.19275514940474
1.31494213211075
1.35273538497152
1.48812129676707
1.35983082731632
1.44930002028908
1.55051711618372
1.72686068462535
1.8790436543655
1.73548666838023
1.47427143368981
1.73360572444607
1.39855153712649
1.3875687039557
1.60249863539451
1.49778075559669
1.52297199490557
2.07502817249222
1.48436892933789
1.74838251244236
1.67575324489116
1.42709995519176
1.08941515202458
0.696387532940556
1.1895525948799
1.70544469622545
1.08270827754998
1.83696472772601
1.42089427501097
1.81268364107716
1.27394606719897
1.82048144677097
1.15389824781019
1.19928209746281
0.811389209693056
0.830586852185673
1.28205931632771
1.10522948088016
1.18195713950829
1.11610141879123
1.37235384316269
1.80116305608436
1.16547476544234
0.979081306488394
1.00027671960866
0.984764008880489
1.05808104556651
1.29322118853306
1.20977982158586
1.07812027634337
1.56020527386061
1.31779086304226
1.46131263891779
1.20933564233733
1.38266444834625
1.62364550670356
1.44600502871942
0.949045692134227
0.862466838826377
1.26429380022452
1.25831989568731
2.3177510071006
2.05069941497549
1.95079786644528
2.25483766697948
1.79016215455221
3.57250505962885
3.3872257838923
2.02995108424941
1.84585431035489
1.02977377788271
1.17347882860474
1.08698832985199
1.13150431271282
1.34230862926739
1.17156983586679
1.316296289571
1.14900260942928
1.21257427677305
0.567079333121806
0.555891881712774
0.528357649628862
0.666802192209176
0.915436909788629
1.08605185347047
1.31381727161871
1.64234926199104
2.10371149917589
3.887768286772
3.34409306896951
1.51402036564647
0.999438518007746
0.904807840858093
0.769140514455843
0.737911785811124
0.762788065078447
1.20934499878816
0.964874960269722
1.32307622386608
1.24249595597131
1.44757006868185
1.57442571611772
1.58774841461508
1.30285349748298
1.57566087922476
1.42067835006154
1.22678040563871
1.28306271618496
1.94878207334102
1.5316136811324
1.75061093411779
2.18427065201929
1.779145432544
1.4949802897307
1.19194891164663
1.61255378659852
1.41858333748363
2.30165394791003
1.63155905784963
2.16344082357762
2.06295369443999
2.33307809810875
2.2555541857231
2.81245172734288
2.37302490423649
1.9898844000184
2.31734521662367
1.92506400914672
2.23291095665734
2.22504744261395
1.43636635532716
2.67967791934003
2.44994987505402
2.04454902664877
1.91952955485354
2.50338285493499
2.97135299011028
1.96928218313033
1.41162839224725
1.93369166337839
2.13532858993133
1.63404645995925
1.80201878792307
1.89598563269393
1.69282410333138
2.16790034275051
2.04273251131376
1.15841962924933
1.86985261237741
1.7309334449385
2.06445615342548
2.02080345891346
1.81851168838408
1.72119938826386
2.09249721024978
1.80254154421275
1.04170933958974
1.50373259694408
1.39391233689661
1.44813967895772
1.39826490349356
1.89355016001476
1.76696312264558
1.74639022236796
2.03900234277971
1.20232083080184
1.19453911020482
1.3606959366439
1.79755408853581
1.58429124861434
1.39917194902676
1.64359854397806
1.78289925666557
1.09853463467335
1.78048363733366
2.41367260458619
2.17722104454278
1.09466148522873
1.19293076614414
0.877012505803763
1.24564280114381
1.57505676632171
1.24730039625484
1.14236214172765
1.00209220879253
1.39535334286788
1.29771471713127
1.73622604473936
1.7224477192563
1.35220107899373
1.2737337424855
1.4817248823554
1.51035143721637
1.82437485642341
1.31486805121372
2.09007680911999
2.38978249778483
1.76774160629915
1.65471775068298
1.38536280855551
1.18939287879114
1.41177046046339
1.2846479764032
1.551532842223
1.64864104464014
1.67851398470959
0.852603746529971
0.922240873162752
1.46833031707689
2.11064500824096
1.94961867276512
1.9305778603987
1.84879653114472
2.59620535280984
2.12530891041991
2.33061150037021
1.77778677077862
0.942912958570647
0.979086118660414
1.69076625649392
2.03426746197277
1.75067591715065
1.84051594524468
1.66020078429129
1.15458357800503
1.79899607036391
2.26843486371009
1.70003415525652
1.14211400317573
1.46979005603591
1.33012182252398
1.69769284940946
1.54444889095479
1.15930619606105
1.83717144332141
1.32316897102456
1.78289672691249
1.6738103624053
1.16908424756236
1.43447643046
1.3619498636173
1.17048414177062
1.26668470093304
0.959866129493955
1.22728640583053
1.12299320000534
1.30696786086901
1.91912519940739
1.88375119985086
1.3473737392164
1.65483608137265
1.41850605223434
1.28473492467969
0.88917707636446
1.32502821248084
1.58978087768022
1.13292443379438
0.945852570856616
1.22694790929235
1.54792395681829
1.00931239789171
1.01698666757262
0.672154051941431
1.4295319329516
1.39890862042785
0.965499098926032
1.0291855610547
1.54066994407673
1.46925172631049
1.50191600200992
1.11653862871404
0.814186079289246
0.924316346850462
1.14304783123612
1.43646637920058
1.72295643702663
2.20649524901669
1.92990080173497
1.7272873645878
1.29616159183238
1.39418555838035
1.20940202390554
1.15633396594887
1.21128487392941
1.41412927926325
2.35700835336397
1.77480357426902
1.48886318500445
1.31303973475736
1.19859271682612
1.33502301746419
1.08921663916379
2.01854267134297
2.20343692591364
1.43047376392909
1.24645687429627
1.60587835253425
0.821688492595841
1.41189479186561
1.23025929746598
1.51902428710142
1.29930431394727
1.27968773937411
1.29689669058399
1.08983272674636
1.50570332515758
1.64724570727504
1.12850229636312
1.07641342673016
1.21040791378717
1.39557556735163
1.49834045989713
1.35464915455482
0.903158998935931
0.819052989670449
0.807556523566792
0.538828983413729
0.708517743506713
1.07979241435369
1.77565186408527
1.79589630416021
2.12002392848319
2.13140132752986
1.91590811424935
1.47804102439027
1.26086163303961
1.52067089548833
1.29954869569649
1.56920286972803
1.5047087138836
1.31379403404196
1.5252699301619
1.96391948696
1.76604630857244
1.90926242072316
1.72191423840121
0.913705694264517
1.03545885024487
1.14344662468871
1.19259543247277
1.47508424977595
1.4553727939777
2.01992939902752
2.5144991405566
2.36652772305544
1.43477278656133
1.13581306598039
1.41294096232738
1.28525190194897
1.53726321138618
1.60324193585673
1.6091349293769
1.79471583377785
2.01548091446607
2.20508786482932
2.14235144740697
1.89374795647858
2.02363463831788
1.85830175077147
1.28869624626936
1.76578340439096
1.86346421053617
1.54484021232034
0.931834041242209
1.26183148753856
1.52496499674714
2.00570204258517
2.01780626852215
1.57069064573774
1.5854144478275
1.56524852730182
1.48628634266941
1.68273513289772
1.95043341568069
1.70065081653133
1.82020177699096
1.4036990539303
1.31333869233807
1.17514915979352
2.41377020765587
1.61201066576238
1.71573787770094
2.24671794955828
2.3330234815262
1.77304622731869
1.75452626277737
2.33053347123606
1.87013490864082
1.94861711347083
1.46849164182555
1.08193895963872
1.95922584743417
2.33139464813536
2.22625827948396
1.87469505411047
1.48083375818735
2.66234549318548
4.2095005865285
2.40719552403994
2.53364127590867
1.26288513169179
1.44287096993736
1.44391445634228
1.98068879723457
1.85431364794129
1.78461150093716
2.25614720598595
2.26612942542636
2.13023876766621
1.39459557230174
1.52396310307877
2.07930048897976
1.79913756927536
1.82415990619104
1.44290931601683
1.34002109947003
1.27275833439091
1.20145103634671
1.36038900300634
1.55632005232435
1.70798917624328
1.54149974211231
1.58303887489639
1.23501738116922
1.34846968895227
1.06346385247573
1.18468886326731
1.20246577441753
0.90566361898479
0.741710347879081
1.56574220165349
1.43031053484751
1.53330309715344
1.41253251875951
1.23290541827281
1.24361297987849
1.56885184775578
1.03051154235093
1.60884584449888
2.1682274258474
2.50229998404978
2.35834568981011
1.89026210936804
2.49406079701153
2.28414731928487
1.47577246533205
1.69746424002115
1.77973136802466
1.94554239348858
2.09431979523943
3.18357380204804
2.12550761377874
2.34878787876214
2.11558149031925
2.17114712033058
1.89743128957846
1.26421421441337
1.25262878990115
1.27885058588189
1.10519847913468
1.17550199247508
2.03208744045584
2.05782793214979
1.47022967633546
1.84497463285416
1.66073572809531
1.13102300845741
1.37290513079334
1.43746039531854
1.59096857071242
1.8054973105222
1.42927594922882
1.67353084109626
1.81960331130054
2.06786211056484
1.93875334421211
2.04332626924572
1.30186000054254
1.3917402232503
1.66319854155596
1.9899013940889
1.30810115508967
0.899076553475964
1.38556314456158
1.74238944419259
1.9019005708831
1.65466748518457
1.50048345298538
1.5828438807935
1.66910727537123
1.66162192947097
1.46012411875509
1.64348942461548
1.40336292144178
1.65050874416727
1.85648500490735
2.0949664671443
1.92976855751804
1.92323651010482
1.66253571480452
1.57308922725879
1.62097335918721
2.49887647032441
1.9176269215117
1.65340044877085
1.47093398396482
1.21888527459392
1.24557883279399
0.982184142480508
0.868127979529966
0.71591162182065
1.06566867261778
1.18724939664486
1.60624836650724
1.83565786368609
1.76854796365804
1.7226606352572
2.29270704091789
2.69971990485744
1.36311516134323
1.18524728655507
0.852835464050871
1.0043209674776
1.30811652476855
1.14216427009149
1.29705719643149
1.61088501907881
1.25632537230368
1.3407109285956
1.09774320196147
1.04166805198112
1.72717170556183
1.59743504159461
1.8669682909766
1.55749530070852
1.74120682225308
1.66870905683925
1.43371113126398
1.07883984759112
1.19316070462945
0.961276003686212
0.647205656341387
0.634162822716257
0.566771703043034
1.06327720142741
0.92395144563341
1.15382368017596
1.52430005611269
1.66653254643553
2.18884072213587
1.54777528048479
2.6869279873449
1.95762798803714
1.79418178712743
1.85966803089062
1.76249970291863
1.56857132516823
1.5041820748524
1.52058182796419
1.3584598179952
1.3710283444231
1.26309241546635
1.29157837646017
2.03227618928872
1.59477098569579
2.01962102593837
1.46663072503975
1.44763154294065
1.49697426055818
1.35727276730803
1.25510744846609
1.24184411348536
1.9901627658379
1.48451683848973
1.95325007034779
1.38331125614154
1.40904543675512
1.40200005261066
1.19775640959034
1.79652939721483
2.01875873590748
1.95993070632244
0.721925679648771
1.17872036712565
1.14725876307533
0.942000454601546
1.88015178314053
1.64691521923755
1.20977193552814
1.14651806128118
0.928394963410748
1.26320813029032
1.18148343136335
1.4212138330282
1.65522154231088
1.57236564675518
1.44351331857126
1.23547053078355
1.37287522242862
1.28710217038257
1.00112864263362
1.43392210321639
1.03614584355448
0.865119078035523
0.953946087536026
0.873289502049067
1.35425384294214
1.16106044723995
1.43347441542488
2.01587257885004
1.10942570407883
1.09707693852998
1.1705935841986
1.26970585848291
2.19889957624805
1.78797723775697
2.12205658296202
1.87300326559294
0.930754151066531
0.98311654471685
0.99296676091324
1.26187236158767
1.03615478786812
1.13435205585767
1.01362594436137
1.13452221709831
1.1374432248827
1.39747648305172
1.84435036511188
1.89800199393417
1.51957913052863
1.70611733512082
1.80766209249309
2.19416659866957
1.59092217446265
1.74561359727132
1.25558306985861
1.17080375101828
1.17832349538439
1.22167299670055
1.48253070520061
1.4294744369279
1.44138792249342
2.37166907136475
1.91395991025949
2.51600301439836
2.31229470233127
3.07670176658138
2.1555435249922
2.04642586623667
2.04811638707083
1.28018724383762
1.84774734401941
1.69357521592229
2.30439397710274
2.46973322943646
1.30473263425504
1.27286239398382
1.04386428470267
1.76996839252741
1.97046357904879
2.23891865363262
1.93775471619076
1.74744807481685
1.74831350615401
1.6626903089934
1.43091353094468
1.55346494132813
1.78500024267542
1.45767575089665
1.16008453205718
1.96828597951099
1.12312714328258
1.07483131680277
1.21013334392134
0.861224321716133
0.906196155664516
0.864124741912684
1.24699445903537
1.44755255579058
0.975888767230089
0.989171249626362
1.00990475408593
0.931533275946123
0.957531133469784
1.12833633394351
1.56081244038454
1.71054811918576
1.89663898120913
2.10435986124547
1.21125490160641
1.01569855338771
0.916561150960802
1.23297134398096
1.48125584951117
2.1172617091183
1.18454917932367
0.836699235884749
1.05623747878465
1.20516092093569
1.14953542879984
1.00935518405593
1.56473667776821
1.92959717271501
2.01838034083498
1.76897435196677
2.54497565215366
2.12143258510568
2.27998055133697
1.66786508400094
1.41384430729405
2.59416708556071
2.42684456004128
2.26075682191469
2.34720255701085
2.35735011994831
1.81926777926241
1.35020026084842
2.02986087727536
1.48263408444024
1.45650650743696
1.34151889140003
0.985305285810963
0.845832448004225
0.683457829168588
0.599608112489233
0.799603394837756
1.0398653405511
1.22365279855124
1.9251865990378
0.877746689136138
0.77597010382085
1.14321694774136
1.03874243877109
1.31389801128558
1.21024034322747
1.18409140909441
1.27855319918143
1.40601076095213
1.27185514028857
1.69939502147741
1.80171870031604
1.86952012950906
2.04946233546711
1.96106743771847
1.67258448754437
1.23665158249012
1.31608844758263
1.41052313144668
1.44022636564047
1.77409066887
1.32299120669867
1.65555413081252
1.1230261033032
1.30893860721351
1.47136694132738
1.63146043066483
1.47104585814041
1.71623786663678
1.21776929984833
1.26749062519834
2.03474643351017
1.58967463197822
1.71985178485747
2.54170413455712
2.61475055166378
1.75373144409782
2.29442013446159
1.84372214528463
1.95054021451662
1.89195826145867
1.72542449685293
1.59330969713912
1.88359263879028
1.06151348607774
1.26445370734243
1.55861082498752
2.28324783511009
2.25188704433066
1.6994663296049
1.88759048566167
1.35138514322925
1.84364888488591
2.22580047533349
1.67076960558856
2.4842880510223
2.48772968715448
2.20570628362661
1.50799205545887
1.93679049580568
1.65983487540773
1.64834169858186
1.92533814018527
1.65283930782937
1.6736370732519
1.51959607169747
1.27032977380192
1.24486060714924
1.13904441025931
1.74909927259824
2.17949940461298
1.72776527861483
1.19817791492708
1.09092716638305
1.0376266873629
1.30876861057436
1.07226826766088
0.975025968382086
1.22501902138652
1.12381826931996
0.965120813363508
1.11451395597135
1.30373788181799
1.60511169588677
2.2466145271363
1.4109345616279
1.50515569477867
1.26308831623486
1.76025614914617
1.56799804002857
1.64501982654707
1.44184214238446
1.06929333283451
0.777491577254612
1.23351791193519
1.01222380740837
1.09690854218249
1.37648202177662
0.882946740396337
0.775277004809114
1.11509483825434
2.04954167775367
2.50573054372783
2.56189480508089
1.2011591791863
1.31203325049195
2.51678996245189
2.63717092012429
1.88191935236082
1.52592525539297
1.22826254079415
1.10270445050146
1.12016060665454
1.40949422264858
1.53172244295488
1.29640446903419
1.38995000665849
1.37450125691392
1.31240792344894
1.8319561863175
1.75134733858039
1.5340614975051
1.43898397178086
1.11433401126816
1.388765142087
1.26584400030242
1.57449341062878
1.4576269534765
1.15890837849027
1.39402366642719
1.54248619141661
2.42645529995457
1.76251092635932
2.4266175896506
2.18949260180058
1.71002476811795
1.69613656791225
1.69058714489656
2.49105179711863
1.77633681630917
1.57333968311039
1.54547874573188
1.25793197898837
1.27392470569987
1.08520769354449
0.841544128632388
1.3333718860372
1.51532784558877
1.80340726458363
1.65321276577506
1.38250991490172
1.08356079480325
1.22281294075058
1.43741758097175
1.13621520767065
0.894726615810031
1.08769068193944
1.035110891161
1.0778236946972
1.67167882910344
1.38843698688313
1.63729517641191
1.47714228114031
1.23384274051016
1.62744358380356
1.39716697205337
2.71039941884187
1.75995472139894
1.39231566754541
1.32552026115686
1.5565055986832
1.50827766844573
1.52808531248821
1.63934675596103
1.576105628382
1.43805569440932
1.18635261963479
0.950539804711053
0.854280762997348
0.515897182834438
1.60143988802285
1.74558656112359
1.26372698650092
1.22677356742712
0.803152645732008
1.03011345731816
1.23672762170435
1.22746157216245
1.31753549290242
1.58211156603067
1.82063828240574
1.07243486673619
0.887728508216613
1.68521391947929
1.6602637811628
1.64431633185562
1.54589890880537
2.14327526406368
1.56943276805393
1.46406015266002
1.76665624273462
1.56972846234925
1.917967206768
1.24210974435241
1.37783317326015
0.901787037904353
1.13311121554806
0.98748161949812
0.93705842402562
1.12667697165309
0.903254282479552
1.19051570641006
1.29544329142123
1.34206803409466
1.15985369299223
0.869550757813049
0.67531124080787
0.511766799329285
0.492739502418059
0.805021368365893
0.929778894408847
0.878099606737041
1.05620176132628
0.876359910759728
1.12372460802835
0.937312723822345
1.21261333017428
1.00104400930787
1.16443652817842
1.26773726492578
1.30007100590118
1.49965792007713
1.67257788239554
1.89560870389365
1.63409313668623
1.63900039371364
1.63859754992711
2.0844741019022
2.06497072081348
1.74301366990813
2.13272446364717
2.31997720858826
1.16307042826709
1.14633599414317
1.23350966825383
1.05072158180337
1.00848215534742
0.98723347331702
1.05635636419057
1.71203802838827
1.13173506606186
1.02547784549319
1.14259925695962
1.04466688790019
1.20430036799647
1.18151891875336
1.19888202710665
0.981600492516211
0.953763336730304
1.12905321500522
0.800173486595835
0.622809167914517
0.898604491426174
0.993335416948301
1.5838019806777
1.57855733998213
2.18582524105052
2.36476919854254
2.3786584352996
1.63438195045547
1.95970144079684
1.90259287354197
2.00374180307645
1.43577287497666
1.61134789971445
1.36347983211366
1.69799343051462
1.36618886008267
1.38290739657672
1.43314766794691
1.24202699595607
1.51544088060705
1.27710519644002
1.45769924358361
1.19448770144354
0.890864182126938
0.910476467055371
1.19546875609277
1.7705023365216
1.79965617158939
2.318324380568
2.08267368704942
1.61243243011707
1.2521459598216
1.48348500567243
1.04829709408422
0.780975350822572
0.645720180006612
0.698021467857591
0.538390346502558
0.500976727938071
0.609838923562652
0.793519096933101
0.961727459148883
0.771112689000008
0.991288900807297
1.42126618732605
1.15086379592094
1.35927057706801
0.853033040739162
0.885187011480177
0.778290668352726
0.928072584369252
0.972938670445
0.933423526310274
0.891565466380048
0.821349005361281
0.928175385007766
1.29289933506331
1.28672400114283
1.01993085848034
0.938102205450376
1.36210802318675
0.999786725086563
1.17307951268078
1.87114011918171
1.76530022399678
1.23832534007386
1.53258854888153
1.72432751504608
1.91161673541278
2.10472005034585
1.97130870496637
2.0680640085384
1.21682206596009
1.33466053137243
1.05897777193129
1.44012469617853
1.48166581471572
0.898743028274453
1.09193927469397
1.88246259064602
1.64423635372156
1.99132750657234
2.04319715675288
1.50626840322756
1.27230508719015
1.23186878437487
2.22547875250137
2.35913303835099
2.69719168681326
2.36724766537321
2.17865856399871
1.75150473597817
1.58202031163538
1.16437883625991
1.18053554973748
1.47038725685605
1.17659955531048
1.2289380528115
1.56450804581673
1.35552723547323
1.38777322825545
1.52433374419851
1.68273411672924
1.54873332311442
2.26673324923262
2.10044501276214
2.0789105057908
2.16662798003897
2.906186691003
2.11693487923277
1.43749681208629
1.58039338863619
2.08908994293776
2.26409698273312
1.77878937783247
2.13989602370297
1.83289293841708
1.65285976071509
1.72634032717601
1.74314667551792
1.52387149051869
1.80340686550878
1.30489571721341
0.843656037869013
0.734515941960073
0.758313428917335
1.60464374942819
1.69658221042089
1.02356566231632
0.973878960172303
1.56043056263626
0.935775682789584
0.69742171572223
0.780152648828981
0.969068253295704
1.03471459919195
1.4757137003797
1.69190898367793
1.33316167973329
0.880763124412758
0.84277455661298
1.35800655755932
1.52660421708296
2.24579177189535
1.67970974830467
2.3467241852003
1.84214211998483
1.19466139814975
1.66135238578521
2.43788747172145
1.99687082313276
2.347839411454
2.0443397951706
1.32049838127075
1.21080623226818
1.21677195919198
1.48081798970228
1.77136866845614
1.79613948322511
1.20003715612618
1.33083361558271
1.27359236197123
1.70184158879204
1.26364726085405
1.31532143001972
1.30535488219904
1.42080112674714
1.76150204578742
1.81729654441023
1.82264004142051
1.74674630540326
1.23345295370237
1.71236426742021
1.60312923242376
1.76361423863323
1.12015131525407
1.93115866828051
1.55253610411895
2.02014242214403
1.52785674550827
1.84156664308118
2.84110643267181
3.28434196878178
2.49456543689327
1.99208248945929
2.26797727502213
1.97439583353992
2.48060200374456
2.45234650787713
2.62683942599086
1.51015052340002
2.27096784385162
1.58712741741114
1.75599424524445
2.00106277300573
1.70233669495387
2.64295304040073
2.39910006737477
2.7959778799994
2.51359323476356
2.23697217460046
1.86059924849008
1.09677579157715
2.60972663640065
2.3629656118723
1.59779960685432
1.80979860299393
2.09469013754166
1.94234029222988
2.40428468670917
1.84518644271417
1.56547971640017
1.90334885769719
1.72301297201471
1.38198756773645
1.2737990020313
1.22371458886113
1.03232679190978
0.86643520907019
1.43120497498069
0.878279707320456
0.431129552006607
0.709892631939581
0.653998741650347
0.594468376264051
0.684165312352727
0.928928501247172
1.22069150428433
1.50828008538989
2.3053660985857
2.22361239905218
2.53045316552053
1.63251290200879
1.25408467289965
1.12867416128727
1.3612502021267
1.36721455396648
1.50307771289741
2.05668873953506
2.3483292370442
1.89090971450883
1.35743318516672
1.06575853332785
1.17527083122714
1.78633872255863
2.15446229479816
1.93864759420802
1.19720258323771
2.1262708806661
1.83925655188904
1.69157963908954
2.03249963044167
2.18356126713816
2.29081869649425
1.71494433683355
2.06209334603994
1.91812791765057
2.61117000784494
2.6602837386191
2.1356023683063
1.51741339144754
1.54418967410379
2.55825740040256
1.75006553243226
1.61971224541473
1.52611434189677
1.82670431006335
2.12271449439441
1.92855466981669
1.79807481939275
2.34921359449163
1.68225674818839
1.18613055828813
1.32453694082605
1.68865838437216
1.98235174624935
1.5952821016957
1.76136937757237
2.03028200602342
1.64869306463375
1.51333245024031
1.38625142638069
1.20723757159824
2.28934196543916
1.78229665413872
1.83725179883813
1.77186817376425
1.93422290096582
1.89280284054723
1.18438183745216
1.73046291486432
1.81066888587016
1.69256266478002
1.90369347376047
1.6860341954027
1.52859681054405
1.24176996187934
1.34965116394615
2.20575518103463
2.13595265536732
1.96053244147121
1.59519389725978
1.57116221205379
1.99612288309943
1.62297987137075
1.18145511300165
2.44784583177601
1.9246805059986
1.20896993325815
1.36887290367999
1.72003695440404
1.67203870230115
1.34230327431637
1.73292079994025
1.56323730693987
1.98627788298547
2.86887399031845
2.35493033785239
1.79276940399656
1.65305112592743
1.24292271365709
1.09716105403397
0.898783413166128
0.829489022120024
1.25079598374941
1.43008082408339
1.73551169823362
1.38070767795166
1.05559691404726
1.16134886468708
1.39878961582938
1.54609493911877
1.23934919303402
0.945670783628068
0.489085869242507
0.984197226857979
0.83069095578428
1.4103436878721
0.988658389120862
1.43561751802395
1.68928019417705
1.08762171194654
1.66858186766406
1.37713966142744
0.831730788684458
0.695455955379635
1.05878702043353
0.938688096643908
1.36369525172277
1.51136103113615
1.21325779733192
0.743124216378699
0.798392971938974
0.948010178977338
0.957843249642071
1.52404722008303
1.0920604900222
1.25712880998079
1.15776642706943
1.6148919900674
1.45791239555259
0.88068244873675
1.25287890359124
1.14183218454085
1.22798060902208
1.54711226753891
1.54394094022855
1.37934495148547
0.828423622140817
0.952132061925982
1.27485824524035
0.868991334990215
0.563035681252395
0.647918639638752
0.604466108426456
0.645485378365844
0.96951074540804
0.746606739435091
0.613118846884201
1.31365110568175
1.14705099013815
1.58188703672163
1.52590480718153
1.96156382846633
2.42943342366625
2.22006218171674
2.20341724839781
2.00813814546262
2.28764426462123
1.89097559086513
2.91814347289182
2.14738133385047
2.79289121402151
2.51729705710237
2.47058986010861
3.07547595005915
1.60175647915269
2.16930562132803
2.65491803832993
1.80767016025016
2.40437556169862
1.35362399202032
2.20968078388184
1.30877996797404
1.57786339354179
1.28404379308187
2.14907845339014
1.96557895442662
1.76451013551719
1.2918721977574
1.11573677802625
1.40805284480053
1.22886722946046
1.07932770433683
0.933310922926793
1.08040774963836
0.769296075979457
0.694425695675311
1.03549703221934
1.08026599722753
0.996958789233265
1.31300683485487
1.54750357681211
1.43495177924221
1.28007720905455
1.07664258316343
1.31315177164015
1.35761346189432
1.15445292331893
1.57030331713442
1.94612685588155
1.30386398810921
0.954458230641437
1.33268815209488
1.31355422783174
1.17100790091912
1.74115381656853
2.3847689125212
1.53017417710728
1.88211077895207
0.881745598939534
1.55699938851012
2.15214790073861
2.2250212175275
1.84380913439868
2.30075727161739
1.79180300628003
1.87548928332934
1.3002846777701
0.921648168679152
0.984787717305365
1.22169141369164
1.08548931743579
0.904992361425804
0.88028366705517
0.81813817646656
0.865096390596718
0.732861788160244
0.846154915178111
1.46624114312212
2.40803418272879
2.02449294337625
2.17323764946969
1.1849365688831
1.3644135919793
1.33092030351982
1.29039365604816
1.43879848996806
1.03327080201171
1.25732449498235
1.54339388113139
1.80876459666577
1.16356186416254
2.20671682295314
1.82469237183299
1.56098565980804
1.407226713307
0.712373068314129
0.81667867932101
1.15452105313285
1.0133623224937
0.975900861473232
0.928797721963753
0.947711507621142
1.25024399568285
1.23735458207274
0.806376922237869
1.16344030426223
1.29780552544069
2.03294787805227
2.41813646902095
2.48929120416884
1.34983315451699
1.60178548219555
1.43901546636023
1.35475200364987
0.982769789569001
1.12578482711513
1.46923980490438
1.60996992968528
1.22734190514623
1.40617558630925
1.69671996166855
1.67601789171118
1.54346335548398
0.947751688053254
0.860043066598234
1.31504016325105
1.51317250824719
1.11392557923384
1.83766836232257
1.85938576518392
1.56789095993546
2.13949644683635
1.70418655927971
1.30399281054604
1.03995807121571
1.51144831896567
2.67977258136048
3.0142135747239
1.37926510658217
2.33100370031631
1.25263166867142
1.62979562704083
2.09369605971195
1.84284909730016
1.09239170501381
2.00033358423579
2.71203230559809
2.0878967329368
1.71137329489696
2.46704502534535
2.6550455023546
2.61353909372408
1.94431776242779
1.53661878611589
1.58696607322682
0.943170660204024
1.54376264201395
1.62622110396625
1.22704306480015
1.21753745766312
1.35232323639281
1.44353890226976
1.05306745618215
0.707274449163397
1.69018739394383
1.5824152424885
1.40482359072677
1.65383686264144
1.42833750592128
1.53344438824279
1.34602026210042
1.89144801971257
1.97784888854183
1.35452796512754
1.87820422908737
1.64484505281228
1.91830225695027
1.30961758788948
1.47351571879198
1.46939210061846
2.02095468747771
1.62968299479545
1.34236573100214
1.49723752473218
1.38078690404366
1.14488623400727
1.22627619011288
1.70176463391817
1.81868192694503
1.61513135607609
1.63126377141401
1.65176337017451
1.5718124789222
1.61899106307548
1.39596067842886
1.69695348755908
1.37312249033649
1.45730912690501
1.79419959108505
1.86208544175701
2.52082045871861
2.12355148542126
2.04090327626327
2.09743419162257
1.50000216510574
1.39334143391537
1.44236037490354
1.35153819875732
1.84129474848955
1.35253219412311
1.88382355062734
2.31722752752519
2.58150017965194
2.76678486174294
2.6235895592012
1.85452831054637
1.91373934198386
1.89576365472004
1.95620868083711
1.00871150767388
1.18669484251807
0.961875388930539
1.07201644587964
1.59251474181868
1.24180736747255
1.49105687215251
1.96038846099163
2.3979922658836
1.84997317643773
1.37850044332187
1.80356590777367
1.483566919233
1.92863849167133
1.22762997919872
1.45058105095663
1.90984264511173
1.5963072954097
1.83484856573547
1.95350279726414
1.68391939466609
2.01600282205016
1.69188985399981
2.40338483349871
1.97909204939408
1.32979605824402
1.10643853942923
1.68349763477728
1.76111156692806
1.56120970650227
2.26352432404316
2.46320325097258
1.49620822498841
1.61302566439823
1.17901116727809
1.5455504989582
1.6078290642165
2.2570493711427
1.63176339015389
1.43470484481754
1.99578362626332
1.6380370247509
0.872994645857467
1.0208200393799
1.00566416516349
1.08858489235753
0.858799264505631
0.768716358500115
0.719621422794609
1.09274585788275
0.851530025050095
0.966316428342333
0.987486954853529
1.07664271529533
1.46049901033734
1.86193480701996
1.64553317670066
1.07987193781924
1.2659370681445
1.85868472531353
1.08828411332364
1.21533227082803
1.44440040135704
0.819601794041183
1.2352139369258
1.29913719046074
0.949197019942607
0.818952000187377
0.731740201657247
1.27529535879677
0.75805006587236
0.50221112096863
0.717108923038915
0.940409730962822
0.999283641662589
1.15693892527426
1.45128479170724
0.758289554476801
1.37636001874621
1.2711282562468
1.68477096941741
1.54704762308302
1.40204208250383
1.6370848289721
1.16200385741196
1.26457546222153
1.4694213298067
1.40733895416346
1.59225019572195
1.65875813293732
1.12765121743345
1.33883805071703
1.16953271871044
1.63576086601929
1.63272372039826
1.90033533591068
1.58913931504999
1.56380052211939
1.43187333065936
1.41972350642996
1.18794714673022
1.02659961552807
1.55679173529248
1.55763779036456
1.26433902656199
1.14208235237512
1.00642779173658
1.06343806021883
0.953900941156298
0.788558073323265
0.695312360397993
0.719665165164106
0.941474252231111
0.990703256297295
1.25816783760505
1.24066191227292
1.99222497743198
1.72404698932737
1.0673774796682
0.726933999035879
1.57345035023667
1.2533349424372
1.13243032291696
1.07281866060735
1.07097350830914
0.899422237603816
0.997024734058014
1.13633043135893
1.0419630789704
1.65794202961148
1.61906392669704
1.41487873517578
1.04205136103665
1.53205802833005
1.8162476559365
1.5668776392994
1.33205290174018
1.36930774670881
0.973348300531101
0.776245904206227
0.956297349752475
0.728408546285494
0.927153726842196
1.17365159560466
1.02874673624894
1.74108276945647
0.771802582017881
0.72679592749231
1.59821715737867
1.41942761380402
1.02503843104996
1.17466951147222
1.47138798943992
1.54832295281379
1.51657221932973
1.88935743202155
1.67841820522156
2.03712805691458
1.61089405968949
1.4610360788796
1.61130956775598
1.70665873643295
1.75609515844244
1.76277421022378
3.43858026056421
2.70404458829898
2.50912644212697
2.2207632339063
2.38915843332926
2.17517870902542
1.66528602360006
1.77516534568596
1.96550766779966
1.63957206434241
1.13975110339512
1.05628647324257
1.26874874978541
1.5822547833211
1.37930412275674
2.22876312999363
1.82308029208945
1.66310120748474
1.66906422723707
2.21355983422596
1.31904608501618
1.33460694369523
1.36889935210025
1.75026757462624
2.21552903898752
2.17157411921218
2.14021572739363
1.44995726125902
1.81924014872504
1.40575703624969
1.52043693020682
1.72646356268039
1.45028334483223
1.83675596541376
1.92509960112207
3.57476719644071
2.28092642297755
2.18914760136945
2.16003590645138
2.84014543156746
1.79968623865917
1.61700113071806
1.88719892723188
1.43954523966648
2.31180606210691
2.45924393373292
1.60602688485307
1.86430004700596
1.78697871682407
1.6977847375961
2.52636068886324
2.46054007269377
1.69432305370722
1.70014896693563
1.50913459191264
1.82220260463907
1.51083794147041
2.79769077386551
1.75055336796871
1.5396487467198
1.615100692594
2.37241564167873
1.51495115883279
1.19396253218459
1.11056699786328
1.64392453048595
2.21162767481463
1.88359651047476
1.56962105967345
1.74010396247292
1.56034623870094
1.65305206123897
1.57463947427679
0.731810393494636
0.799184297866497
0.752725053323036
1.08563722769587
1.12544593036388
1.12611707478123
1.64668034234208
1.4694525481151
0.976877018260307
0.803981419827983
0.81712964520577
1.1871431191275
1.07241867384032
1.1309735580161
1.21678608917641
1.33402150392256
1.35362917678393
1.8999516532344
1.72923181302544
2.31685217763755
1.47141552774009
2.00505888829344
2.47301101568059
1.88959825048389
1.91433543057758
2.19357423697637
2.48131315765897
2.14048134081606
2.12343510529844
2.78241044240827
2.67765709804509
1.62104981786677
2.32891934676269
1.92010343474457
1.65895568758623
1.40748329775437
2.35825767855627
2.83503581681874
1.84694446270817
2.11940906414981
3.16117669054827
1.96435454928016
1.89530173676749
2.22681795793083
2.14995820479112
1.89310553195565
1.89442977867915
1.27728632385848
1.72255626201326
1.8367620259552
1.68492737560039
2.20084884795436
1.82077879860663
1.67624042970979
1.41091093841003
1.41950425908029
1.18060346470674
1.53637417310183
1.38401364406048
0.938497132260038
2.00959079410327
2.16999858467815
1.46228537115204
1.41880072497677
1.18214311267116
1.42480639843175
1.34378945586049
1.7261940943226
1.80935162381008
1.87920396516736
1.78545067042554
1.52360834233197
1.66660513216384
1.55398829906574
1.7949787349226
1.39575874021563
1.49645774185308
1.24825929659031
1.24198163666532
1.05774753948376
0.766577820746494
0.868992071953181
1.03550398761539
0.918781608365973
1.0963121104038
1.17284445782525
1.36517341598351
1.32785948235204
1.15910842269577
1.02355975760917
1.60472463586413
1.51315360940294
1.14300227196319
1.60533967601276
1.57402305304816
1.75844300899711
1.41656855556023
1.19854413852824
1.01554769569595
1.00848531353198
1.63941977314808
1.4860207364913
1.78806933206878
2.65703514195322
3.95750922470849
2.67748258509721
2.8911841642349
2.27781155348744
1.37317397773311
1.15461615961885
1.10334723017834
1.01011793797841
1.32241119456098
1.03789280545315
1.12706841545899
1.13176582885288
1.03317234521876
0.912588733041779
0.972729738284222
1.31742170023496
1.21771129169972
1.01336500748612
1.00110404671031
0.930912891320812
0.841368384225659
1.3122213667671
1.21621603384492
1.03469722693463
1.20120171502961
0.869716139817202
0.610195453099499
0.959604687187204
0.825323698874797
1.0810581872557
1.52733698106763
1.9361161523995
2.41035860191929
2.20860518095337
1.70068712712703
3.47088343752867
2.01201586345032
2.68974108150596
2.6173004287302
1.26411312665223
0.828292245282943
1.14203110344183
2.23940795359093
1.51939079909975
1.74656387538615
1.07127315323252
1.41803159524047
1.52151989559723
1.36319823549044
1.19673071744668
1.24132987067297
1.4964615877859
1.51129511444016
1.38904621195134
1.6221709527563
1.28918466778341
1.17798823825186
1.25805778992234
1.63828784830997
2.6727091988074
1.45163589358883
2.54543540317218
2.1180685468805
1.58878356785684
2.01974573686102
4.00601251737558
1.98338199351358
2.15050206129433
1.37524939893673
0.925254530502911
1.12855947696433
1.33696867315853
1.27427149667748
1.48831952376445
1.52499570114985
1.77221940760496
2.21091685410792
1.94092352161878
1.99634963905235
1.78752522987367
2.10796706679213
1.81864725827493
2.38143014978231
1.82310528671476
0.901032118842948
1.03185192225816
1.22054448667072
1.37908551781462
1.54954642618915
1.52016700733934
1.61368643599583
1.54395355963971
1.77687867001695
3.24769634055896
2.56711746890942
2.04194362879394
1.44824991113067
1.9879232299237
1.80747732388484
1.62411038491562
1.01340363729814
1.13526411117431
1.36361118398792
0.998895297235537
1.06216156538256
1.09880233763677
0.881501905759812
1.26756589295135
1.26692540444394
1.6180351419604
1.66947864816871
1.4555332063149
1.51322193808744
1.47540993363292
1.57160644868461
1.07050177265617
1.17554808769891
1.37765133315352
1.26770335523486
1.09901095144216
1.07192742758489
0.983595476269572
1.85507827482367
1.81512733070312
1.65904018291207
1.94153030602075
0.985437320215234
1.37782309591125
1.30614448466658
1.49846558392331
1.08667469998257
0.952103694973007
0.830139166541923
0.722134710626195
1.0508860776291
1.23179779400384
1.84119027474794
0.940690242560039
1.09243844301667
1.26696906291821
1.35649287204336
1.78483309303269
1.49226711139734
1.07979182607118
1.56360147717631
1.35399930128485
1.61691099111477
1.40472571801059
1.68767712017664
2.07229904166487
1.82175864189687
1.40850312600434
1.25957660195582
1.20851977705395
1.7027600007125
2.50179612049013
1.76021231230207
1.74233861407518
1.62491782367356
1.4977256292694
1.41467723882331
1.42537558408249
1.26287771382598
1.77694413725822
1.3727324270255
1.95709737878612
1.67995692578908
