"V1"
1.86932744974155
1.35273240350492
1.53503094401262
0.865132756201622
1.40176888935155
1.26056046449664
1.40278662835728
1.61498918847723
2.01416045673783
1.68324898942224
1.50378757104552
1.28855385570543
1.36091244171462
1.08181496133583
1.58252373968228
1.3127341902057
1.28536417387642
1.21867286771268
0.738147296549457
1.16424626496131
0.980328991947291
1.45344886492651
1.54793690704698
1.57554808348396
1.3698473171564
1.26253936099762
2.10875291545178
1.75347584343518
2.91186766269979
3.00763707855305
2.24690838328248
1.9027440541753
1.45406307075407
1.26979804579984
1.65224356218064
1.35423555421276
1.85156555603456
1.74781501036086
1.85546553845517
1.71754278564384
1.93586130124241
1.72077917736165
1.64985820731163
1.76287637053427
1.39468258528275
1.61612474475242
1.24228124761967
2.02245113417142
1.50341208337135
1.46916566370029
1.75347881005707
1.36449092305402
1.81820690969
0.99279952329649
0.747571857587899
0.776925967594012
0.865091861957774
1.30282712843804
0.848939059997904
0.808224462972062
0.795431099794215
1.44693485118997
0.913153735893831
0.802243129263699
0.829211146625623
0.999162123022061
1.54873425828515
1.33274887047552
0.923428866125532
1.23855902853084
2.20435123201511
1.61780089608086
1.82664635068783
1.84226091958444
2.13725653631034
2.47494086071831
2.72472654091201
1.38106601149514
1.57063083892691
1.42838833338251
1.61673863048405
1.37368681497409
1.52377024108647
1.05151363310524
1.06933003184658
1.01809887341514
1.11107881294669
1.65065976107284
1.04622235902832
1.16813755206831
1.14712158812471
0.799410051545929
0.773307075242357
0.961425163677888
1.53029267356709
1.58530763078011
1.83687590593517
1.23434308415357
1.39261542769743
2.10156221166765
1.44464207343981
1.57051060579511
1.39470016273857
1.39867439893989
1.43738982087131
2.5682723745634
1.99273153654076
1.33845027403845
1.63691328780893
1.56422485789266
2.08713465770091
2.09202172930791
2.09681686428802
1.62215742937596
0.934296725634342
1.22574226604189
1.60349534588372
2.00983224749406
1.76422342163785
1.94580194160491
1.62859160701821
2.99730174923934
1.04925633602568
1.32067734490374
1.23847223792201
1.12979651693394
1.29316228467515
1.30785004625344
1.3378950596278
0.950095033470701
1.88724371493671
1.79534982668652
1.8805842794451
1.65191501820032
1.59298469939754
1.23988637565591
1.68577262643277
2.09160960913117
1.91553236490689
1.77321559455567
1.51660227189791
1.25400171320348
1.76000083989283
1.32306394803765
1.84686207433955
1.98726901388456
2.44581016873104
2.1305363584896
1.87233133692409
1.79572679614973
1.44633666714632
1.24027301568703
0.886527371250971
1.08262189443484
1.95928076596765
1.84875889421223
1.32448917573534
1.37441264851842
2.23856472354983
1.58696366626793
1.3785340700824
1.45294754212834
2.31503123695211
1.79154172393907
1.99840496622304
1.42442647055888
1.3561103022751
1.49064991546894
1.06753649736474
1.39204512470829
1.31051238532073
2.23032270285941
2.10735575451296
1.74430831141726
2.00219451122288
1.64068319277625
2.07148922918271
1.79962920459376
2.13425603724321
1.47525256500425
2.14082790320033
1.23258947367126
1.34378511865604
1.42378362748738
1.28079879109969
1.13062554939216
1.26850889113424
1.68795425660185
1.57576408245154
1.14768400324064
1.23576099189048
1.00452149748546
1.07684288262755
1.97681450342891
1.2503170683705
1.18392684122983
1.69429065622739
1.56995034601936
1.37507594543212
1.45334813600911
1.26055938701383
1.18824126911157
0.979238035579951
1.36731586246504
1.75862071733738
1.56528827187101
1.76854286561376
1.30385367391101
1.91371711558441
2.73779524020477
1.80946041032086
2.05586842262541
1.66384489029328
2.08999242239004
2.17412576478295
1.68845010018254
1.1937336974733
0.978821901756607
1.37495478251992
1.49800681647043
1.30539020742677
1.234592460456
1.63333336001973
1.22798654519605
1.01715116721151
1.17657128945336
1.22185717586245
1.42070962579886
1.08642224091963
1.61827103991604
1.84695036266465
1.97792258413154
1.85867125634748
1.46638570674269
1.12137946843317
1.03321525553152
0.525985381894601
0.543370420321367
0.74976856075429
0.853745006533024
0.827054094222441
1.08742473956744
1.39681536486348
1.68760435772244
1.74669202768598
1.17338476320934
1.18365648925123
1.5257249543021
1.44412476111687
1.54990121042327
1.83108391541832
1.89145913339919
1.59409915729236
1.38873703362421
1.84787788504848
1.05628557184795
1.5627986312391
1.63405120267067
1.49441277290529
0.685084943284645
0.918231535070905
1.76734780593529
2.01235350053946
1.38552781843404
1.98348482557318
1.71639909783691
1.52345550487265
1.51779942213874
1.80470994736811
1.59517632736011
1.43398955436731
2.5659583551485
1.54116465867105
1.81398888779477
1.97780020419199
2.08841317536265
2.9058022025755
2.17781999869269
2.24252183199534
1.81075912720851
1.22914695931348
1.54901126342682
1.62015906603939
1.31446265791264
1.48543883081791
1.40584342052792
0.950055308665675
1.17604523059606
1.65263823238632
1.94430720969769
1.22830303876092
1.09689586491697
1.48797986466462
1.69533008504065
1.68408286486689
1.3388952942502
1.0972996004415
1.26843930824938
1.05829429345976
1.15251014789715
0.842921158204255
0.922483796788775
0.931059820877475
0.952541928187012
1.07589073670497
0.827389063609677
0.742592381691072
0.969370400249682
1.13710283280434
1.51387419392391
1.07295470844771
1.43985687738953
1.43278269982684
1.91072291694454
1.40538523493165
1.60954721260911
1.51705782867228
1.91462025985574
1.52398363836997
1.15988922708685
2.0691817510207
1.72607054419741
1.58861608091181
2.03282733504251
2.38135055950854
2.71916656675028
2.4066140740311
3.25504348664982
2.37141969889263
2.15072136118725
1.77152573197035
1.84200155188917
1.99414558351416
1.91368476489881
1.34393278956721
1.42478020706475
1.24922470554091
1.25383537908506
2.06839521106561
1.31584598253076
1.3297541343924
0.999815961643617
1.06208502784202
1.31911845052021
1.14772895657338
2.10042677468146
1.9758524608536
1.16443466596259
1.73992563456509
1.60391697446427
1.90061662779945
1.7378995471758
1.63549063569541
0.957862196110461
1.32139975535863
1.98492519815881
1.25614470837242
1.86370085548368
1.8916876229487
1.55827447229381
1.10961532582202
1.16132897225645
1.37930579371896
1.31262609853394
1.10483077056296
1.68789607829715
1.58935685591119
1.1473620801704
1.43903958603577
1.23784904680064
1.22076980708461
0.839726093570301
1.49562512039774
1.65397815601366
1.66979651954841
1.65209745021733
1.5229750713069
1.07155730499671
2.08895715701942
1.56686482296706
1.33943330298763
1.67968782043451
1.04121517657707
1.06488078960869
1.60087902173488
2.60365847454967
1.71268789613761
2.25520651771401
2.21239444901249
2.44885207134022
2.21927068118716
1.72275177011612
1.19910944429211
2.23734784382831
1.79821466026283
1.88997785712897
1.24054729251015
1.09748517365616
1.52193446396957
1.49893256640855
1.42512640106074
1.21221294547382
1.77485198946222
1.91894281315205
1.40686426833437
1.10602551397082
1.27985630951699
1.45400102504113
1.88529888898846
1.26955737137715
2.00900025516163
1.55129127662712
2.08722890068075
1.10939848573209
1.49817626412593
1.79042225245778
1.45662877184818
1.68807008505737
1.4675618648653
1.73671428695225
1.99759049859984
1.60096793832558
1.36535432984888
1.59172563384625
0.878265739720647
1.54872460014902
1.32029300509439
1.75727037247748
2.00955312375895
1.47576490262828
0.942855036288222
1.04357813172645
1.44922189381231
1.74191503643301
1.59347256443273
1.08905383007584
1.09834831244895
1.6101053435549
1.23926569743244
1.58587575682848
1.52281831237672
2.06149088109632
1.72725631050556
2.04020146775245
1.98471883026977
2.40160511077393
1.58891134885737
1.54108057156804
1.67546963701591
2.41645015828196
1.43062368158757
1.51419534413403
1.76093384908149
1.52684274557616
1.03524791275963
1.04067813619228
1.45003115326602
1.57711823336295
1.04518385212233
1.31447542027168
1.29875835101052
1.28672142797197
1.08469048787793
0.957525701743468
0.821295810775922
1.04179785526974
1.45075724258634
0.791500754227913
0.964061041772365
1.30374680731927
0.686029902399435
1.3824209140704
1.30086225362147
1.05926381455533
1.30333173354341
1.05471699527832
0.78514978042402
1.17390214316722
1.74872690250884
1.37264411604836
1.27511202474521
1.2720057450943
1.61208562284538
1.27604684120292
1.68012991531548
1.35511803004327
1.34567947373501
1.17388305765978
1.13484481127234
1.0743296429596
1.36219857557972
1.11965965543968
1.10030819275237
1.2299277999476
1.25213382401201
1.35843090870489
1.46954215696986
2.05219737575441
1.69988842897288
1.02911691407278
1.26858620688489
1.34849698018641
1.78451230372943
1.81486504229489
1.85315829365372
1.07398493696274
1.33949744836352
1.9035329889215
1.50597706837817
1.43702308038127
1.82220702742283
1.43482666067155
2.14171960389926
1.28834457066999
1.09886693665849
1.83598413546939
1.65164529347738
1.29249038381175
1.96305008609076
2.09089723174149
1.62204672410155
1.23697267833406
1.44442059373104
1.73700379284552
1.85090584906489
1.52238552750571
1.92832958717937
2.01560650347035
2.32520763994358
2.57922654616712
1.72108798528604
1.18585976539025
2.79492910501564
1.44200748984446
1.97360284430185
1.41283936778613
1.51598856520897
1.24962333509818
1.52397475604956
0.987953181520524
1.22494947070347
1.48481333530121
1.13117396602212
0.967325426499003
1.26015442922434
1.56228648292954
1.22648482509061
1.11228595064888
1.44291850704964
1.99390166367928
1.66902485100032
1.66179470338078
1.7076105257648
1.93534325354063
1.21278256594423
2.19347476648559
1.93494460405008
1.01174683149078
0.883376142335839
1.52428498434717
1.46135004426833
1.58219765498323
1.33343484971765
1.95047246022322
1.56665939197405
2.16023251034323
2.43776935545028
2.26947540651413
1.44850134520275
1.72645222223259
1.91304801104693
1.47193169213218
0.973982701437876
0.941535849228421
1.2985428658975
1.60396730349501
1.97130958521666
2.34702043558112
1.7688607542274
1.51548578481958
1.88085112107604
1.27850332421899
1.40998092609233
1.9777008636924
2.58616405732564
2.9411098812173
2.20898108025873
1.94246250103939
1.16924538899784
1.0432724994788
0.989060226841919
1.65943353832754
1.90883560598615
1.38630035835366
1.51230907176233
1.38258213503489
1.41319980600884
1.40308341446316
1.1260241798392
1.50572780880975
2.30396641978209
1.19382384483071
1.31025278426407
1.88404715417881
1.29152428083179
1.36850566484011
2.03044057246177
1.93134322783056
2.07081680446865
1.56696317369134
2.30866403817581
1.68245123171526
1.18267822139051
1.51013194100036
1.54617368664325
2.19728255192668
1.33910637882443
1.32482334726443
2.2467535584888
1.59105608638388
2.02735109166176
2.23389748687812
1.44367608409795
1.2412040527566
1.16460795431323
1.63547182125589
1.43794350423947
1.48218679878764
0.889525657545521
1.29481229590138
1.32497132017023
1.84522117706854
1.85630566040821
2.60058667688183
2.48452132916597
2.23919238993604
2.15160911291892
1.46886775633594
1.11078401235643
1.34484199889069
1.62285090526347
1.23937781988796
1.13163329557089
1.13605825414775
1.32366660203325
0.81935305128418
0.736209103426893
0.972468231933342
1.08328387853796
1.53446134473434
1.73511565687814
2.1970789039636
1.89677779935679
1.73700934386455
1.45117005616603
2.13807206615743
2.06950471892515
1.24512522777256
1.06932426134012
1.04033545961046
1.15934548331065
1.27530813158399
1.02992555940302
1.19149000389261
0.93371551958041
0.924062432886155
0.839572879318111
1.27619548750274
1.67147175610711
1.74935078293995
1.60107113185065
1.56881652098371
1.9857788139528
1.89052032577474
2.62475985065658
2.42826423707204
1.96234676168016
2.09217112111674
1.05900842846632
1.310962508708
1.27887847321286
1.33416918989826
1.57246387964116
1.55512681294071
1.7275025048989
2.46315916465327
2.02737475281911
2.19436047171823
1.42774823905695
1.68611560743675
1.42220170412967
1.88632267907212
1.64607335254793
1.26937627529321
1.06584214203435
0.680065446567403
1.10150104194009
1.14350204320317
1.06332337728346
1.13866278252053
1.41677182634365
1.41173264103074
1.85968318064856
1.77034441190298
1.81662383688588
1.97585881555954
1.77542042037432
1.9467883406698
1.28979899739886
1.49861084199895
1.61475978620792
1.64814230319694
1.14507971272122
2.20330037689763
1.4892599632478
1.18393962026766
1.3833046890773
1.11024332418449
1.29057642190895
1.41868847189394
1.18120719100596
1.80202941210177
2.00366614062149
1.76246547971109
1.47492421381336
1.4140831665453
2.21688921323397
1.43899977893286
1.66016439908864
1.56730537242627
1.50317484417387
1.29763379315713
1.57777954439056
1.70714741125586
1.6905034799839
1.722879664952
1.52586876152776
1.75002274181921
2.03534154758531
1.36062662771725
1.80400207919433
2.27885384519324
2.11521590564764
1.71513509190373
2.10283212739189
1.65804139894505
1.98767859203592
1.56872782169914
2.00360536672283
1.746416048865
2.26471542026517
2.55028158858105
1.8315840672707
1.77014929355136
2.00450807231989
1.94223675691049
2.35090121010804
3.0511738010179
2.04799110920793
2.53280145983532
2.20500243524903
2.52973951557023
2.79292973623289
2.75480709043463
2.02072979615233
2.11078720883128
2.63415227885821
1.74262249885079
1.42718442944633
1.36109411592494
2.46145046838698
1.72213207134753
1.88048811920123
1.66196281869584
1.39007434932394
2.26894594179716
1.93130964878821
2.40258829833824
1.79105096116129
1.80081663222443
2.05216105584909
1.74789397300501
2.08081047134837
1.96384381030454
2.00584628400461
1.91977092352042
1.34822610700195
1.40832695300838
1.18990198246356
0.791886719195306
1.31844241282934
1.31082636020543
1.60990688863728
1.48180899916882
1.24370807005578
1.41241999532393
1.59585778491847
2.04827966870762
2.06621873243935
1.47296851662945
1.40661077421813
2.61858618012123
2.26825762449599
1.86565245169588
1.47934205658989
1.77234154784253
2.28289171819349
2.25617265667173
1.94204650283129
2.41233494507673
1.64361606009876
2.13651754991074
2.00169803296048
1.60199206827211
1.73553596842629
1.69577649375739
2.22909118214809
1.81007636269142
1.61358528103055
1.60063842909577
1.41298208992748
1.16600149372655
1.52481756279697
0.991393017126432
1.04971675558029
1.52473784546824
0.81602265091451
1.37381374090315
1.80973314386951
1.91172765847893
1.72458708528608
1.6539959828534
1.56463543500238
1.44105033251646
1.33325336067832
1.45193179076262
2.04020620979237
2.11464630221576
2.10321236731779
1.5728126547139
2.03881774448206
1.73191062667412
1.94823389129953
1.4659106478091
2.06077326224585
1.63104013158667
1.43546837539286
1.34263770185042
1.43479428975492
2.38358007988701
1.63035420116733
1.41679385313741
1.5461026728697
2.01045913985919
2.00167080351537
1.33828711253281
1.56073155421639
2.54200305003343
1.80573250460998
1.50673884625327
1.42794002104873
1.8431933440311
1.68212936760326
1.45099599718327
1.45969824150399
1.67037663004984
2.18403256811104
2.07983628955123
1.80034045281734
1.70275346956381
1.75980722620107
1.15876272931943
1.54205227906843
1.56381584407878
1.05898354033262
1.35746573433287
1.43689956229897
1.75698275491885
1.86912641786341
1.55615690195451
1.35821663286501
0.999136863249855
1.06162576353454
1.31639059960525
1.44605720809987
1.4429931920086
1.67261342168217
1.5871101244256
1.35957595588621
1.35731915456525
1.7489947455781
1.5109966632343
1.79477345022114
1.219008166918
2.11330925034837
2.15807279038666
2.46541645882223
1.65481181385477
1.43007443855745
1.66972841635092
1.53986851059703
1.04205434621934
1.42602606971817
1.73889424797214
1.37818729604137
1.21848681807649
1.53175412085975
1.15713428583063
1.58580991446724
1.73218405802051
2.01398963230714
2.06016689056669
1.56077479816954
1.66987678326914
1.61668236880717
1.68794657609827
2.50124278970669
2.02236032794897
2.18829006141913
2.0576504850534
1.61434320874954
1.07807061484771
1.55356499843151
1.91449805957775
1.75983838675616
1.9656142582731
1.983428192426
2.54191166093401
2.1647340537529
2.19496017579697
2.8279921756981
2.2391368393143
2.01507581331025
1.59669958810916
1.35176052007418
1.43663589560356
1.02122871882273
1.4334806066371
1.84290756130301
1.79071785819964
1.6484798355681
1.64359988389071
1.77722102584805
1.36372295794682
1.67277544075024
2.15592779075024
2.09459350892997
1.27537524765075
1.86825536400649
2.39095163497634
1.95162714497172
1.65396130479625
1.84939091356038
2.13632852974903
1.73611861573141
1.29677808562322
2.15644464913111
3.18352078694662
2.54294428584417
1.65430003461716
1.53345819421611
1.07567467006052
1.41704808294628
1.72221880277207
1.21024938231148
1.28379791215298
1.73133638380307
1.5604294844864
1.28748284569302
1.39595663763142
1.74847937178242
2.06449291074491
1.66805984913708
2.1342573886422
1.48538022794762
1.22702451935029
1.75093374014455
1.6543254021821
1.687313544698
1.80957409533772
1.48355151310768
1.75004966758936
1.89621265564276
1.7861885779332
1.91954625955356
2.49554959836646
2.14117730454757
1.9720957851658
1.86295040261796
0.989563260735268
0.848344238764402
1.21212925069327
1.14509534833252
1.95104734509814
1.72012000342011
1.59258984540811
1.75065399413278
1.77734576022539
1.37976782847371
2.0276811966523
1.62750826862634
1.68667457218625
1.79473979734789
1.15031112072147
1.49121320189213
1.1911321861314
1.1385050577558
1.54585791480167
1.20838185433538
1.10681200023675
1.01115655309475
1.09841617639764
1.37613043814277
1.51848551529577
1.95329542106332
1.79766981255035
2.06686440774502
1.4812546599651
1.85564605429778
1.40469433758093
2.02540169604977
1.26047622633395
2.03128533819731
1.6620754185459
1.5965162821162
1.38205866071017
1.79771438327297
1.77869814686652
1.54226630686851
1.73858104989965
1.95447395771532
1.60701943111614
1.79821233628501
1.87776428260115
2.64096909702286
1.76707422119803
1.37858067572568
1.41480893557867
0.978232613431125
0.61360117502106
0.671493408204725
1.06812905158512
0.94567383936449
1.50343721664811
1.64248135737173
1.73558140100567
1.73762939104488
1.85824768153309
1.99208020962208
1.46488463952946
1.58222587913656
1.8416357708233
1.62895737672929
2.18628337998197
2.27327199823261
1.87230588340074
2.27864529006688
1.25814552756554
1.58474563339275
2.09934249152976
1.34519908912361
1.22307157585234
1.05416999783253
0.917787083811712
1.48756838176915
1.60231825672788
1.55367824178936
1.42725068686925
1.62818720534963
1.53918579437569
2.6223786020244
2.11467845529851
1.75327778046048
1.36272203980783
2.26085863709046
1.25851377735223
1.61068398026442
2.12702225734256
1.95560919500681
1.70918811891681
1.5558000573065
1.26253079741321
1.03253067693582
1.54160192012672
1.25759605243828
1.22723965810672
1.5089135757179
1.82198280373032
1.38157979854445
1.24624786389267
1.54810721744593
2.01799582279158
1.65490604771553
2.21575040780467
1.5683498234287
1.40624937177017
1.16283459391061
1.4460529192884
1.58908682839309
1.32728619752582
2.01577141450793
1.59460861323414
1.23841990048048
1.52973029644867
1.08971822164194
1.08356282424881
1.42540058962196
0.940894459016269
1.54429866156446
1.71462137644413
1.33592068220981
1.16809419632553
1.37603196321422
1.28482427577881
0.959969191326243
0.613213251652113
0.784083918728777
0.89989232788843
1.7013949134469
1.41400480368954
1.38761799590031
1.30473896367834
1.67655385092417
0.975418848360781
1.36281038032062
1.59942974216121
1.53579381165485
1.69968338819803
1.70923064816827
1.46517529093461
1.32878561508079
2.17403417738338
3.14123627162685
2.43248561732542
2.29740239473886
2.14583909648545
1.73054067536129
2.62192816445982
1.57066416882771
1.07078846142907
0.875353653101588
0.868741136579731
0.933471724919452
1.34583702053099
1.76603254282855
1.46404953115229
1.29637491280423
1.23724554033565
1.02863999752632
1.01781293349298
1.15803365108388
1.16871667319154
1.61734899626715
1.60445716487867
1.38258489467972
1.06051822884444
1.64426796723628
1.74892118051271
1.29863450675651
1.00325951079433
1.02538572877388
1.1173166737573
1.26089564091352
1.51880623822113
1.23938976862142
1.54326613357779
1.35998316674371
1.64623371870558
1.376229100894
1.58039598022628
1.72363673282818
1.5244158324759
1.92994313006692
1.65611567518393
1.33271652697586
1.50176951225447
1.21465174578953
1.90120014491908
1.39892171567743
1.73417936412425
2.07616463261988
1.28772294144675
1.78997279709051
1.65591566805867
2.82863050698375
2.34360567377524
2.79913813557757
3.22266912583475
2.7494538334864
2.26305083721468
2.08416111091475
1.78570361983018
2.48670576053122
1.570177793777
1.58876020625442
2.02575547117503
1.72309618859891
1.54720002873798
1.15089895687674
1.65591823362713
1.61962676649368
0.789728853577147
1.20130796002082
1.29131241387564
1.50054635066351
1.14079283392093
0.916411102528163
1.79425381237837
1.71259652877738
1.97146275913772
1.89645855209117
1.82952453540233
2.03473805181538
1.65483049764752
1.39287356720605
1.74883975762791
1.20489791375466
1.33505900527611
1.19659330143735
1.36387124545774
0.969709041862746
1.28802939083178
1.26384442871099
0.978850586867976
0.85986449360922
0.961312456254688
1.08090519450912
1.04301490635933
0.743135304104803
1.18474818643624
1.10653567757938
1.95945722066262
1.19513891002102
1.19768320122794
1.81176521925767
1.12571442094132
0.909168888354704
1.05045586975998
1.37960504296511
1.39374695124036
1.21065021274438
0.872790880301592
1.37327653736396
1.61062787488709
1.3472922340074
1.27090417526947
1.01624557993919
1.53572437045616
1.01773704553227
1.17919744039614
1.46709229004432
1.16507477582331
1.5909048992351
1.39934082132074
0.884264266567366
1.11279048765185
1.53162948442637
1.888972946842
2.36587164834213
1.91949602169425
1.62840998924433
2.00006393898699
1.87474748588107
1.81303162784338
0.959259350312437
1.28144719329503
1.46735152462166
1.43969675871572
1.73794040464539
1.69644289105278
1.86727271361268
1.56204632568002
1.20968091515353
1.76582824669957
1.96494888794475
1.5098741559041
1.25481877995313
2.05327738411047
1.93441104085377
1.85026712241667
2.48729262958847
1.45482512465501
1.29793603066114
1.70344495311584
1.44963145158124
1.939069078242
2.221666640333
1.50846746245289
1.37876621156592
1.25436304298774
1.37295720666958
1.28307211959294
1.45919642139511
1.21919242585096
1.49593152378292
2.02875314983141
1.38398990137963
1.80327764978498
1.12059631558102
1.61089004207135
1.51553594537835
1.6221663056215
1.13156243832267
1.0603705818312
0.961681080629435
1.07708648153659
1.97552405215002
1.95806420968807
2.06350711073203
1.95205843935471
2.09496239320895
2.51633540554149
1.46882166885124
1.38474571278655
1.35577322779538
1.60556760105163
1.0242493641046
1.00650993661775
1.54989345960866
1.45357209007356
0.880420556363475
1.14184287955818
1.17908593336518
0.969754175010567
0.593740052319297
0.545162819197893
1.23326001843834
1.41655861959076
1.55426137588781
1.66858780723741
1.70748566444497
1.53760188757325
1.55703682767593
1.31421635723302
1.11895872882876
1.16153462028594
1.24982955876099
1.9435294213317
1.45937273992294
1.96090895214919
1.3922943293316
1.04224989907587
1.12189576125315
1.11622650247886
1.54111130471543
1.62836213347445
1.397423958086
2.29443219070541
1.72489241950828
1.86909607089552
2.35740743484461
1.52567708258576
1.5372534754536
1.18068919253467
1.30350992692055
2.05180218430776
1.64110913706741
1.30341418476411
1.44497369324489
1.4255625075152
1.47093858599835
2.07209842112454
1.55751274165649
1.62858764272086
1.65331200207442
1.31953631627935
1.17272622039646
1.12987376135833
1.26034502346579
1.33755023661034
1.48050221898993
1.88510285021689
1.47776921578698
1.55082064598268
1.70083934947713
1.51479903995538
1.28408142872457
1.05808001388982
1.04357328472935
1.25450266922995
1.82260387136699
1.52169849094023
1.80088761277593
1.24666602512379
2.01487658046042
2.19380521227498
1.82904628638821
1.29832464456779
1.64646137955209
2.05975867820573
1.54832136814956
1.33663204726626
0.946178300337675
1.17120449340453
1.99379909420896
1.81653735272533
2.11286319771765
1.98848618973373
2.57119607179178
2.42385671989319
2.67671274111668
3.21471342239581
2.18320916226366
2.64018745001325
1.86560087735283
1.39897880561767
1.13082963810796
1.39261881068341
1.15675313232486
1.21097219833519
1.12233133291501
1.61179280909039
1.26515215614498
1.01996148058921
0.948440086634721
1.38539816579195
1.19672206290733
1.1471741397529
1.02681128944656
1.05488818365302
1.47847957717593
1.79261804922469
1.53367742947349
1.94958431607684
1.06903210552516
1.26635494516902
1.08618732100383
1.26116877562494
1.38186814482775
1.44496162929372
1.07784997162918
1.50076702791111
1.59203025339945
2.17211580823516
2.0815266259822
1.75910174303823
1.18777115432425
2.12485926275071
2.21634861600043
1.6464907595915
1.64966012421068
1.55585892858291
1.62910321425447
2.32532445521249
1.54233930036342
1.3396775937566
2.15569520139245
1.47868581684229
1.53642443963846
1.17004009511122
1.58439347659511
1.81350082408946
1.72327891263404
1.86337886760937
1.99353018153638
1.50440884514372
1.2231751950918
2.21979434972897
2.37375895449475
1.63406182983297
1.79561828737984
2.34982675729015
2.25379482634063
2.46828537166253
2.54930373771042
1.96631350182963
1.79394251466667
1.26589444242315
1.87223967526484
1.87718351710215
1.74055406031332
2.16003916444096
1.45166896344816
1.25762555259247
0.970919183720775
1.08411225236396
1.41110751163158
2.0316566617729
1.84416345163461
1.72999347110019
1.85519424679165
2.16042009986974
2.00802619416169
1.68544493224431
1.53741299105573
1.30816776008718
1.26769286771362
1.06861007489357
1.1127710643597
0.862942474428716
0.66522478469042
0.689624475526838
0.87229199422059
1.05768401882486
0.646149819359654
1.02446889818161
1.78797302336432
1.40718492572314
1.20285042413349
1.07656045862847
0.855881218945529
1.20400223480411
1.7276046093803
1.36615952629905
1.23258077586789
1.76539600003333
1.07804279913684
1.41635743901895
1.09933967047752
1.14302706799595
1.13077442175186
1.91285957499235
2.34362486889885
1.84330557251601
2.10963390067228
1.82014926713288
1.43257145121509
1.39275988117028
1.88899432973639
1.33804438282966
2.10621535933483
1.71761722552845
1.79497255920739
2.07909980670694
1.86567638223557
1.83045198471715
1.57980422802755
1.53964923802771
1.56068188177663
2.65770448517356
1.69870822044889
1.61961394757323
1.71164985808255
1.4579828472974
1.56072841177785
1.21587096123815
1.3920024916074
1.15488307216181
1.05776986071234
1.48429115562741
1.60814766657882
0.92159655418112
1.08176478743835
1.27300962829322
0.707186032853212
0.855291022680347
1.21716155260771
1.31309316535278
1.69127302708487
1.08411898916426
0.897992181388961
0.847332278419369
0.929961205900977
1.26122455590585
1.17691172280871
1.20210740640214
2.31217468268451
2.62993139044268
2.0553457339187
1.68538105443304
1.15009711892232
1.1990291082113
1.2609061006813
1.41013248224633
1.9316959655376
1.97133752836803
1.89306492729303
2.09065254629543
2.3230251455085
1.83278055012345
1.97065137822882
1.56235783254952
2.38191985443498
2.14582153449393
1.71113956803344
1.63188457975111
1.17959459787825
1.00196680919743
1.1886540385051
1.24705804166752
1.93040901518146
1.65644829702921
1.68134628046333
1.38287252308687
0.958024060263732
1.27007437012109
2.17778105349313
2.05666477749382
2.16335109338689
2.16983894301789
2.23484779392912
2.05590772323019
1.73939433483883
1.75027403643993
1.68038700841476
1.80651760351622
1.87603303720341
2.2537466414468
1.74766089872648
1.6766072427969
1.66507633307258
2.05951940526222
2.04470537506976
1.80425865205738
1.60168878066597
1.59233488920765
1.97034230065983
1.77469402668297
1.79515498994604
2.48986328673423
1.61392578851879
2.17082063914476
1.97925911515907
1.26230541033272
1.28316500001882
0.912445470039935
1.00188844817473
1.32359408465728
1.79753899790607
1.46181659991301
2.60578845580762
1.73093249216396
1.53890810612667
2.16285991019822
1.8483252701577
1.59630068361083
1.4349450155381
1.6778470436634
1.28801703998909
1.00762039202109
1.75969058721738
1.34536582460442
1.73575937071105
1.60711486573428
2.31423179279944
1.11764768029687
1.14535929490261
1.04109582854604
1.74397177048798
2.00678937637194
1.59490277734999
1.52361239700611
1.00643100696931
1.35007046774481
1.36097125526959
2.21604978650093
2.08345898018953
1.56894941075567
1.33074957579115
1.29677027640496
1.17928101979975
1.7352678055943
1.59265157960422
1.71146687120157
1.43605281274878
1.12791138032604
1.07234374487189
0.732145938334476
0.964012534401737
0.903659549758883
1.33485588437478
2.06403291393118
1.66678207458651
1.83378568320336
2.65989314632942
1.60589553723201
1.20018425357696
1.60496473470323
1.242978268524
1.6467537494482
1.20118156423047
1.03938420910162
0.968932773469656
0.943064730722921
1.07247755729941
1.54725547561246
1.79447932412463
2.22668982313473
1.40726160860069
2.19703446696218
1.62670892334363
1.39529078461789
2.00715618441729
2.45735016710277
2.31439662615956
1.50353899201051
1.76779717061903
2.37628647279445
2.07419724119591
1.36526977881475
1.35996260973114
1.95587017343784
2.14437944417327
2.17682114181295
2.5917458916838
1.7418051362645
2.94706579688312
1.55349348462025
1.80067031174578
2.25645331413821
2.08874352675299
1.16342265634803
1.29902321163213
1.00859980248077
1.7228184534213
1.21060404951406
0.922630195267803
1.23461314860639
1.46856639263337
1.77901715948794
1.24373231942512
1.68457420953372
1.34144298126357
1.10352486912343
1.28257983330261
0.761396766131831
0.990267568898354
1.71517981516407
1.61779064111448
1.26060241774902
1.60457210324065
2.47809096064979
1.79969313275615
2.56856376283262
1.83187738483501
1.48075219996309
2.04705282339802
1.7481030372731
1.62188759958484
2.3247498793015
2.4753274510633
2.34036695237551
1.78525049645164
1.50726378094348
1.21263314419672
1.14056985710007
1.22403258860311
2.17683468392769
2.09961456423838
1.31242090496049
1.43446204728861
1.65164251313619
1.2569758153491
0.959865766388382
1.31833823983277
1.35700079745734
1.49975743709513
1.40217228213457
1.59295725437897
1.19393297540575
1.31133345998564
1.19667392718915
1.08354290638904
1.18487789770765
1.18498586068107
1.30246885309885
1.28946541569238
1.17117334779977
1.14885581671838
1.1078548884748
0.774997391433494
1.55435288146593
1.86408534081234
2.3979134337364
2.00748931751423
1.34925772375824
1.26420496484626
1.59338551465081
1.20389549865971
1.73237439433991
1.80555811686105
1.56965481497885
1.69701890262542
1.52033950085944
1.46482580548785
1.61664062403178
2.14306683333223
1.87686968947199
1.49256678833573
1.72134860688962
1.35096211314784
1.42888241654955
1.6856449770825
1.11619425593284
1.56386766735375
1.54186024179016
1.75126413512924
1.78018005651096
1.7013384569089
1.60564731731612
2.26748161112546
1.54346632071978
1.78207667007492
1.74357807263085
1.53881632574099
1.67543506865668
1.86943076170296
1.17180394422443
1.2765631349669
1.6383976098356
1.49045766705187
2.00045055800412
1.91377111837964
1.29798820739157
1.7651973245816
1.57019504995896
1.37852858577551
1.20511048561761
1.31037272027437
1.16840995553086
1.3595787336667
1.27887960890689
1.45554555079481
1.45907334369135
2.03414196898442
2.56686718143715
3.7676577579058
2.45158418688894
1.68626052913933
2.36767945918399
2.02848763709777
1.31252313849365
1.11223080864219
1.36663246127498
0.990804273589911
0.785581208501448
0.85093162920502
0.943133798847911
0.959877910483866
0.891255642300507
1.04212839421962
1.14146475844196
1.55011335953551
1.56036907756808
1.07888527580379
1.0276556222232
1.54226662439304
2.35099964417321
2.11394912199266
2.09936890355989
1.56533728623489
2.28206270794828
1.78142385046584
1.21005381822165
1.33293157185707
1.69423929912876
1.35599887091321
1.67188158483055
1.59070641946591
2.16209283033497
1.44973676098406
1.51444271774892
1.15973150078491
1.43416909742831
1.73882764437909
2.04432937926853
1.33063028977304
1.36905933664768
1.65560126772275
1.36480475723061
0.898770506339363
0.936644918118287
0.747941369286702
0.780762606917208
1.40238332114588
1.88653662241562
1.66321058847913
1.9665834452757
1.73195790574704
1.4405010628001
1.84955264674355
2.77004675669834
2.49640099526757
1.64095507581918
1.75056771951762
1.24269027357636
1.88019921552645
2.14887107328145
1.72711894118347
1.65975540225839
0.787755103059137
1.35033278665555
1.42403684593094
1.26298252346368
1.26842091322241
1.73165401587626
1.89187324720061
2.21338072326137
2.08321201037708
2.07242579813808
1.77472425223925
1.68162988226979
1.87688655325032
1.63630076296801
0.988535927553497
1.07797034042575
0.9847625102906
0.949390836471041
0.692122384759805
1.14369662020587
0.998300438009403
1.25491959000158
1.13140342351681
1.42514047675675
1.49906012257149
1.42633000715311
2.03008183638025
1.5968404335707
2.30474689407662
1.74682902308898
1.86457951848285
1.77550161633635
1.51694261278584
1.60821088676347
1.53724849773387
1.76270746799631
1.40468989776325
1.41819985637945
1.78451589795732
1.92669234766051
1.96706305310886
1.6521730945327
1.61252579396213
1.25826719365932
1.2693351055276
1.17982299519229
1.37726635830378
1.17796393766468
1.97219686104305
1.47385848752192
0.918567079318581
1.60861732270486
1.60917987561052
1.19681994769536
1.4027877222149
2.13618348043003
2.19190630374001
0.964592699977208
1.6468336564514
1.83014473909612
1.40973158509323
1.23449019552594
1.03318320688813
1.5107093180729
1.494920398958
1.41990703624464
1.82441838639359
2.20645975705962
2.33471312973972
1.83010134524426
1.58056178665488
2.03278098092075
1.48433895824278
1.62026608488002
2.16244882284936
1.60240963837197
1.71189636905432
2.38014964518112
1.97845136741413
1.44987513560674
2.1773379543707
1.51658023692668
2.36805614060394
2.46673466768132
2.09298868574599
1.51174257779541
1.67815878803093
1.63364252549012
1.66320111504978
1.65344900130494
1.40356020629097
1.68515948561629
1.45521801871721
2.07414441324192
2.39958428447139
1.96972905572155
1.80336768823946
2.13768270502024
2.00354726447129
1.31358499514409
1.61560377822436
1.74323430643092
1.40130445947792
1.27425604645788
1.76983201016533
2.09537842526126
1.90230297392824
1.74747982952348
2.5278405047973
2.2534418515165
1.94917496266698
2.46583515714171
2.43781671716518
1.973157791866
1.18812211727639
1.97134488938204
1.46689366744388
2.02308861729512
1.72348464155261
2.41788395825693
1.81616294103244
1.54134385364264
2.46071436037748
2.21602717338728
1.60242190625736
1.52695883661692
1.34106428803608
1.53281928533556
0.920577834743633
0.91416154034355
1.53117393798462
1.23002149263328
1.84738021474156
2.12903996553763
1.43350147331525
2.08712040758314
1.73765280328361
1.94197932868167
1.60483985921781
1.73904560037232
1.64722881765462
1.7117422231045
1.61263476574189
1.7606510562131
1.79137811436266
1.76808781579952
1.78962118122001
0.84557596589805
1.26356896769594
1.3511131291604
1.95247428764365
2.82600972054685
2.1876408490525
2.54148970997286
1.88560698616106
1.68686557512045
2.2772600000197
2.036683385207
2.72961896779001
2.27201633374031
2.05334969889253
2.32093788510639
1.86698531400384
1.52927113255874
1.53061908633127
1.48299997545934
1.80208926428856
1.33772371499637
1.05073042400706
1.41313078417828
1.69940804066043
1.67863778192759
1.90828356400599
1.73726472209809
1.74203575437908
1.81198951579212
1.65547906419333
1.29997733169083
1.65688026834432
1.79443337855598
2.36021286359374
1.77566225023867
2.53621000850411
1.77588398221782
1.77622360507595
1.29013171882968
2.03175754037432
1.38469731277798
1.19854123271506
1.21126869238786
1.79850626539298
2.41248267391155
2.4946855316058
1.83769446335553
1.46217485668284
1.42570352803252
1.68207244254101
1.4792008558677
1.25584589996481
1.99157172166802
2.13271997452699
1.9206900340681
1.79713055640614
2.0270613651156
1.85963797775744
1.95826347832362
2.26022980095566
1.59933142774646
1.93285652644214
1.72264925598488
2.04627174624143
1.62120777313842
1.75694900488397
1.39237691302401
1.53201623245975
1.20590443355258
1.43547172214716
1.09372153725788
1.64420750578914
1.23615325625829
1.37135670968477
0.986501120956771
1.44709994662221
1.29885661627917
1.37506072318677
1.54073425940539
1.41750407656113
1.604517462802
1.60669033985393
1.25260705372332
1.21476662173366
2.10279631372137
1.51625407802802
1.51497297208049
1.55595736540082
0.97347425445494
0.992282181955429
0.953889902995034
0.692001557099525
1.32181201726785
0.676297656562402
0.86466663840897
0.800802965038724
1.20174572339173
1.11297879729484
1.74348836087638
1.66001291261579
1.92574531510904
1.90305874685343
1.58347809659556
2.20719946224639
1.83280940809267
1.8689895330086
1.48736775312833
1.66486388303929
1.74777342166938
1.70493382864597
1.76406881318519
1.55013107179333
1.30412523412945
2.06745195012284
1.89895553956456
1.33809553360635
1.32197340819487
1.61726414980896
1.54235180959264
0.965348513065136
1.0324767273263
1.36542330873277
1.15784174231021
1.26865035401484
1.41927575498041
1.75453323292859
1.91497955574007
1.80661550598069
2.02680622343398
1.92052350394426
1.15576996213041
1.10269892811221
1.51946746591885
1.8706387511616
1.38087156808334
1.9121859985706
1.33182713233548
1.46087527488872
1.95750295735815
1.06670274229803
0.833301473685628
1.19511980532364
1.03944408943594
1.205002927272
1.60678020753321
0.964280935508772
1.30470721335545
0.834464871657568
0.835533260886421
1.49627511208288
1.00043421415043
1.14317917865419
1.12563418480822
1.22921539349753
1.15269039529832
1.32445000344795
2.49421741426097
1.44404909982102
1.57721949122462
1.89549805762979
1.40130548526061
1.07176195717171
1.04608122117764
1.49334651942887
1.96143504704569
1.81368901327913
1.27996055752885
1.77969367862507
1.28280354492109
0.880650129513513
1.5357681022635
1.85626165132727
1.71422777758581
1.67562429028854
1.46734401681544
0.997842091878759
0.768739903787339
0.883931944564002
1.17466557941679
1.53497434367923
1.65817832482877
1.32805934090762
1.40178186227719
1.62218054232909
1.31999962254741
1.57177346294888
1.97060720713366
1.68073822461003
2.01836808240027
1.77362880189024
1.16764179417853
0.854714554337058
1.14132099951069
1.4418232828448
1.48367132274004
1.31769792842169
1.97445570834628
1.58712196013627
2.07708233515658
2.57818929263596
1.55422062434368
1.20984298760588
2.56932411722932
1.22918833268677
1.3161055779816
1.83500796533905
1.45296753984326
1.47463716683321
2.03781315612213
1.54885221921727
2.46175333477458
2.71417606887661
2.17789271855448
1.41435334880559
1.10432775308395
1.5679851084765
1.11030996293731
1.27317607796872
1.10768494587053
1.05126014779054
1.11587191288836
1.17381958525379
1.12781687597141
1.37509982660719
1.46482181856649
1.53150990924276
1.62681311823403
1.70003848030398
1.58426507061218
1.93270075922414
1.91170985598096
1.65311930059812
1.40552867747889
2.16787788815287
1.62866395805795
1.14732232000355
1.75163338819776
1.620538627413
1.61877510005083
1.46982162255812
1.21276482706457
2.02094815954954
1.66308426075519
2.2805557717454
2.51259395103379
2.22235445754404
1.64068776976903
1.59188188096155
1.4855982371221
1.65345438645918
3.14248580485131
2.00306902261017
1.93415134604053
1.60580646713382
0.943308146459014
0.846322487277077
1.16292601254767
1.15367862136556
1.2596682210427
1.54092212852061
1.7651464774332
1.69832996201533
1.09832898243497
1.84901794154119
1.42888223708785
1.31026689586724
1.33485303975415
1.5813752597434
1.53061888782872
1.70115345665831
1.27552098426851
1.48964473273864
1.00198764051533
1.44911845070438
1.58094920919752
2.35222829971051
1.82993346383048
1.93730078450465
1.55516147421263
1.43631600237093
1.58624347280495
2.18968436762879
1.70057192829794
1.70135110745075
2.02556082531699
2.53242912374055
1.86699416494229
2.37421349116347
1.92231798657438
1.80267520283802
1.55158480435263
1.38815014470513
1.88952268862309
1.66383436958172
2.01407862132356
1.20128660182394
1.65020871509713
1.27372211384654
1.33289184826196
1.34418524988241
2.52349694131738
2.52707212551997
2.17401127481179
1.73508908285362
1.56270980513453
1.44476285946926
1.74968237877683
1.87231853818906
1.96863446099318
1.67439106394306
1.40408484596147
1.43267043161636
1.28111542497088
1.90059938734422
1.77962919547902
1.19586003548619
1.39694615390983
0.882928632286537
1.10184326079844
1.16582513488018
1.09231821900605
1.45663287037789
1.67852733447529
1.8888763665738
2.2806441693048
1.76860295869869
2.89378341712351
2.4843523667636
1.58302286524987
1.55081043829378
2.18863291230072
1.92461590398668
1.80234175527768
1.15801763585673
1.66273003256755
1.21437527196968
1.55252441192973
1.80262632463172
1.89439313043653
1.50630392742137
1.22865053417755
1.10426198747679
1.32394033144513
2.0669068846476
1.50433498150507
1.71929569237412
1.63360619997032
1.57472500438651
1.59098993361528
1.36826367705727
1.88760313625741
1.47310686135273
1.33286086891151
1.00465935888909
1.29287573789832
1.57982464026054
1.97744977464145
1.97683052406158
2.63621520002683
1.45315684042469
1.69298528267288
1.52129323632197
1.29626041664368
1.16500811123825
1.19042870121505
0.873278491828284
0.66966283907714
0.868826557600945
0.864662594660743
1.26802381274825
1.04250456656901
1.04895953623052
0.734659286323689
0.985842901651405
1.64711084466943
1.33868445504192
1.27603071132114
1.34141931676984
1.10001208728626
1.12270421068288
1.40363467240742
1.28207443184343
1.11796757115431
1.03504429558295
0.896728278746171
0.995537803164289
1.11157857646527
1.16402176354392
1.07983512850536
1.16690710833886
1.82073714111284
2.18709806078188
1.26161830760223
1.7547032828516
1.792935185454
1.34866325085302
1.4294637968454
1.75252989788892
1.64521071630229
2.13999022290496
1.90070459005264
1.97064624014311
1.70391461631968
1.7008947390491
0.958173673823988
1.08051409007608
1.58189946271797
1.22071976356976
1.46882534731718
1.45640195096853
1.78686273383436
1.16346530276256
1.24287479869944
1.15221250539686
0.99811692468653
1.19452674833297
1.82790799049475
2.06296779613864
2.18301668438801
1.50810472537759
0.887370610386528
1.17891671267793
1.27021108070809
1.24039905848426
1.0034531600421
0.8728108204772
1.21134088878151
1.35507718912681
1.01311637312025
1.6166201801538
2.13680487013021
2.54768337949107
1.71755968645109
1.19133494321825
1.22776625428584
1.07932923486318
1.09723923603724
1.4669971970916
1.87914752581741
1.74072935981307
1.1502678652616
1.04419228387289
1.2892117865531
1.13778440295746
1.09659787627082
0.696530956621132
0.72569365077033
0.862386130334055
1.14559897310249
1.17262571990235
1.38875850498242
1.60661713183885
1.29399696357894
1.19398372664173
1.39045204262948
1.61336768856489
2.49190117152516
2.01855915624852
1.67012819265932
1.36081112324242
0.924421335275339
1.09564178722659
1.23687640449763
0.966941119921944
1.45742935445186
1.504441514152
1.66976377006087
1.65962719911529
1.09288217954319
0.919240337685193
0.961721965407107
1.02581049859834
1.10540482403142
1.3589102367653
2.4813294342585
1.80349472340902
2.09321286951597
1.20297499196419
1.14094552791852
1.54641687190155
1.27485315142059
1.30953391493512
2.2648929614597
2.39348963857667
2.26682390421921
2.24926702553352
1.68885130900473
1.66824228806763
1.72958289380054
1.60569572508074
1.27992412217714
0.919732495501778
1.81839927451883
1.61231961632516
1.9294436743218
1.55693797280773
1.31052080652033
1.21065637142231
1.67481525088202
1.10288785126097
1.1662386910218
2.03664366154499
1.53393917224972
1.70360948357587
2.41674935145767
2.34034531711964
1.44826281476363
1.4922612311399
0.771860895120468
1.74135583603732
2.22712248816769
1.69695569757952
1.40788941174521
1.13777949190967
1.18516587777452
1.35491369284466
1.43532390287157
1.20454574140979
1.55161280963634
1.4774926612763
1.76716186961115
0.942676240700047
1.52331088694658
1.42835068628406
1.59606012834408
1.13156173810993
1.38028873776687
1.50025287056061
1.26878782053242
1.68594125707187
1.34234400152509
1.94807870495425
1.67235569940932
2.07796469312511
1.85021212190307
1.91967440549944
1.69878611863978
1.10583876168951
1.36654155064532
1.57575536801948
1.06627102288514
1.25671043605727
1.75518448323025
1.11633545036238
0.763842957505642
2.08437361272102
1.05958091550347
1.6308290502305
0.834429149533675
1.22488126890246
1.18020057813102
1.84855801726932
1.45191394374258
1.275100612189
1.29397232319283
1.42082261371967
1.34449342688811
1.49577749915654
1.14514447662086
1.19856790032971
2.18411028072962
1.67022069887181
1.48486841276885
1.4291494050501
1.11870361212572
1.13252774758615
1.13396940973271
1.46758685927161
1.24921904650661
1.25250178222362
1.77705602628162
2.8117598030876
2.91151992782435
2.49568691102049
3.24549034827662
2.24311957167277
1.939070834473
1.0730551416107
0.877465541110628
1.2353394543236
1.1662078416104
1.57719013948147
1.38441972826463
1.26080571896926
0.857013290693991
1.35061160069521
1.33121587499101
1.52840663017347
2.07183128691959
1.28505048800899
1.13229710618556
1.2245207200972
1.49402893876512
1.23231022010077
1.20167492574712
1.39403952769808
1.23085026798906
1.43260788481877
2.14067064344025
1.59561323653764
1.44062563622787
1.3251490604787
1.32624089456727
1.22831727284636
0.941359672741619
0.758265888169958
1.29982763812501
1.10619973664177
1.83178038341202
1.92254579464154
1.37509441972945
1.53025598513247
1.70564386120092
1.79615793457192
1.75240997758185
2.17163628532018
1.80824226054734
2.13393828410124
1.49647070608255
2.06604301615497
2.05624227850259
1.77506898350541
1.34386407656493
1.63109378484498
1.42889961973615
1.93279525895506
1.68728110068179
1.1565267530586
1.98243453912344
1.55594200805618
1.18458438104603
0.92607534100069
0.923942429761876
1.35866693899662
1.43599446965491
1.36827115416989
1.43061065355315
1.08786731758013
1.16170797904039
1.60046430594027
1.55491896794086
1.51172907156609
1.49918425380939
1.99389160722541
2.4032707686695
2.13196022428948
1.84428691628417
1.58112429547386
1.08587463703905
1.21271261807082
2.10068555161616
2.42568294337879
1.82748538586688
1.62658865662412
1.87613616910398
1.5146674411469
1.2181674890049
1.61804054762457
1.25738332500286
2.22680863842757
2.02078199575916
2.1410374952927
1.26354419845331
1.25426046409953
1.33483395379642
1.68324213623844
1.78065219142262
0.965303604597061
1.42124962587302
1.35267190161873
1.89746167600384
1.35228335876704
1.30477435215623
1.10819148692046
1.59027329937429
1.56220887919554
2.12692341794859
1.82117287530825
1.94248796889776
1.56037063108558
1.74567050106071
1.61045923302555
1.20719895701116
1.23046177559483
0.64964732849677
0.860439229406992
0.792901190089603
0.836371532834032
0.763606155531753
0.990437330967662
0.870135370566421
0.985181886260808
0.897422818346435
1.43656926398967
1.85447429022869
1.6245597229739
1.50204367119606
1.58184828040602
1.48709611126014
1.17044649709571
1.47787470732568
0.928286401548128
0.814299904560508
1.0469790522565
1.87546221920605
2.0096878396478
1.41694054752695
1.55219032997683
1.9809386103699
1.64771682664201
1.80694004855822
2.21707036333346
2.10392488197324
2.26368589794703
1.77763896867605
2.01781938602809
1.75916567541294
2.64704285692331
1.56800993287949
1.4259190869208
1.62288740194069
1.97244230751914
1.79682406639976
2.58502373481971
1.82879506471517
1.30049699087121
1.66820234790664
1.85381422810961
2.32922850166217
1.27047899670936
1.56290966664075
1.30546510232838
1.37037664053464
1.10731742118876
0.975395802499325
1.93278462918692
1.93449145752381
1.77950539937197
1.49963003629145
1.00689092703089
1.15723603561239
1.41398133507494
1.31739377971849
1.38960502088069
1.80830820505801
1.7073323546615
1.98653386658619
1.86930531368272
1.61064566251926
1.04010232569072
1.57210810753114
1.3265570390557
0.701302611448337
1.2891085541244
1.57300722904406
1.72203699693756
1.68250694779508
1.11088636324966
1.44365016539216
0.986032809884357
1.23511007891183
1.35391558941392
1.47078715886461
1.91578405315152
1.93257494772346
1.54288003527477
1.81240578272193
2.07160509256029
1.76906744731775
1.416615789818
1.33069189287292
1.66670222230015
1.86977058622185
1.86085963265936
2.61715393410079
2.81981870884425
2.1507727773844
1.8492755562364
1.96700768657873
2.14927433613363
1.98364724005039
1.62962439107
2.06901022675676
2.18212651952106
1.97620404609947
1.83515881157745
2.09522589865836
1.44187117526878
1.86918349174051
1.82485141677659
1.54843947463148
1.18415282776823
1.41820674629039
1.51468921307577
1.08997391692379
0.796706257731089
0.975421878667641
1.42680559345737
1.05888046519874
1.2738296886434
1.35285342202355
1.60107166818963
1.9084433013293
1.31119347541004
1.42245480168484
1.54757454342843
1.40903154439167
1.80209594266328
0.922760882712835
1.82791235979581
1.80281822091631
1.90346423587021
1.67662747046308
2.30572501574194
1.75466032804036
2.36897357612419
1.85571409505975
1.62932478611223
1.82295362337646
1.40285141096786
1.30977769068141
1.2626785139665
1.5385835628132
1.92952661954543
1.6047944344138
1.96845371035483
2.438873255363
1.99947084319557
1.73955577681237
1.59494912167734
1.56571679720889
1.14078525815595
1.11210863409831
0.867524383516197
1.42125506968391
1.76371233241453
1.31097806482024
0.879701687607743
1.24357603867871
1.35916641774293
1.10377182014148
1.24113344730521
1.0455620848105
0.984660025325529
0.957052203538739
1.23451841107493
1.59536740894975
2.18953699936207
1.81398398599439
1.45289027923365
1.46675935350437
1.42449342107833
1.32250555387301
0.954105931020711
1.50327973827538
1.68459272445288
0.90688626693759
1.40781285883273
1.77621846659749
1.34117354377775
1.45003913997223
2.32435982234679
2.00189811347443
2.55654341636292
1.83589331887566
1.79683534558631
1.981312731688
2.50601725135993
2.05796055484157
1.55588156450792
2.07300180243519
1.90427237456571
1.10799722434857
1.35695970613395
1.56776161113094
1.67775164839817
2.00167283345172
1.81762714937744
1.80359241977689
1.66053989780866
1.55669282604816
1.43896052971754
1.69979473591447
1.39460560176018
1.73763931787943
1.55292621127535
1.98240875402941
1.54835614233436
1.69759615029601
1.72653740296008
1.53464175638628
1.53146940699805
2.20599102252868
1.50429631468827
1.3660064352637
1.30991808957158
1.30551766059326
2.01176269200003
2.12464337237387
1.78940491272452
1.32291380361564
1.35411844964284
1.24507513878899
1.22858328513781
1.26622734203441
1.77903387852719
1.63411992459098
1.41615284561633
1.31461118289258
1.6463885566903
1.33638245208888
1.75050164105847
1.53421603425846
1.21948733124668
1.90331742216497
1.72475342482724
1.28734237376537
2.42032378278516
1.50566940504406
1.59275767204883
1.02394624526694
2.00219737525432
2.14424206986334
1.42698298398144
1.60688890454728
1.37232169741659
1.40988507697842
2.12315088714415
1.95654964036293
1.19352122536741
1.51610273026539
1.45251501688117
1.77170179849942
1.43735166835362
1.40279160777375
1.22420139400517
1.2498332154551
1.55876695691715
1.43325877243433
1.64584608235991
1.92976249558233
1.94847528290416
1.72865544523264
2.09566406725929
1.44759719444647
1.57525560971346
1.91177154415383
2.5022133828098
1.71280150905483
1.63716222899364
1.22227941874638
0.880692636463446
1.35281333958274
1.74523005968437
1.63603399195902
1.13620550949171
0.842303105982438
1.05029454549852
0.969857024951506
1.51303283678838
1.86606184817086
1.54967655416022
1.28338802817865
1.04373681976532
1.67538537545031
1.55181087212115
0.906390177336006
1.10979342970161
1.29208420058227
1.75400584742804
1.30100280624914
1.35024379366559
1.03561451965993
0.868440284589706
1.75380057578109
1.35471233195973
2.22507637516956
2.13293262638835
1.88129708150317
1.78767842122669
2.60949576226753
2.03462139182148
1.70930136881339
2.18698149464439
2.3594764463579
2.2961879190967
1.79960150332346
1.35839461300545
1.32273126032872
1.92389851335636
1.86335135701325
1.76319292591164
1.91263786491393
0.959942031054076
0.808506158850176
0.665758782676114
0.805467924378514
0.970878448609811
1.32698343743714
1.25101454846288
1.95190433936593
1.26497803912695
1.33757424330115
1.39843460021592
1.46260469551648
1.55473804818675
1.91555157819187
1.20716407733559
1.44669924236122
1.64251343085609
1.41766378129464
2.15801017067447
1.41617680481082
1.15347230482828
1.03162588255945
1.08354497029079
1.39252482982651
1.52293925611689
1.48178432590226
1.77822308710567
1.4494498107553
1.51412524373343
2.00348312384853
2.23441288475887
1.68274530586093
1.58233152546204
2.02336382632103
2.54192151755949
2.11240351539918
1.94507104798327
1.34193178649239
1.35608763587459
1.51546837899035
1.71679728036596
1.04914349079422
1.55767862489992
1.32007239285554
1.77462604714351
1.65268549055729
1.07604077499687
1.57788889744061
1.37937908470675
1.66513973535086
1.57517098607954
1.74031350983669
1.22845547669793
1.31608579303914
1.89997535280398
1.91193507766899
1.98538317859827
1.8571360532709
1.23744866162852
1.52088461829662
2.23440321691341
1.71407426861205
2.2174057060791
2.40871887934478
2.02858034898829
1.90608091695401
2.50173280466212
2.16146660572544
1.54836801761571
1.85318685130515
2.40492450674136
1.08904009502118
2.4804278736765
2.00477817022235
2.14465839542095
2.15506736573188
1.97657833142274
1.87218116539294
1.99784077020698
1.88175115426839
0.913109969247567
1.13383754629064
1.58295114055221
1.59967955949441
2.21534329944221
1.59884656852153
1.26098888626532
1.4457480976915
1.51953365577757
1.9002950613777
1.91110858427136
1.66799970411504
1.7478752465673
1.49455746598738
2.27012696975318
2.33775943494694
1.63676751583714
1.60872329363169
1.59016157770168
1.49300683417856
1.23437926412194
0.823995778825299
1.21991874636149
1.75487874893001
1.83183583628768
2.99327797591211
2.28358683376338
1.35718615567578
2.22863226329799
1.2857358457111
1.42528762156917
1.54169609342894
1.37824367562413
1.30081993119697
1.85832283001829
2.03551025026629
2.35585768726715
1.91317501906647
1.50465796052986
1.61059564110906
1.69146581508776
2.76441978556151
2.10447737763906
1.50130937314162
1.23415115514937
1.63679760400492
1.59252830760272
1.39656054576523
1.64087483836351
1.17012086976412
2.46547224647736
2.0519623866079
2.38934527970468
2.13666692955743
2.21512616889926
1.46446316118083
1.58791349056139
1.88269127670955
2.77319965263682
1.77306999895329
1.5465561118709
1.44251771851229
1.83671826497899
2.06070074019944
2.50103701211765
2.56083454676656
1.43764635234003
1.15364996623994
1.68055226507112
1.81581853188279
1.83116417447481
1.79161726494522
1.30963817692298
0.878184245218612
1.09961451582932
1.40455994470689
1.50104414394071
1.34778405118621
1.54516621820416
1.46733809288345
1.36259797308075
1.73091566331033
1.45166181291483
1.56292442325676
1.02062494915134
1.24528747468904
1.60850662155541
1.52071615784076
1.12554994233328
1.85842433589712
2.16571788201196
1.18197277006581
1.0064510856375
1.22627522387257
1.64117431913167
1.00792633008834
1.28845356382975
1.1600372018037
1.36510169126522
2.56730039706056
1.56993100372173
1.45038627215154
1.47547450061368
1.12719456606352
1.49218715310424
1.2298685578882
1.56641133694456
1.25767990326936
1.24736356133856
1.34114512404533
0.950823121312859
0.860363605392014
1.04448487317972
1.06101006339359
0.783563445062718
1.14789438174551
1.02704593037458
0.97419712953404
0.95969216580091
0.971112968485659
1.03854894427177
1.33909299604475
1.51054468429091
2.24998534464905
1.98535787418637
1.99458133359181
1.17394347958565
1.37040092542596
1.66145780048382
1.40661675525252
1.55293817965439
1.51550773144517
1.33135137117254
1.49372940640947
0.999269704218345
1.22526063386395
1.64133761335353
1.77582825745477
1.23784234791481
1.52248599063639
1.39635256978524
1.33015484225894
2.03897486278091
1.88036688989165
1.08008772402034
1.46948567363434
1.060419020919
1.61056215266972
1.80895133790939
1.62549471316866
0.959654785839759
1.11175030230576
0.807387944282743
1.47992657061482
1.25701758939664
1.39368472036518
2.16172590986989
1.17193706422545
1.55415851920277
1.66183246860683
1.62701891913325
2.25151939317246
1.18226312172814
0.918576649617747
1.10922709410789
1.21185227221322
1.11521214114157
1.65895864198369
1.25875566187001
1.26447711113851
1.12568477580776
1.45343469621743
1.30327305709332
0.882138894043701
1.64373022944142
1.59324494354004
1.48847479048621
1.37686707089106
2.23863340636345
1.67163005830909
1.16621845373577
1.47960009291739
0.966253206054218
1.82458628873962
2.64261007174004
1.96088707647584
1.84836696665199
1.42132043591316
2.09539643778802
1.84337435327679
1.86342710482887
1.63542352665569
1.74899701377063
1.55617348186421
1.45863711351329
1.22293595836762
0.859879005529597
1.08641605619876
1.17545527690062
1.57929980916099
1.70111992002035
1.47843182838347
1.86645783091593
2.22043741399928
2.01014330208441
1.88798842726188
2.13401636909031
2.37732433893487
1.74119370469474
2.14440056480271
2.05020851764209
1.52088824355608
1.19757423066753
1.13663159528598
0.818245542032169
1.19261077140398
1.03573541777067
1.61844353372406
1.59820517347885
1.10333939500815
1.67308861984918
1.79149341862599
1.37860204271029
1.42963400879231
1.28820384121252
1.6971058050707
1.46456756362811
1.43137128192756
1.6718942345625
1.42492381276561
1.62404559322165
1.45776152308738
2.04046414703791
1.12008404140481
1.54557372559572
1.97528618620386
1.76808996305897
2.22339625019306
1.49377599866345
1.88614739874073
2.08944774462151
1.7997967481215
1.50245184396173
1.46285683169936
1.297174739127
1.35357947849717
1.09587916851228
1.04166516118857
0.712281227470701
0.744161921526906
0.67709905573478
1.69521931684788
2.12353694739044
1.46634911216058
1.26470212392616
1.40907662718464
1.18796752127867
1.1880824067898
1.53768048337321
0.968773544056434
1.06509160888958
1.0616604159041
1.39626232798
1.75085452835799
1.37249358303666
1.18043235963666
1.1271573144651
0.869283114296342
0.611595586194082
0.612647826459835
0.75300425401657
0.729344487870595
0.903338962543766
1.35688252156568
1.06163295635797
1.45870871818936
1.68823234750404
1.98949421729222
1.65805779337984
1.56113363894344
2.14848552231314
2.47059843067381
2.10153408009038
1.65180209881364
1.20762031885324
1.41622339839841
1.04177055736926
1.25182909611409
1.13027982779819
1.07527012967181
1.34869594573912
1.31972363162642
0.951742007182265
1.67713773110804
1.20646688087552
1.48150492994786
1.68104138498899
1.42188672381487
2.10098569476229
1.71578471713121
0.849390636580162
0.92410949769295
1.08543378332312
1.13608250470844
1.64535910157501
1.46511332251375
1.27898219878297
1.30362836675996
1.57288570927873
1.36190475875129
1.87188565734238
1.88553225128225
1.6654678460711
1.79151914003715
2.11160220051098
1.92312620253353
1.50434164333013
1.87861568011705
1.53167768110472
1.29428211369464
2.02406944519097
1.8810305225619
2.04339905006774
2.39285101044021
2.03485577274514
2.10302471073079
2.41946700450395
2.2506684740953
2.35433675466285
2.30359347647626
1.39319449014429
1.28410910223658
0.905827325433598
1.23434748968872
1.04858131705783
1.05253733710815
1.06076461492968
1.19618601786913
1.39057524025076
1.71222958221486
1.0824707206414
1.00596242825989
1.19139575148234
1.45906325910515
1.70346862855536
1.18458710857895
1.10723101434614
0.964328836112555
0.964502004556974
1.5604055346429
1.24824660698817
1.91245778143254
1.36914729139946
1.34885898281095
1.64895541491203
1.38210178579019
2.01406865619921
2.1665528660146
2.37345918661168
2.12499121588074
2.63731399683935
1.78687367833796
1.58794584512261
1.78624525929775
1.18167006084803
1.44716510545966
1.31360464030254
2.09533805413819
1.68459278765003
1.45990611133724
2.04199227165478
1.26779727125733
1.01237378702128
1.07592666048553
1.28796944331111
1.14313714239424
1.40166769953227
1.58941693900878
2.04959099227997
1.98550261031176
1.68147463081213
1.93830408595835
1.71627660126392
1.63906659438439
3.06066350369939
2.66488784097497
1.70038662223468
1.39407277691163
1.56080396593369
2.18447413400408
2.477738390459
2.20577465577816
1.80951070889934
1.89718604152479
1.68363188950921
1.43898488884158
1.20172504088591
1.2724286452094
1.00252038529873
1.47035913129826
1.29564435282212
1.18448391721175
0.738623559872417
0.901625007372619
1.02486779725901
1.04047849209107
1.14134978193325
1.35724421841757
1.11406232790771
0.962144044355583
1.16234340226653
1.53534159746705
0.855166567942655
1.0050185330449
1.35212964189261
0.857015656484177
0.876627484902501
1.48266295229596
1.1203720012261
1.47013664500859
1.52268615216029
1.64500276885559
1.15126990271817
1.09537577613012
1.0415437576402
1.11984179672875
0.99614319665583
1.64818638658558
1.42555219705227
1.14459524910992
1.93475228688993
1.85358584387324
1.81617910482601
2.03851161843546
1.87105034488016
1.49550316717565
2.01253725364593
1.85038236774993
1.25229657860841
1.03009602003671
1.36783545867324
0.966337033243565
1.31935520744324
1.09492416198629
0.879925695986937
1.03816993952385
1.35109598317568
1.46930579236299
1.38315511849492
1.12304630348831
0.946154751839746
1.20730526511289
0.848011459413331
0.954821633997782
1.10931133342683
1.33410537936415
1.33643322681473
1.98599302992442
2.60280931677888
1.34479334971557
1.88524397100891
1.94844704362879
1.25333885600112
0.993222321509321
1.35107065207007
1.23644921262484
1.32561323324564
1.50715835954063
1.29767791889113
0.874486478570894
1.76043212331677
1.94633120191951
1.93713270310861
2.01152539608707
1.83231595162649
1.40240956283999
1.99862730305291
2.19403862339255
1.96803772880451
2.37544881002732
1.95784833530695
1.35818887656161
1.48916410202444
1.86314077931964
1.76094287922007
1.21400285384907
1.66176897987429
1.4349885487847
1.1275667130278
1.10152818712026
1.77684704073024
1.56373684053309
1.10519830577272
1.08275405583355
1.34921978582035
1.44573130696131
1.11927721756307
1.81311987895921
1.46225554222747
1.50851562518336
1.01769964219116
1.27256533200468
1.89736749138389
1.1014190623775
1.10217414202904
1.01575603354005
1.08291029270802
0.864281908303655
1.17974743608242
0.937478229333163
1.41499154103072
1.5362445009932
1.87088069044403
1.36667783420445
1.26303919737127
1.43316559955148
1.59008833070664
1.73473044352893
1.12305772492833
1.93594789474242
2.44398482826446
2.02547050643472
1.98795792869938
2.12060251098379
1.94445690305087
1.64513040763198
2.32556113119068
1.92597980160422
1.15037046351591
1.80303503660801
1.88171391161439
1.23562922522687
2.07870926508904
2.28841621468023
2.81817267715668
2.19434482427083
3.02715595401732
2.95633124164735
1.48994920997692
1.49572944543814
1.54688427567948
0.94320209329752
1.15418741125432
1.4066134634221
1.99447090954825
1.44836644134976
1.92907981568001
2.62318981817632
1.63544476358597
1.41256720863623
1.63174185966686
1.30768434573627
1.18765307946801
1.12957698617289
0.948522779697334
1.3868580941558
1.28026433529543
1.51408946870553
2.01691189825207
1.13533479182698
1.11696188460372
1.26165424610026
1.94668000753989
1.6993114514317
1.52758769890539
1.67766272615098
1.77507187635168
1.8715901208234
1.73275383848377
1.36573793689302
1.17306461141104
1.19141041766229
1.15408850411623
0.928856995963879
0.820397224364604
0.992492177613904
0.866025095164567
1.02807855432765
1.71298572827317
1.22160853718444
2.4249064175519
1.83504413903641
1.70483349257418
1.48488856158004
1.40844208610083
1.35335235502482
1.35576022971771
1.46120600910844
1.15132520021348
1.35628969113266
1.17650405968234
1.0182833471841
1.19869217088964
1.5279619799755
1.87588204362715
1.70480220310624
1.30025216908952
1.76190233638077
1.26155822265436
1.56867322724515
1.54789461181072
2.06660026538701
2.91438596708904
2.39330375529149
1.16442412798977
1.44373000629956
1.43647211876421
1.82629433230955
1.87143296336489
1.61049526743011
1.64921540389171
1.77880193950122
1.7525350390492
1.44089032509063
1.51604392221293
1.20309898966227
1.33474221735321
1.35289121779873
1.93992520778115
1.70456656070584
1.53648271804183
1.64263945634373
2.02465127436368
1.913812187928
1.54334401353059
1.45421348528709
1.55846466733703
1.49759912306439
1.49236084874895
1.63679319162515
1.50424456880937
1.19636747306175
1.52662466767842
1.44119479886759
1.61193095786179
1.47284367767577
1.47207525250494
1.07211977013693
1.29149960577724
1.28160612564217
1.37022419737461
1.43316743678708
1.86685653562789
2.14157609819176
1.84540447478154
1.48040474553069
1.07076609634953
1.288209116024
1.64651274099367
1.11492217007433
1.40159840549661
1.71324824915797
1.69805783489772
1.99805322687831
1.66844885396926
2.27947293249435
1.88166571370228
1.91127615798845
1.0155021277848
0.861468224569708
1.45482314135813
1.20270412853572
1.7329091764677
1.92006393281957
2.46014077458791
1.3163219996978
1.61398131092935
1.8365615076069
2.5323702331345
2.02609513643836
1.80421587640809
1.88825020046287
1.91602859654474
1.67429458029641
1.14886705974334
1.64884153847367
0.95592495052947
1.09846564336857
1.19449097269416
1.23854063913891
1.24784566408898
2.20156568617898
2.08996243977123
1.98743641485679
1.24805932623503
1.67357662178811
1.07401556899474
1.08619461724742
1.04238536337665
1.26474329284747
1.44221890749858
1.97853500649368
1.77516714889458
1.39612015437972
1.76956374767593
1.45085255173005
1.93808331982297
1.80997685409816
1.83427411750054
2.41919919782293
2.53395187737419
2.33261906820149
3.20403545203956
1.81339561152082
1.48263794470255
1.32862378550088
1.35567879124313
0.936513443369561
1.24406024946155
1.25219673551476
1.64359050578877
1.79703716089824
1.78348027695578
1.4123335076906
1.61476638432053
2.27044724346783
1.927509862076
1.30283604960335
1.71871844938473
1.59763972647569
1.73994162909982
1.88504536458852
1.51257357223289
1.32515659278811
1.65660793913758
1.90042833068681
1.63513076925323
1.90803338473943
1.79544272848301
1.83301541990561
1.94556802528966
1.81974133411805
1.94524629689962
1.93782194252296
1.33080885893627
1.20729276584093
1.15733064430886
1.1434769073312
1.02805803828871
1.24737092472449
1.30395833984739
2.32369826489424
1.66067901457843
1.16346875063117
0.842936686973725
1.15292728279568
1.48187293981774
1.20723283514203
1.11543631258977
0.882500979944903
1.0943257963824
1.72302975712352
1.97895585753158
2.00745025654954
1.32519654334511
1.13685233708983
1.57413504714666
1.59268140999255
1.36709140096916
1.79291041050887
1.16266254638315
1.76885437338956
1.12347163436608
1.39051514045991
2.33203435217699
1.94868971612356
1.19978694408205
1.09906797082742
1.50612623670167
1.69472822311917
1.65173683251041
1.44860617103226
1.21885372795858
1.37322892152562
1.29053785098146
0.662354821409526
0.76486219032209
0.652841430713242
0.785171840692087
0.973550319162946
1.36294420529312
1.02636000728079
0.576864181516951
0.930485877406514
0.615584233491014
0.8928185486659
1.11478646549703
1.43362042505958
1.16959299350954
0.921899252286118
0.955264075731055
1.46271947321457
1.3168507194711
1.91667024341274
1.92342457567497
1.8866175140397
1.86672283434421
1.06974409619799
1.10188542382438
1.02329618538181
1.40230493077427
1.46018413801932
1.82595316685554
1.60911391380994
1.24923803266733
1.55854788862922
1.5556012859386
1.59493470303677
1.67081681393637
1.67902870906671
1.08143143651325
0.657807697311752
1.32002562723123
1.66110848477309
1.76083872107348
1.67950563750521
2.13296800135931
1.21662050067317
1.25933259183831
1.10785744979476
1.13732574563201
1.25832245997568
1.21433426504478
1.38840237527702
1.62473309671985
2.36658190770327
1.37394576205427
1.48386695851282
1.84110709983266
2.43667450693242
1.98644175236367
1.48003760494196
1.68051831513738
1.42628796818225
1.6460943506358
1.55817718711927
0.922217100290664
1.45448037913139
2.02045086545848
1.80309765803609
1.33750887466964
1.87861285794923
1.59185138792922
1.44340988983128
1.69421267088559
1.65902735582443
1.9980886055647
2.03222982190603
1.9356905047958
2.71598631801441
1.8147573395605
1.58671811918676
1.82852532304956
2.08105498247319
1.73507076097737
3.06379576793745
2.3692061396355
1.83625548132589
1.33408718467808
1.33857720415886
1.51547450745937
1.57254965574722
1.90531779773027
2.21018181332485
2.03620154593652
1.59097180258425
2.09803837174657
1.66509056282596
0.924069951253641
1.03594418844367
1.32085697773996
1.31504075620094
1.38291818368056
1.06489878639977
1.71517099159331
1.69364355390606
1.40127118808307
1.5252304685467
1.35352667050436
2.03607653065269
1.65129864207203
1.78667085021558
2.32651343288482
2.10811540142944
1.39792427607064
1.40184864418675
1.15242331828194
1.65005202486588
1.833540745361
1.63027494132541
1.99719110051269
1.91654961165454
1.31759731516958
1.3748584245914
1.41200348223178
0.910177761548565
1.17721397502192
1.01938766217309
1.35066687854843
1.48463381253494
1.0960920859376
1.08356205842105
1.3198181383778
1.59180550021602
1.14827768648642
0.914964056690634
0.990079159933228
0.842525963793224
0.549711876275027
0.685162823788978
0.646730326240312
1.18554103427829
1.70528194044023
1.11294814164155
1.30774684048546
1.39687695138059
1.40179759814783
1.37322407177479
1.15422913965023
1.32715216722679
1.57182884346589
1.49094812358983
1.92258182215665
1.47109852450718
1.66961355461633
1.28498275991756
1.37131954148228
1.16257093225274
1.10876721363651
1.41324525866774
1.6797312101065
1.2136275765866
1.98129020080655
2.10872078242496
2.37777726088701
2.05250167897589
1.27823228075177
1.93401774206909
2.19488941064482
1.50078488131602
1.56658836471591
1.2261421942336
1.38710671394712
1.07040913169125
1.56038687506866
1.34911343932505
1.26733790911349
1.92006548549928
1.90614176688284
2.58629136398482
1.73691714878598
1.75903966861021
1.90395971530831
2.45832026274501
1.84533480198932
1.80707815163637
2.26642331695003
1.29011304319547
1.92405526338402
1.6137790551509
2.10501543658708
2.27375486582882
1.49741674758
1.33298304921408
1.72366684794872
1.57931970003587
1.78795614607245
0.979529299449633
0.817279478938785
1.09045288201963
0.884815957971003
0.881905013635153
1.34514325332237
1.42521285014586
1.00003513673761
1.28545313379171
1.6131117813284
1.10535761022073
1.4704769009892
1.68522964492717
2.22595549700129
1.50848635752202
1.65136214265228
1.71103464606588
1.57167553118659
1.63441406187161
1.97792706128881
2.03090838475643
1.52781944485826
1.70509934356369
1.80610136584934
1.33151559703287
1.54469932814251
1.11978015639086
1.4690962311512
1.50813114509388
1.26810717711917
1.15902163390756
1.22344399599133
1.50856253294465
1.11946489848201
1.24657328763243
1.20667656263502
1.04738005275395
1.58549656572332
1.56058842910858
1.77830902660184
1.59908473471519
1.91387742636449
1.02571585485832
2.30666541269267
1.87935054414319
2.60696159237838
1.6732810946529
2.26954082124297
1.87649618006643
1.75384183161489
1.46424621856517
1.9269225392172
1.10266480958154
1.51038644518644
1.60350038664497
1.74361265220083
1.06603892641922
1.32633811102206
1.58561786063378
1.58789591841306
1.51767381205274
1.23799564592664
1.17762131339038
0.984531523807789
1.68270333635629
1.13651451151306
1.36585370316583
1.70100457629173
1.99042901741639
1.43796365412279
1.52121129127195
1.26804897089253
1.56497148698626
1.37756239001343
1.30186796319211
1.23422017235385
1.42764017441822
2.11064705892326
2.14994921397072
1.57951305786908
1.61291678701973
1.36903367137737
1.66677835063338
2.29854769292477
1.87806852673689
2.25271406346081
1.90222385376177
1.04349031166801
1.6292223771073
1.64953300263582
2.46672787213241
2.60281910780768
2.12851846557849
1.21906835641963
1.39098902629593
1.05655080962628
1.78412088724775
2.73560425113858
2.15512832641302
1.71853828923403
1.76876127331798
1.10182376814848
1.15912489087151
1.58676544923525
1.6671262317232
1.70429067625297
1.08823508503832
1.33310348138078
1.65993158053635
2.11000442367502
2.17939392527596
1.34354803112176
1.43238544125128
1.71496556520084
1.28290117976381
1.46001655090697
1.70698349003655
2.26556241909482
2.99129654967837
2.45992274650212
2.26256051868725
1.97302653656197
1.59685474857775
0.920011381108776
1.34848489307029
2.05462148913249
1.73997266966864
1.54250155429325
1.43855237547481
1.13043098557803
2.06800303081076
2.24996038636602
1.68595371766026
2.12910829412885
2.58285920700079
1.82046531993325
1.51464407800679
2.3989925488188
1.64905646359212
1.65454220900842
1.29973375575557
1.37623944729684
1.73422647149705
1.69396026721959
1.61308547584881
1.6848230648462
2.17282758907296
1.79367413162964
1.8457258521213
1.74001991759663
1.7906150476988
1.97762392159647
1.47344725608467
1.59787610718612
1.74247710150304
1.53397978390816
1.50875000628192
1.18158830726689
1.18951998145853
1.59441376543935
1.40303245035125
2.91945170581613
1.79819288291001
1.70986608096195
1.85171566459668
1.63166271399248
1.1773813282038
1.70207499272634
2.29106426297737
2.30402991107346
1.50974078336678
2.13709224365087
1.41846498045203
2.28563874220669
1.85864152950793
1.68555848675734
1.87592270873558
1.06754828998172
1.76223525198667
1.24605106843345
1.6785207309076
1.49735609611631
1.98849788228891
1.88327526186338
1.38834658924872
1.91761730922273
1.13437426277469
1.90202688331931
1.96771045215865
2.31472059717397
2.88229170811657
2.05031946169947
1.11107201371601
1.42288539185689
1.89139011037976
1.79187525857778
1.34750459292573
1.52212329319426
1.10152353994904
1.21862312614034
1.88812269956442
1.69996184456202
1.79718983885523
1.72083412051242
2.0170336416049
1.93623150471841
1.37044292401682
1.00499146122932
1.13530156483502
1.36830073087502
1.80252274213803
2.18792429755467
1.28014053422976
1.64677678137411
1.27764307067849
1.12331669275103
0.837923992479206
1.1354740736055
1.43324013363478
1.4517101867956
1.42445740209091
1.41413972517695
1.4382370691597
1.98070162088971
1.68861919825305
1.17404745138112
1.48365138091578
1.05927418757693
1.43855167392294
1.0791475477778
0.99206513067724
0.759694626815375
0.686897722742808
0.866044370593526
0.878059451531166
0.879876147002382
1.11384660024757
0.875682805687903
1.13103101694283
1.0374524325675
1.91222248593777
1.42801967184512
1.5026996573305
1.33008775824696
1.45483318794096
1.64232076512976
1.24929427156829
1.14640394724474
1.16004324973208
1.11623669626473
1.58393638874736
1.15889148438319
1.48751123521222
0.93814912209517
0.927678361011724
1.12985148841008
1.16010616840291
1.38494740780556
2.07274072026689
2.03653288245155
1.2997253992453
2.11804835735369
1.78857442541776
2.19802739164001
2.74176802640752
1.60906324471011
1.38686717530512
1.32759793073916
1.62847146673153
1.52877305858641
1.74029038733217
1.17603873842164
1.03682740699687
1.42535824406755
2.20929516962647
1.06542592899501
0.947215057878385
0.857576040203843
1.10660726631579
1.67690262614563
1.70669922116988
1.35831746461035
1.23398858753057
1.39201746123621
1.69618398822951
1.3455127542583
0.787061037397805
2.08791970007987
1.53551489468401
2.05306100414268
1.6459557846097
2.22079364540138
1.93429925986925
1.43932344517887
1.54645340196448
1.33655673281001
1.47418135521564
1.82652150927564
1.35413618948756
1.31857566826655
1.77513107524224
0.990602483454986
1.31985737683214
1.30419584867501
2.13826617449579
1.44084293310373
1.81544380515177
2.4606928157998
2.02932091115831
1.89180422031956
1.85782411356221
1.51091479382108
1.85334860778466
1.95255514286278
1.60581633925661
1.48542907359878
1.37330718103663
1.02714544853499
1.10552887964521
1.13946777014685
1.54980182113892
1.58243391674034
1.79430963737112
1.41357441475792
1.69595611953521
1.90031088197485
3.52948919882446
2.79396514054169
2.01331011606388
2.09937430951652
1.43944003030184
1.33773424301846
1.40134480449876
1.77105535144091
1.23983616893524
0.929464186480874
1.60502934533791
1.38353259404125
0.981938768046653
1.15045127957293
1.19638685334494
1.76811809206284
1.11676817139198
0.738097304119828
0.891439508160034
1.12038760403738
1.08863325467263
0.984499963495678
0.990206657630677
1.1825694264717
1.01600520640042
1.3432786812352
1.31274660054186
1.49824063631038
2.05743807260525
1.09091301721854
1.27497199478351
1.04642673293364
1.01178124410479
1.10276683392342
1.09592947759212
1.31865951580241
1.05464644064852
1.46055025630943
1.85458442055628
1.06332636002751
1.40730740877993
1.7988097796848
1.29940466980083
1.20375560478625
2.30572131208966
1.82070809695307
1.27562956125807
1.80723149493922
1.33993531317138
1.79556701514059
1.63660951110607
1.24511343829931
1.3018287723455
1.70637822141049
2.23736744662524
1.83529305013165
2.05211063694087
1.50034646328066
1.50865207292639
1.13380735862524
1.7608898154971
1.49046347947628
2.20774266726935
1.39186781896667
1.55767958282566
1.86246103227935
1.33895572369183
1.22309424964231
1.09986117227532
0.865149982738842
1.09351991287292
0.906588326626576
1.28634292100211
1.11737249702121
1.27217949495291
1.23757525038576
1.69260959608428
1.19230940959692
1.2220160492088
1.72002019115671
1.9431871070113
1.13396619762041
1.27848474136894
1.47049848810311
1.29938926066222
1.57361092691317
1.84919736525099
1.19229091758629
1.17002062318318
1.71033554338046
1.29790307973422
0.956470621320491
0.770128839113221
0.704786786567868
1.39513800223686
1.37797247011229
1.31034964513176
1.23076799819487
1.26138345224807
0.893046990218195
1.16632395306578
1.40964007975891
1.32207177059798
1.58878770636401
1.01327007633573
1.23594901450042
1.81095243289376
1.26822142608745
1.25413106171976
1.19830844285119
0.934816686472449
1.08773584784074
1.54370187668076
1.44906493425826
1.04536074785282
0.73829375303373
1.44261148507502
1.41883002159912
1.3901676932511
1.47319894361784
1.13017923609932
1.51386058780376
1.15064107422683
1.28090690109025
2.08265479029282
1.51098504310655
1.48449708616318
1.17686637210824
1.84274307735928
1.4968014982697
1.89933894623519
1.72151943001657
1.33419052989441
1.26691332847562
1.70768152437818
1.80835588130653
2.86680502296886
1.62335467101014
1.77311687119314
2.84844937022712
2.17843455612475
1.45715158896115
1.838651057335
1.20101260862969
1.67034603287267
1.24345305336347
1.28373232194644
1.42382775499711
2.12091417695982
2.95213277272195
1.48622916416686
1.82154221911978
1.48495502434584
1.94708216536476
1.80176650329232
1.61397758289178
1.4874845304374
1.32091936777813
1.7979481413893
1.43306857957112
1.50810757944298
1.57928030819883
1.59781636396436
1.42976604952795
1.36533162331531
1.80950340937351
2.01019175024015
2.03173423816728
1.39210619162801
1.09525772153702
1.93207769219651
1.60246976179377
1.25998231843716
1.54790285891554
1.0107624081101
1.38792610969676
1.62788270113385
1.05164703570368
1.67035634080628
1.92004019220835
2.01843070958243
0.984848753380585
0.8657560857224
0.959249231264876
0.885935570607088
1.09582026870596
1.35062113118647
1.07820627409906
1.30932743902459
1.33198507825739
1.72511801019902
1.38448533010253
1.39996115040001
2.02494970979426
1.80739329491596
1.93797089458769
2.16289334947198
2.46889299703838
1.98819137667702
2.66690295941232
2.34864567594584
1.69360738245928
1.80517722551329
1.55369874608404
1.72259250517135
1.3630860875163
1.50150368065591
0.79684497435438
1.10991119424879
1.09042983695997
0.903452849911813
0.75329524744928
1.17295019010235
2.49045348623183
2.16989092074245
2.96115464786691
2.06502183190839
1.84126089529372
2.51294477632813
2.5232720304311
1.7678960628261
2.21253256823932
1.5647587977688
1.45851437006737
1.72428413201783
1.80885582337399
1.47027681832165
1.61792225401223
1.2817602432849
1.03148623759524
0.877636608637218
1.03994035107552
0.953553520991651
1.29345242669654
1.19149703757983
1.5304708505995
1.77264711621943
1.22512227719918
1.30999587675827
1.29583564797791
1.63952835844534
2.05915532124054
2.33395521940462
2.64833361332027
2.61955333063041
1.47658350033366
1.43316492164862
1.78252009602805
1.68133152504795
1.2879764230358
1.65755966208518
1.5542051723928
1.52854449251923
1.80298059459454
1.95635625219934
1.8301111603971
1.52432267826059
1.67525018275134
1.69474840369442
1.48961717963181
1.75932701138098
1.29626412011727
1.38831549141472
1.08015076512426
1.24248747035699
1.50658464591346
1.23747640691196
1.1546984787929
1.53909329924427
1.67828324525862
1.40954248613812
1.96906815103225
1.44168320416085
1.5631905975347
1.50078559001145
1.10683684436961
1.73891904149292
1.31307304532156
1.83082510161993
1.35163921356566
1.69911498643834
1.53321124742258
0.996160949933992
1.33215362752475
1.24023319525844
1.79422051951854
1.20723958498211
1.34911670362363
2.3618038368645
1.62597843832075
1.9076774705944
1.87303994690088
1.44574000327452
0.981261471488651
1.23772248043355
1.00801458595434
1.07045128730472
0.863760739414685
1.43034578874812
0.755949652025331
0.694359687980503
1.24596780153871
1.34084371664373
1.663385344391
1.30826315030895
1.39122950579397
1.29449895175572
1.89972833233058
2.10334154238808
2.06767206083953
2.04649907116734
1.27463831576009
0.910050796115122
1.28180015367809
1.25781861302394
1.09592109021952
1.05146563815326
1.18035785215839
1.79689375801211
1.62317256823125
1.59327218079789
1.52834251823458
1.74055372361255
1.44884053598921
1.12000376966972
1.46122664778674
1.33310979513256
1.46009295782227
0.908634956065126
0.908111428216588
1.04087780673166
0.953505305700887
1.64014500935252
1.20661485140006
1.0795460649045
1.4618766319261
1.91956248133708
1.97346214903354
2.46772098097733
1.86097539141443
1.81064087036423
1.4341184785538
1.95884528570954
1.43335164515676
1.93544985757996
1.12430816125169
1.44031241622876
2.03218946547138
1.4790848493509
0.590115373396235
1.38809268309673
1.3111719610738
0.894778521798374
0.888041582555512
0.622419033209171
0.697198064855335
1.29824326007322
1.14676143719877
1.61964465507026
2.07684330561637
1.39077882016494
0.847301974419803
0.931565059084773
0.919898223841173
0.86982729475231
1.10025696057684
1.07629206622543
1.65843876702271
1.58854704829615
1.5558949959403
1.78658373427097
1.14741226865146
1.33806280103019
1.41493456389133
1.65363816476654
1.65509525492274
1.46774233684452
0.823614605869128
1.58055552176895
1.53493350656123
1.83974164755667
2.12375878121671
1.8483589829308
1.43051631914261
1.17118903997407
1.65894025975771
1.69881996141146
2.25308248412861
2.49329711780439
2.00482620594618
2.36202057582187
2.10150824776899
2.11215930875192
1.97955170558007
1.86178507785272
1.86342867068341
2.2272335178899
1.54371153289362
1.54766480504999
1.52225308573546
2.43028551170587
1.56177349828628
1.24595621182571
1.39453618869423
2.1956401451926
2.3545317170064
1.82561979254054
1.94295614501736
1.52655351550764
1.95150115445995
1.69764368601871
1.49258993795936
1.62216082584489
0.988285275557062
1.13084690543578
0.933087133519417
0.883956791273478
0.92259871439037
1.08085774072828
1.23242689768338
0.874624338371119
0.57840341592013
1.10384562292496
1.68324742252199
1.38639817329259
1.07800915450128
1.09011705525755
1.35945487629832
1.29001138232148
1.79340084057267
1.68114812464008
1.94704514459054
1.74686383880848
2.18197991117014
2.67150812866939
1.70087590526562
1.26757328774234
1.46496890104776
2.08545064025251
1.55202483474929
1.50087584330552
1.6701913366064
1.31991008195335
1.68013468833233
2.07460471179483
1.45152694393071
1.98139263176771
2.15719454692836
2.22883421205324
1.36813535068531
1.58571847781259
1.39784852971513
2.05733691545608
1.8847530518457
2.06079424684889
1.45241997735641
1.06969951717132
1.18280441090401
1.55319756245179
1.63083309167424
1.80180785944925
2.18781742711236
2.2825182243716
1.60398817991096
2.08588239136376
1.71764820685108
2.0260675943661
1.97948374502545
2.12451401208262
1.90598444457353
1.69532029692088
1.37809985122191
1.59120888180946
2.1971284139716
1.9054250612447
2.12903285462759
2.0341971735939
1.59059650229139
1.3990891150631
2.05344542479117
1.89105279381907
1.90109560632721
1.70382521980895
0.99741975168677
1.01984717543044
1.33114995673107
1.03363582995409
1.71509255138745
1.24289273811121
1.83955698685748
1.59725567337992
2.00775672893579
2.14198269369371
1.78227342215598
2.68193187890381
2.15166633450405
2.33363863559379
1.67281495072206
1.98879136064736
1.41249813226587
1.49350908940439
1.48819179122027
1.90381849463454
2.16376852247481
1.22137818009397
1.56584343282835
1.03625807971485
1.84522399962504
1.87705939911798
1.69895737890641
1.29080641009683
1.20793394385877
1.11212797334266
0.926112731284522
1.2823125729663
1.23608357715302
1.2218851099087
1.27404901732333
1.56934022719683
1.38002953136378
1.83621097448387
1.90697810699835
1.96820257538649
1.84941398795715
2.39627531909255
2.12087765729414
2.22253564706762
1.88428293176911
2.78299721088021
2.16931908430866
2.04892605120515
1.49591381640652
1.09576551889008
1.14536217955811
1.59875416901512
1.4641080841857
1.76502228681487
2.05701564795719
2.03617919809297
1.8586986219233
1.07073777072867
1.43530462056725
1.6533909346085
2.01427467512632
1.98162638843993
1.49142720409194
1.38050398026333
1.4738906241068
1.81320711021034
1.37356689053659
1.72827775567664
2.27831162041936
1.81912655822571
2.22394752112262
1.83208697461712
1.91959376799326
1.78986950845664
1.80895386289581
2.66471237348521
1.28383313143905
1.688090138444
1.79052655813068
1.40616740882973
1.94788774288967
2.58948223108485
2.22875178517527
2.11084929704852
1.61779364403087
1.545791127834
1.93801227484016
2.55775723890292
1.74663971856857
1.80905023415157
2.42780691360089
1.68505074070262
2.65011892625276
1.39158619748879
1.43615430734196
0.928866708518631
1.53384787081421
1.61401946920715
1.99419685685458
1.42849689265877
1.43339836372969
1.75491924287185
1.20900666076554
2.01830099541921
1.39471601707741
1.31537667673088
1.09774360478885
1.13452700638694
1.13401274823976
1.65452497958629
1.49294609822659
1.68321015836903
0.974504267289735
1.65032882005453
1.90429702775736
1.36601750287278
1.27765917957661
1.00336779249899
0.909371475846015
1.08719783125546
0.987562026175883
1.14279733716099
1.533048591909
1.68266942956583
