"V1"
2.57189581299055
2.5018871939565
3.35615613389358
3.37080791522263
2.87348049756232
3.57118547359372
2.28798417823228
1.74891733087933
1.58254989103159
1.57665910383665
2.02710324248441
1.30690669799412
1.76153469394564
1.99752357505042
1.53630020445531
1.5741689688331
2.00749880126799
2.36191438076545
2.63799867527201
2.10777425195866
2.21158019544685
1.6516750498381
1.73498440801351
1.7701655341868
1.41094890693193
1.60820888137398
1.95028090364031
1.9651364673807
1.94415349170048
2.43046839472982
3.28087054817025
3.78780590755394
2.90062299862318
2.77657253154227
2.61916904523327
1.85060299213226
1.77846899452938
1.20258507221953
1.72651215437502
0.952453987270085
1.35304373182311
1.33075873984616
1.41664581095825
1.3608957636849
1.87045471702755
1.07616675279914
2.48888105644095
2.08338225622062
2.14133417019564
2.6738254818236
3.11919579592466
2.11849547948808
3.91647891930179
2.35659017088461
2.4856428671146
3.33499037803401
2.76769395417574
3.03575442734222
2.62320444643335
1.96342139604078
2.10348258835607
3.26951394085338
2.18438011225685
2.27694108927936
1.65496714266426
1.54033947004116
2.1629523465657
2.62165828527809
1.95921842035055
1.91241814199602
1.51887731411862
1.59003021754161
1.99605623386913
2.8078339890627
2.63151964467927
2.78016832211377
2.97770235402635
1.83507827879567
2.13703712391718
1.78141661922561
2.94668300039477
3.50236627172477
2.6102256808927
2.61467059971546
2.09023820026825
2.13641845362879
3.00440861553441
1.91056574479594
1.73749902017553
1.71643182158609
1.99825237243603
3.07464394031772
2.80894760218815
2.55753240214975
2.07631507969865
1.54250461177364
1.84974812063133
2.20349419780009
1.90613259586869
2.53227062161101
2.23963591939045
3.13433925892941
3.09301122244533
1.77793225447754
1.93852748505883
2.05967803275747
2.5857591772627
3.01215256930608
2.31844448531747
1.64606409244105
3.03564432268545
1.22062243564249
2.00803741965854
2.67026378465314
2.95291698576234
1.69792885737239
2.38588607259386
2.67058250233581
2.22841320305041
1.86468071094444
2.59691253166748
1.7151964274594
2.6362305570358
3.02942614147178
2.30619407587454
1.83291193204115
2.66559752273557
2.89081357548515
2.66846935547214
2.90597715486065
2.71803436014034
2.98163080244804
3.17195894043635
2.41574645125757
2.17861950121221
3.04242510172759
2.0637145942726
1.7120213110512
1.89894783384497
2.47624273826426
2.4496614655738
2.22017415016158
1.49698347700603
1.9588053130546
1.83408765197113
1.49679872337597
1.5103724676298
1.42022244333191
1.45876199506769
3.61413261889552
2.66061205547908
3.04597722878845
2.63566772581032
3.33182565032926
1.99076050106413
1.84788028906439
2.19429243478513
1.90205359204318
1.6940955681254
2.5517640750755
2.28543702565861
2.06064074486681
2.66535829112856
2.04325203382744
1.77633913387174
1.57258675656686
2.42938751032687
2.39449551145137
1.46599305923726
2.16072051074321
1.59586425009326
2.00441770883704
2.45360222407083
2.23335612448419
2.00254848829152
2.18419273548965
2.32300162976257
1.41088451883982
1.7167766503752
1.73467512359769
2.03772833250698
3.08822765889
2.52038258203048
1.66624441033547
1.63479055284252
2.1359997168833
1.45169309652147
2.44409682091046
1.95117811854095
2.03456507166551
1.6454702413567
1.60212747566775
1.59181015493775
1.95908746467064
2.32045949978303
2.27165411185514
2.42681279384868
2.00939976008277
2.29747780096403
1.39428697465883
1.60081420024778
3.08882349908396
2.34263717249463
2.30980745868715
2.29093044260885
2.22194001306249
1.86433609024348
1.97460704524614
2.29181031259531
1.51001748390566
1.74602039922486
1.92614685800174
2.3131070397966
2.40387433936072
1.91548820946895
1.8530377205427
2.34928430729578
2.14531792320733
2.47456844388091
1.86693613860912
2.68596967718845
1.95385994354982
1.93886275603735
2.2029197015946
2.96672222833447
2.58347184173285
2.92580065660556
2.38591165034473
1.96279184924686
2.07386911148699
1.26719715505574
1.13717181340772
2.59377234461402
2.75009786684371
2.64215339644677
2.69704967477366
2.25477794226471
1.86953293140677
2.20248020545966
2.10757939955611
1.79778258929716
1.57086671622971
1.72744021744229
1.462339472679
1.54982270862712
1.83280276277687
2.2673058814526
2.41187715831072
2.7500113299796
2.51995991924126
2.03139461411392
2.26457066120878
2.18453424293623
2.2909836246285
1.90702943917372
1.43884788242012
1.25538158394629
1.61484953319808
2.16962062573412
3.08008874682529
2.60247484266387
3.54903081560251
2.69124134953795
2.63841018554265
2.11919832676889
2.18352472549858
2.34233775121092
1.69399873522084
1.1688978458705
2.56908454656769
3.06945832529962
2.02182124004049
2.30093743178342
3.10285529901716
2.66333116744692
2.86308667060996
1.72176904649322
1.85322821989568
2.2570190151244
2.11254696953042
1.65306923747002
1.59807149063206
1.47159184642416
1.72340589412142
1.90042010115224
1.9658182058825
2.05234912455124
2.14392799530247
2.07804118114824
2.10303108111331
4.02499412819097
2.31525926577436
3.32204188138702
2.41096840780613
2.03437230445751
2.38228788469214
2.09972120064485
2.10137564369319
1.59485770821601
2.09105227802574
3.63980401619262
2.68510132996414
2.61694292285593
2.06421982468474
3.14252739277369
3.12766841569084
2.88788476846754
2.75225796382072
2.97896185529844
2.0268797921981
2.04642710351232
2.89814398489337
2.01516773364842
3.14113968091954
2.67107480772027
2.25287747224031
2.61493947126069
2.59577918974955
2.88628669942171
2.09804865504779
1.8828462533023
2.15501005317559
2.22342184709316
1.74500790285144
1.49658797457796
1.63084141978623
2.15280497749903
2.30631177636829
1.87131262373108
2.013648594783
2.116387215913
1.68381868492013
1.61618341000773
1.6377920471998
1.74807326756945
2.19894734780055
1.75354595668054
1.86999398305943
2.49702022557063
2.27651755521126
1.98201515880237
1.59124211877207
1.02686853812249
1.35717891947946
1.75932393832187
2.74724827400419
3.02843538372286
2.70792133867504
2.14909479172034
1.95863522822832
2.19989859673223
1.95487359640376
1.96953746343415
2.45195121743965
2.14992125615973
1.54572956026903
2.45054544450037
1.97214330994812
1.4697975951446
2.45059842081358
2.1945811862678
2.09020580284481
1.64655298697097
2.6262411891061
2.1660984166178
2.55681647169565
1.56245214992984
1.41748724232831
1.61420386315544
2.17861116031683
2.46635082131748
1.62425791847166
1.64241375998952
1.85513652628257
1.51179015323617
1.98178048605988
2.17375213580724
1.83974964575857
1.77970873076242
2.40821647427964
2.02664131349153
2.42736048038602
1.8798813649709
1.49675585791725
2.68044521103527
2.6617981295516
2.08554636289879
2.2227070147097
2.0225584497671
2.73005176642308
2.54315328128207
3.14397064748559
2.2431522257704
2.53216066656557
3.17534332450395
2.72567897857598
1.53248924634719
2.1416533697628
1.24560873642145
1.70924359494253
1.97331378885013
1.27409543138855
1.32075470844515
2.29078380054823
1.96090735941525
1.23552090282185
1.73310481035151
2.01718498270792
1.33433704726016
1.72180796510873
1.8124462481777
1.96110440098498
1.36030771842796
1.34931497946445
1.75466666460033
1.84010718021934
1.87025462004188
2.93270314020059
1.67327339732638
1.45758973817009
1.04837882099209
1.79670884086296
1.3971131219373
1.79397896908731
2.53016233543218
2.16281731862782
1.5234014412325
1.65019776375364
1.54930786986094
2.08617982664733
1.8682456839471
1.44931554489013
2.05156085485479
1.94732406358895
2.95408283014928
2.8093646790413
2.78498396108969
2.03834072163646
1.52283603318625
1.94324840873579
2.19146459959801
1.71994430415001
1.75587793065429
2.07820228568218
2.23500426279533
1.8573964949371
2.3176900820607
2.23392800813923
1.71872724355856
1.69218173263694
1.53940306796737
1.74871539264058
2.23279892167383
2.06366210682279
2.06028638879378
1.97962099221446
1.31844475378446
1.49562054119863
1.372828584278
2.17169525878411
1.8462778062483
1.48573745966046
1.98480810687695
3.13289907434653
3.20740729285824
2.17504194204511
1.67772285473419
2.63713442243411
1.89948466894552
3.28878360999518
3.07120861790487
3.30742296105375
2.47971040992003
2.47246433181308
2.68336674172743
2.08519051041972
2.22131977028106
1.92312138016437
2.35773326909019
1.90988885549115
2.90984125044678
2.1267756726316
1.5725522558807
1.2709312058761
1.23516719990832
2.01674659243641
1.96049780142732
3.1467266675005
1.87670833171171
1.61105151223416
2.08508955821797
1.69700700121296
2.00049186922649
1.44365424529266
1.80783986178847
2.17310265503515
2.02351192572857
2.1246864485077
2.14820469764603
1.49370791154113
1.4174804502635
1.98100449542664
1.47922602251529
1.49998290466715
2.22149578027865
1.95176131752498
1.90517559962772
2.70159145244969
2.40952698439934
2.21401098836703
3.06131091126614
2.30671990974419
3.20184415850193
1.87487836344684
2.14548132155469
2.3449445826225
1.97143235997681
1.45772877234784
1.7769865541723
1.77684700376604
2.55908626923547
2.73335080208342
1.77485404086767
1.96854215539053
2.34147599993441
2.07099327023581
2.41745564946012
1.89293257157686
1.81725963932043
1.66074760891242
1.30897711673259
1.5412438167984
1.3278522823275
0.989668555510905
1.59799590160944
1.41315319693589
2.25142304825972
2.29512463640553
1.67272048600564
2.39737981020357
1.83418210621863
2.3810306049509
1.52842104608885
1.75185430567875
1.89091300868371
1.27713876048407
1.75899020289143
1.49622130577328
1.7609068832473
2.93299635659453
2.33911005951674
1.72749419219575
1.82782659076599
3.05693469856699
1.56437455712041
1.59578890380312
2.2203252774375
3.38196807448562
3.59264238475693
2.81937046329462
3.61927023566271
2.48411556565748
2.70643305559029
1.78210609531303
1.50377837527281
1.56841689580012
2.38696271182719
2.9077822083922
1.9828251827314
2.24546349678095
1.58510633068936
2.01246817139139
2.58165463489685
2.70227845314163
2.52506959244705
2.5748255600916
2.05009393212441
2.21071097698682
1.33624583507116
1.86651756835085
1.72182866133357
1.76398957448689
2.73105813479285
2.49017816682471
2.69481683793904
2.36436942510966
1.97804082163523
1.07794303289486
1.35570703035281
2.24240715280557
1.36089607644028
1.7941557131057
1.95980693245705
2.03509583326941
2.46863957828504
2.18510281174724
2.50818921220859
2.7529807170856
2.35664992660036
3.59030674250487
4.20813944052
2.80295935403907
2.63972365844142
2.51631099617599
3.24702667257134
4.10368234275629
2.94764669403881
2.34544857782811
2.68521262913683
3.32214799222186
2.9603436144599
2.68437514439312
2.79083740708892
3.87577417868694
3.36520479909304
2.6374765891354
3.69782681168564
3.79885119815311
3.10906446356833
4.34211274936543
3.51863498415704
2.9956056379554
3.51699049964508
3.07265433333335
3.82822762512903
2.86695381570019
2.82826922233337
2.70767713350034
2.27545757036555
2.99887899668198
2.83681940156948
2.93486505569638
3.13790543111145
1.97501518242539
3.36062026107211
3.06163166268682
1.99388350819987
2.87285286199618
2.64310727227133
3.06617880505099
3.20363692923433
3.25209630217016
3.0175851210121
3.24067635423019
2.78837154489885
2.93362656091462
3.07545525804427
2.29107419355157
3.2814589453586
3.54476341604943
3.17679939893523
3.02246832809529
3.57183319127025
2.53318709396108
3.43119520086442
2.51809533060475
2.99809882156283
3.06944170152478
3.0939116021044
2.7419064009829
3.17834942082857
2.40379315838198
2.24632906180559
2.14130897239033
4.72562691723069
3.31486135919168
4.48046990713495
3.4637742933059
4.82266946756082
3.73870403611123
2.77673587402462
2.92769868398715
2.7190962523266
1.29977815369613
1.79186418470889
1.82869633974289
2.20480889963526
1.85405263301315
1.6360702848318
1.33418881967249
1.628353237557
2.08565730716633
1.45887905983628
1.34472205518171
1.41330541455038
1.51917936510024
1.76819407169979
2.29308161178272
2.40321287066625
1.8479013392277
1.59295502851373
1.84043548544458
1.71706966722366
1.00919901784408
2.20386761140934
1.31423141092948
1.64873324670445
1.94006166443933
2.90997021460634
2.30746130485982
2.71730467189204
2.42940212017991
2.49486433813124
2.47036734412089
1.98097309235771
1.75300356902691
2.43655974017657
2.3578235288954
2.46446722766824
2.1923245475833
2.90125751851206
1.93369355463657
3.35273050054231
2.92322672917974
2.21040104546432
1.75934257867813
1.90621998828933
2.48552452630536
3.04001660150103
1.810643882784
2.44901134030572
2.78955736936281
2.23706478133558
1.88067409851281
1.77760445724141
1.40391289288758
0.828247770018887
1.54224606488528
1.73327130508812
1.86289093568748
2.91239010222954
2.23011303456301
2.83047284955125
2.34725377477676
2.49079003844513
2.30793860918395
2.82139336969375
1.60439910555329
2.40460722584242
2.42506418587987
3.26671232734528
2.71029304247306
2.53329830207309
1.81396869246448
1.97005219936101
2.42723116762703
2.16203380035384
1.83326208342906
1.98355788938731
2.05944051193387
1.80894299325148
2.29124996825143
1.87239815708327
2.05006114174065
2.24395081020155
2.24951136318911
1.57688449370307
1.29620927461018
1.78507472594892
1.37615524518204
1.6411902950935
1.19538244758535
1.41375559278241
1.38746476711729
1.68057214459114
1.33406339592101
1.74446883019195
1.63652897459346
2.00652143544189
1.9934539961205
1.95597562791475
1.04413596534854
1.0917620891657
1.32479380732901
1.28910096113592
1.32940036677722
1.26055370225902
1.92561767212964
1.66176021588861
2.18072464249316
1.67305888147054
2.04922154177466
2.14314225366897
2.26653710105969
3.82287301602203
2.42835245521874
2.85329049276636
2.51999886485458
2.44861313972741
2.98712622298659
2.04747185595043
2.01778601383947
2.66225913199848
3.45996631886762
2.52765436164735
2.44423776147678
1.80598878940952
1.76206273958135
2.75166744125585
2.51514604642708
1.81604710797179
1.6556351127273
2.21130813850604
1.73610379080794
1.4697750856444
1.83740038615561
1.37794528174117
2.16271193496414
2.23358661650834
1.61697885983263
1.51854493996338
1.54505728570293
1.71079435831873
2.1115620593673
2.67366772480334
3.2695022893354
2.65835834477574
1.40796353288866
1.4949324301997
2.20034356000318
3.35004826594788
2.828547979931
2.47869799738709
1.32560264015947
1.10580082654738
1.30640090137295
1.87600281320891
1.60919511106613
2.34503374340015
1.60412009342419
1.21071585216017
2.42312501418661
2.20771752058139
2.24964216619994
2.42089153170643
1.81038241598096
3.10968219768354
3.0274760896977
1.94663330932139
1.90972185769422
2.45345257017935
3.55946632239226
2.95654407542535
2.93163301721513
2.18639372268003
2.74445054369021
2.40870783972689
4.03166646760771
3.02547470940216
2.50527247303685
2.28402013964011
3.86249857640801
2.71122822366497
2.04124685762578
2.50242866627643
2.33514149667125
2.29490834910377
1.81857174457361
1.85148963247197
2.89790802416948
1.91689414638443
2.82834559265619
2.46107392738991
2.03524391981493
2.13172737364038
1.74727105130102
2.46433628824863
2.10297410339201
2.6119496011647
2.2015491135606
1.33967355043207
1.50804447090315
1.31965850258427
1.47318089226716
1.99731117353549
2.15991831641914
2.62754058868222
2.76858227010057
2.57640879746402
2.45281788785549
1.9415663384053
2.88224957537796
3.22202326051498
2.61746047957273
2.36783798330398
3.15238884403235
2.77891971378145
3.69386467998578
3.93276831206893
1.32732514566682
2.61609547159509
2.55010446664428
3.74368192231821
3.47637633061604
2.50138753168806
4.09127253431862
4.15858398047523
3.49472275529825
3.23973868267899
2.85655199053938
3.70047660309535
2.98180993108713
2.75400811809025
2.61438140851023
1.82940911515338
2.86906668323771
2.07890440511192
3.22122894592333
3.00657748517876
2.17370017472479
2.67680131633984
2.14538678020464
3.27809293860587
2.86703116426984
3.36688397949179
3.65406960305641
3.7511686848998
3.45459907904362
2.33354642800977
2.76221881910625
2.72490440055298
2.61521484682523
2.66397663825636
2.57970186885128
2.20152237807018
2.7619344463584
2.43383660274698
2.87087371015807
2.07628465293233
2.90402175090888
2.769194742782
1.95720330426899
2.36256060749948
1.8895797078192
1.83438219335656
1.78891304015488
2.31906112090773
1.75205925538406
2.73464836017513
1.77959387519772
1.53031940617797
1.82319075555014
1.87661260014358
2.17166531277567
1.84940932749745
1.71255097385633
2.19105534205302
1.90174847722664
1.28098595667844
2.64704236026836
2.08003138788127
2.27548498898688
1.72131704241813
2.17664985972489
2.96435672700631
2.26071970846652
2.08142764493724
1.48946193638521
1.64188415801756
2.02012666938076
2.31026086716544
1.21320458476637
1.22226682134543
1.7448996949135
1.81301642645616
2.20414965697641
1.42368807062992
1.29310292456083
1.9341044832132
2.60686357282617
2.48867553059764
1.8348967318532
4.03462190413852
1.95761309766578
2.31013394982337
2.36557981421714
1.9711357457515
2.28956310189906
1.95219631912681
2.41853315716585
2.44723251785974
2.29787426175039
3.23683372107076
2.36409061522296
2.78301939446951
2.28038102835221
2.00046385743595
2.27988910535824
1.79611011141643
1.8515135070224
1.27455174381353
1.91766995544386
3.25768319031601
2.75232470615976
1.65990681754545
1.82629178672309
2.55815172027725
1.87532344742588
1.80779549733383
2.04115415341843
1.48524626825779
1.93497029993865
1.4667015444021
2.0153610723388
2.05520943857882
1.85204268609172
1.80871463405011
3.43222435824477
1.87542942010408
1.47134090812923
1.27540728940708
2.15445116403795
2.00145655023374
2.04926341805677
2.18182431494543
1.85214926690863
2.30446389529917
2.38597629763357
2.84573394856854
3.4961632872106
2.64877664599634
2.02029990834497
2.36449208534543
1.54376633329577
1.42523700515248
2.33903809622017
1.85161652951522
2.04177184897645
2.31101434383061
1.91437755888336
1.42013166441356
1.34905250913287
1.46948679109351
2.13496046795576
2.6426841276735
2.44587401038909
2.17867095521215
2.18629366463547
2.11505443732888
2.91588572305903
1.80570386602745
1.7297572468672
2.28837834936684
2.8632362946951
2.50013528695144
2.21257696243087
2.33545342444492
1.99677107801979
2.74151798732068
2.19460276536243
1.94910282184334
1.88921158516429
2.31979202169467
2.15918793201339
2.58541356700771
2.69341372440011
2.57454429023838
1.87337881179571
3.02576295584285
2.14510087274108
2.6919584361623
1.92926767841971
2.44354192523298
1.98500916194337
2.25478482422606
1.85527201905546
1.44624157825308
2.06029101546969
1.5172258213863
1.54151342039343
2.03157213519962
1.91532077773163
1.60828334346458
1.86210065860081
2.14752013628524
2.39266349330906
1.67118486501008
1.70865478712282
1.56529810448559
1.95655736125005
1.84726772207135
2.10827604523496
1.48120351960627
1.91292182322367
1.6204138203204
1.01869521245243
1.33184617295582
1.40653112628885
1.6940494331096
2.27593486628798
1.71155295183056
1.69876892253704
2.20333775114845
1.95398146410136
2.00746241927703
1.8342848542936
2.06920523010997
2.03909350727041
2.20522883723071
2.31437089137859
1.60770032683739
1.71034781229361
1.87990078377023
2.1682506718872
1.54301397848573
2.12297891888229
2.78548148420848
2.95759214935783
3.47735579106248
1.93599006971477
1.55343808429035
1.92167137391841
1.67801713647599
1.47870974954625
1.56105621105988
2.22800785719274
2.71000269250407
3.31419835835916
2.61344697515744
2.63048192682704
1.77011421741264
2.3668064337457
2.10026010139824
3.7313981110797
2.90050417923365
1.92033704477457
1.83285073643011
2.04083786434988
1.97629564020598
1.37596288871021
1.25299759066317
1.25997272153813
1.34687850750782
1.79991424536321
3.76383820336391
2.57784187858829
2.73195264532404
1.63420598296968
1.52215109084459
1.71177077189352
1.37706884273292
1.59723779392118
2.37862186331557
2.07479605690611
1.60287416238329
2.2809782855655
2.60497577438054
2.22474927003187
2.80460767268171
2.24394611545973
2.75626670261671
1.96829424362665
2.51630414453961
2.51179091101472
1.75882150485418
2.33116323006829
2.37198799324556
2.09331198982579
2.07602205427976
2.0282389964654
1.85382295318689
2.93170217070483
1.90892615362296
2.60277264579676
3.18515135819128
2.92390880093244
3.19323981537393
1.59643299168836
1.92536437934402
2.23114719781199
1.91789870999076
2.20981118527483
2.36923698216461
1.94983331135523
1.93475134078553
2.71609906980764
3.05429879591007
2.48247993406468
1.43745358785758
2.56134128951589
2.06219860105943
1.86948807626185
1.83741018449365
1.56332453642372
1.2449811348959
1.59899194012165
2.49094725172331
3.13868732277784
2.91985029082041
1.94470461632348
1.53538060268239
2.1045881679664
2.06309870086772
1.83028967129249
1.86693529935689
1.92462217969449
1.83684318564705
1.91645119083005
1.42238692689597
1.29781319946926
2.32534970765101
1.56061500696444
1.51975205717791
1.68195018792728
1.82539702251436
2.94165943079416
2.56340449434106
2.26505363000389
2.88953127891487
2.71126725100773
2.86723509740546
2.50744795429723
2.91525839594605
2.52614821561918
3.19657825374211
2.02320658277123
3.03947114859566
2.75846684920115
2.25290646200481
2.17682919999413
1.88719478887848
2.56974413536702
2.36151068348435
2.23552364522032
2.38941389631676
2.7113299049565
2.48399428325352
2.80999879964491
2.63933093125394
1.9795043336515
2.2763562522938
1.97037412629574
1.98079575666348
1.66951769549172
1.83796762441501
1.23718886374304
1.82400205878094
1.79743752726668
3.17732837445754
1.75030179750426
1.61941248145338
1.70866712536396
2.31095030546512
2.06121555309821
2.73273887837099
1.52670668083516
2.66821734757273
2.87228913239621
3.15771207439436
3.07965096148659
2.91956872286017
3.03264135334511
1.85395262611958
2.12057720110859
2.36156065957255
1.76895152549817
1.63184613180285
1.65776203007467
1.62415062347746
1.76407942765653
1.68687262557006
2.54328590641582
2.19294155354401
1.89363767036761
2.52526167736983
2.43885904135201
2.05590295243665
2.46899922747649
2.2990158082035
2.67655687029844
2.0818355359865
1.40460247150731
1.035789794436
1.55787564663688
1.71874254163338
1.98291246384746
1.48127371529304
1.88023921678191
2.11280249811295
1.62864857366898
3.06730520062597
2.04397301757983
1.89107845332879
2.3171727929124
2.73474602403799
1.24886762006336
3.30402407068252
2.74855803332312
1.84563670043399
2.68129758825273
1.67542681796342
2.11330189897822
2.30693712851967
2.45897094047037
2.55938984994856
2.80391150577816
2.91461614743791
2.00176037456962
2.72929464810865
2.22188873288432
2.49826369913563
1.46782182846874
1.81264284910455
2.25048283219952
2.6302915167051
2.06873588690124
1.76109454987895
2.24694682418753
2.71233267148518
1.79663747020026
1.79280766196212
1.83402321589904
2.27295091116255
1.50379608626113
2.05179804481044
1.9417032004465
2.08282067791486
2.70775367944701
2.65391862332144
2.27009336656608
1.98878094092827
2.17766261304894
2.15523573067294
2.02935951732538
2.39922871516328
2.26961652115969
3.06561335396346
2.45436237155064
2.17462326109797
2.24051804886577
2.84720941992684
2.72542329256975
2.52262183110312
1.76052663123548
2.37321096631183
3.4228847603134
2.80942470492687
2.54724642756857
2.08873271846127
2.24757430300618
2.57350999108294
2.86406708981786
2.12660967675089
2.42296159365121
2.07077628231696
1.88400255393285
1.64747260970179
1.50798753597239
1.6072509079356
2.29929293259
2.34093468157375
1.78342988024662
1.80675924068403
1.93571072031094
2.09954308447303
2.20013466175552
1.91909890606254
2.06414227032721
2.49984184198893
2.59176671110943
2.99837979647366
1.80232737369863
2.01790521567145
2.61606561069829
1.69027932116389
1.77243573331999
1.52147692175805
1.85021058969097
1.35961665903006
1.88926806970115
1.99563449541848
2.79380849898522
2.11546103426427
1.90458383073882
1.64182910277495
0.764090859496222
1.36271335860683
1.59392399803048
1.89294561454801
2.16217537714199
2.22911638833957
1.71318094224005
1.64877241351041
1.61700246607156
2.68715754602612
2.90936199591181
3.0120727110775
2.03502825137677
2.6298996111371
2.4722222468221
2.47084410745802
2.03523898549665
2.09425929585642
2.303606838688
1.91551329523064
2.0053166019477
2.06419598276256
1.26427180807331
1.28523910894778
1.97514697200127
2.05797659576729
1.97670163406758
1.66882481429075
2.36205104318217
2.0869543942937
1.47642127756748
1.87514285241502
2.00917240016137
1.92158168362219
2.08696066959096
2.34607079555943
1.66125352719266
1.31784208512852
2.03133505206461
2.27914731476685
1.46734785604623
2.12573698210874
3.45670434939812
2.32724283615092
2.33939399860052
1.66325904762073
2.29646993612599
2.47666930665587
2.04998522466127
2.45615728021795
1.74534302710563
1.93702296298281
1.94911803432184
2.52367025969909
1.61728294001527
1.86033346723052
1.67917728067622
2.41742959349998
2.5787668158196
2.41193162858033
2.5057159471489
2.44174386678124
1.87739525929799
1.82419152476423
2.42768958332782
2.39039371135498
2.64880192658991
1.73945456498858
2.06836054398749
2.60401994776482
2.05108180148079
2.51874494889005
3.01276072709441
2.63779524330471
2.92855761537936
2.34656026473103
1.63842157990168
2.10312916585666
1.75432969048071
1.66526771026192
1.77614175550088
1.76402856125744
2.96031777771094
2.94662774777706
2.86183665317897
3.41439638090435
2.92146230632574
2.49022216024666
1.8669223000543
2.28922568783272
2.00224086228961
1.96838229804716
1.6255466112305
1.93181689906024
2.39757098737565
2.7677628033494
1.87605229628297
3.05144755649323
3.7410948313478
2.81088973661018
2.94453592687946
2.41035773723053
3.03064222656566
2.16175911467409
2.94586830908327
3.0736161160675
3.66673475095954
3.12926961580142
2.55053656930841
2.62321221905128
2.43864106394752
1.91649802440795
3.10703454602042
2.53250322769998
2.81209265436917
2.76927525115852
1.69331845724748
1.83468326501657
1.91677356875079
2.66174659385314
2.41116638952804
1.92080157751492
1.90348967291221
2.03899459746616
2.26617005389644
2.26248960468761
2.71327354920153
1.75993496995646
2.2139982975703
2.68745479061066
3.02611996218726
2.11366393975418
1.68191017777222
2.65785230903609
2.3608783911112
2.2145523993345
2.21836896326858
1.6664840068121
1.76541925247695
1.82473015797993
2.27859106913317
1.52962944877192
2.62027134631156
2.95191092112778
2.49722631992626
2.89948018909957
1.91263393369886
2.1677902960517
1.7619310580359
3.27961548531241
3.31815251944585
2.88319645011624
2.49132951460508
2.17594603213981
2.71573053950796
3.26717513960245
3.02862381520214
2.62905827274058
3.09409721901198
2.43872552610166
2.37201825864673
1.99533194686414
1.73888403555559
2.08764120559954
2.17026425755774
2.93739711529145
2.75879140405268
2.98017765873291
1.83030438780803
2.42600451035532
2.55106796483379
2.18238208900574
1.9500596752075
2.78898485596238
2.60599344591265
2.48601287932586
2.3359784510115
1.84872054962243
1.76834128909424
1.71845505062038
1.77762259839411
2.42623109573307
2.58332404982926
2.18362082674591
1.68155028500027
1.93365332095385
1.55543713888474
1.09796839557729
0.866828265088725
1.0581356926645
2.43328743888107
3.33460159300727
3.15430627348694
2.24038691842383
3.13694243968565
1.80363468189995
1.47335207931511
2.08437734595625
1.62668435326466
1.92402368504519
3.00884327640289
2.47817997085219
1.86529932538777
2.96729391697882
3.24552061597691
3.90459147042314
2.59360888739738
2.42963965457389
1.92919741889189
1.95950877632763
2.58734115596407
1.88179798997536
1.86343976269359
1.75835843178058
2.07132146146273
2.14098146455887
2.32737281822407
2.10003950431004
2.12718268370389
3.08614139218309
2.27131087358611
2.53765566948109
1.55116218160749
1.23551385667685
1.82926640208374
1.60971032467953
1.77371064770694
1.11201635223774
1.80317828759367
2.23928688239537
2.01705602580921
2.17513852106243
2.07575800237354
2.38572071049871
2.46525070415714
3.46154078812057
1.69625227304802
1.87235510646258
1.88914564783163
2.06915686823202
2.23547658592001
2.01067913375443
2.4291708739776
3.16577933198323
3.39338051797621
2.26029148659341
2.93528190930172
2.66153870907003
2.13075300600597
3.17963513619921
2.92888600466112
2.23107472583322
2.69907495827036
2.42151413877884
2.39892793783838
1.64610204705442
1.65862815583896
2.07619360340431
1.79967249539654
2.61140222692238
2.56242163841847
2.38869096994819
2.09765181280065
1.62628616203946
1.70533229258495
2.21213407094234
2.99054389223702
1.87906370670183
2.10943196043112
3.1639334215708
3.09779231679232
2.09224763531026
3.44731750977874
3.0626398260437
2.05096410010781
1.97261018175641
2.48867600163396
2.05776562735522
2.82868284519065
1.64164910041122
1.65136075986062
1.92983572753884
1.94179330637916
2.53750764208887
1.85283231073122
2.34459477056543
3.09910516166482
3.46416938570253
2.88715422608845
2.5164118676729
1.78893226958671
3.38038678869599
3.02014797069268
2.30035770365
2.21813214123498
1.95627835015149
2.24253507457832
2.81109303498384
2.13562025004469
2.89271021173867
3.28811313474412
1.70061799742835
1.87129312391271
2.5393720835131
2.35514475396931
2.22823691543539
2.86583126119458
3.27530163979363
2.18707987784646
3.36343189730065
3.50655179941403
2.89568876155763
3.29938183480959
3.06465579973755
1.94455823659768
3.00031302655113
2.10074891396133
2.07391910086496
1.41975038336868
1.79610895454691
1.75682985404985
2.4670322483729
2.38611244320681
2.05257882377029
3.16993996525081
1.92509423394535
1.71182081315313
2.50379903018961
2.22485082594611
3.0491158097899
1.91980694787764
2.12117237812574
1.75051667651295
1.67099421261273
1.5453165191447
1.22255334251997
1.2802709086906
1.63610381065621
1.61148449905794
2.07615001950152
1.97383877720867
2.37971826673951
1.19928275054892
1.65228807001091
1.62871062960388
2.40695179245057
3.11611475389425
2.39009592601202
2.14772504239876
2.05715628125312
2.03224854486752
2.13459709885395
2.11330165170857
3.1303916295689
2.60798215564706
1.73619779506741
1.47656081342295
1.37371566148917
2.22281215646895
2.02279477543737
2.10482908039334
2.09118285426068
2.82088549773062
2.25283123732308
2.88642284123243
2.70906532695874
2.10969579450556
2.90531432218622
2.90895123027207
1.83018424300616
2.27549295091929
3.35781756419894
2.61647508207724
2.88093611217846
2.64771347034429
1.94149449109593
1.41548502071033
1.57879068483165
1.34514731286141
2.64208337848764
1.96857501169256
1.96729114355298
1.81578878885932
2.14667236473408
2.23003261701782
1.12706544763806
1.73410307239287
1.50150485206252
1.52630450057316
1.91567422743089
1.62771896006578
1.58415471796068
2.42287439416813
2.34328682823209
1.65768265364738
1.55732050617364
1.02477379928502
1.4394810378622
1.73234793500785
1.53303509063354
2.18729681920518
2.10270952580601
1.64561313375815
1.63212634813236
1.96083838670327
1.92255879041463
1.44486557684349
1.24606297456032
1.50720671413022
1.13577786963093
1.69292541160505
2.06568324178948
1.60511249411723
1.95377879713143
1.71419926323586
1.45790734937941
1.08320218033055
1.35660310023781
1.4974171447146
1.51473817564946
2.41639958763171
2.03607021327951
2.9440240594416
2.67930485907949
2.87272138201083
2.09975336906687
2.66331745284582
2.85705386917426
2.99577670828813
1.75571617230625
2.68765932509756
2.76273179377502
1.94415116309878
1.27926153516271
1.62492975349
1.54759181410954
1.24441751997175
1.7610573113186
1.74462304897405
1.53882544970733
2.07963189538462
1.63075985310285
1.77702936728286
2.78649323235102
2.39431177037081
1.82149194049827
3.03257857375215
2.89297876271272
2.10529819498714
1.85787795451424
2.03354412253684
2.60933003288128
2.50989076117949
2.04358762362176
1.65596718552931
1.95540662771002
2.56090229826081
2.37255499756161
3.41758891502831
2.13050182381329
1.82899959211775
2.06709634156014
2.04542569130541
1.82604717211658
1.62203960892485
1.59161998570444
1.57189100341089
1.72375060738549
2.18320257323436
2.06796982214133
2.07824121654776
1.91534677064203
2.66764334408019
1.64754163151944
2.94722307344876
2.01113759746568
2.27740357171656
2.23128155811938
2.24796145932391
1.80249080961956
1.40594806901825
1.48936156838737
2.15635355198849
2.50957052191987
2.13441129687784
2.6928643842074
2.2085565731208
2.47291957673993
2.96499876357834
2.28713856523065
2.68364816289422
2.39190003182281
2.29155742676064
2.56094189657092
1.74751890675486
2.10423217465569
3.68585013156927
2.97537886258377
2.73454623209375
2.91126373770746
3.50614736523397
2.57299650869287
2.25392324066578
3.33861006656176
1.68880587432582
2.11492924425077
1.77806456556827
1.43082757197043
2.33587842923022
2.16274964943188
1.61797123224384
1.60448929134335
1.57749103734329
2.09085510999743
2.23428983825429
2.57425157803245
2.66557917283708
2.21154741990471
2.62645039095976
2.63770412630924
1.84873419643431
1.78415285621193
2.0705134427925
1.82841268840727
1.84557715799402
1.74771107021236
2.88693656194467
3.49375870016856
1.99589579743907
3.23432333526941
2.80053445052699
3.05159923326707
1.92081796244189
2.14126570982867
1.76944758700688
1.77594203138982
3.32531344960172
2.51395853860169
2.4506880737185
1.6711406042323
1.93080345239571
1.89532522629515
1.74131587603969
1.79451401334202
1.72559563232324
1.90656051777156
2.06624396656517
2.4071112816423
1.91169299732969
2.03370454753034
1.94943036223245
1.64142101796578
1.40756789234011
1.59808502908816
1.82158800904885
1.82246322492643
2.14299967868108
2.42603012817097
1.86740083105323
1.52878046633961
1.46461745728382
2.02981684288816
1.74062819448688
2.07640771997861
2.05863867928406
1.95421370060033
1.41088585238471
3.66459511710023
2.25768087773863
3.07765147269864
2.65648001205473
2.12802346756592
2.45814675817869
1.96162217475638
2.55899899253961
1.93758784394301
2.12400882946526
1.751222943751
2.88944342928299
2.33085388275525
2.55650301623493
2.53558038888543
2.01765942813567
2.41792462080588
1.37838269551453
1.41705676206408
1.53752957340098
1.57205487198729
1.41423230731089
2.74300625206876
1.48240969045998
1.41791764703144
1.33007176952918
1.8113762766914
2.26987754154121
2.56141488470635
1.8467510762509
1.64111718144273
2.62683808891386
2.35506729080588
1.90685427200732
2.68738506566812
3.13204264840792
3.4206025205777
2.63141353942273
2.80364883323208
2.68720917847492
2.3929888221136
1.86388402756868
2.61335975035834
1.86666058729533
2.62383093596855
3.19676464469255
3.82462474449735
2.639546641306
3.05066448265377
2.04873797689004
2.41996894018397
3.99195873322401
2.52128856468959
3.88245538964488
2.91667994218866
2.86286447956322
2.29057377288678
1.91999656251054
2.07980312766648
2.94448158910085
1.78846809746471
2.18677836414599
1.81631486118012
1.77126998431705
1.23877400297795
1.33567887569118
1.95434267372137
2.43403504815754
2.72570808728122
2.97986946265109
1.6303859090119
1.95145878013413
2.18739504195637
2.26173542179968
2.20797723056894
1.60013092927111
1.86032452065511
2.24383698540761
3.03930535671605
2.65153791687868
2.10168481812969
2.25341308479814
2.22759516595888
1.55479306608833
2.05819168559138
2.19844192983167
1.37191781252242
1.57878834929703
1.42681410660774
1.7600937547031
1.71047580843957
1.92771578889014
1.57020209888898
1.28406916918611
1.16967191006392
1.5301845543388
2.06691640626282
1.98756276483521
1.98931515805071
2.80878354578399
2.37815206995231
3.13590758623803
2.53061550585781
1.90496835942649
2.25953003601485
2.3604216551417
2.20642764257069
2.11526088640799
2.56671742353935
1.78380772924418
2.03192234625786
1.38051349483002
2.49727333935834
1.52355459221737
2.34951761986603
2.18888980594264
2.96937945666581
2.31065068011442
1.50217031838239
1.50620445391133
2.3341243503347
1.69878251165564
1.75145242168652
1.97988289760387
1.81197298529138
2.51256617384397
2.80915040027549
1.95576105104741
2.4708561953585
1.72141341298232
1.77764867449011
1.3581984376292
2.88154212052198
2.29026091770509
2.42297844120182
1.96387511163758
1.98595898204986
2.91678648228376
2.09202555577862
2.41106806199313
1.85286198022506
2.48344350952981
3.20845340584361
3.40573466979471
3.10777647287017
1.92199435687212
1.51756827548991
1.87470295020567
1.47979227990163
2.09582148401519
1.58516924179735
2.19599563191671
1.97169415685003
1.43582975138442
1.72143167503447
1.4973596486981
1.31850346362078
1.44034915806729
1.18373852655062
2.36527246193257
3.47540216033782
2.04440351316902
1.32201179524843
1.94750209124698
1.81205778298203
1.67191277353313
1.5858659812997
1.70899828020576
2.63155391218366
2.12594765913319
2.39861679818109
2.9814970370453
2.38959693550969
2.47131923927716
2.31704754260563
2.24932437068633
1.56456688272569
2.02355573664454
2.20977992856771
1.57109613660567
2.54400626185811
2.79849801192499
1.9409855378669
1.67353465689035
1.67511148697211
2.40450847768765
2.51856159552325
2.04364415866095
3.95773535740973
1.81770008413139
2.14540175098396
2.27736488603776
2.45217261697136
1.82955243128163
1.80581893678537
2.30580271842817
2.50138737994331
2.91030525837562
3.70754066001942
2.68490393017947
2.07525132512528
2.79354718111245
3.29468981935707
2.48854617002503
3.08961735222022
2.04904823765064
3.61067338322011
2.55699558741956
3.27043022090692
1.84662615921614
2.27538943758373
3.2799159892306
2.89993256404604
1.99646066012415
1.94676216560535
2.17123677205143
2.0878019398386
1.80205766828367
1.95590735318992
2.58619527744531
1.2547406236321
1.52513859730489
2.18678920402798
1.82923514654403
1.77813802191629
2.19053627491135
2.41439732897767
2.11010298905452
1.46513172488622
1.77456425345914
1.49968753961019
1.94523709708333
1.89829402330332
1.64513767729403
1.48341726100952
1.34107381518731
1.42637621028184
2.15330297823885
1.52147863173888
1.49487263506288
1.5306618350705
1.76321332351064
1.68387192601364
1.54925643039398
2.02992500456545
2.00580429958352
2.461187901466
2.2619574510066
1.53724092488509
1.73739503362994
1.7592319840371
2.58299170851559
1.79262572131934
1.63808830688518
2.25522147938548
2.72328106617796
3.28812603280297
2.25799339142432
1.81140750536653
1.92541029997646
1.95899277728827
2.18208329297357
3.44695264896783
1.68229779170527
2.22510582709706
1.99550598484208
2.14973494309817
2.39548482163108
2.66532188144473
2.36782970976269
1.86665150534742
2.14601809363154
2.6831879176741
3.1293004673859
3.13325133816855
2.22819255992294
3.04953802937934
1.9538767318386
2.17190572740505
1.95993072986261
2.20148285586005
3.32256432708814
2.55516278789345
2.93203800418771
2.45216936121321
1.78918850136163
2.07679031909748
1.72769498199191
2.47342559544401
2.14240274510276
2.80025794463499
2.13772705171599
2.26389918874255
2.00764923333025
1.81897571003467
1.62535251623997
1.81399052285664
1.19245355916203
1.77878796091535
1.54789193091066
1.93347571801843
1.76976752965303
1.98597073691542
1.53138491362705
1.83230641769105
1.36659617213766
1.77402984521735
1.94883944077619
1.68038400562863
1.8881383869759
1.55563171902515
3.63308019454602
2.11662234225779
2.09912075383226
2.47896270654295
1.84047277552339
2.14561078422023
2.65247691005666
2.35448678987997
1.92941973346206
2.7024388654608
2.36592010606413
2.07484881299318
2.3206226644335
2.27365829350696
1.45319923619949
1.65476620876672
1.06978910264845
0.98947766364405
1.36479369171101
2.32068197557964
3.31645812402525
1.5637963385697
1.90439063905346
1.82413325993193
2.65547191533387
2.64576060445444
1.9334905097186
2.28184962674168
2.56290725189828
2.25390803615301
1.88852396074405
1.50741981755052
1.53805288457228
1.34426716122679
1.69250661563241
1.47294715479222
2.13837767141387
1.69812772699875
1.71887392507626
1.8547973551492
2.62325436170449
2.1562784533711
2.05028061209128
1.94276257038748
2.14128379411647
1.92231674180002
2.28970202781909
1.58166770764537
1.94323273926938
2.22297730412827
1.72436926893175
1.15273063716594
1.39170035155495
1.97558650591496
2.07810306990945
1.46795411824217
2.30571482621278
2.17106597184222
2.00074297866497
2.55209071970673
2.66321497870615
3.68234251345216
2.65443515938805
1.62979522742991
1.95358036117978
1.51278144910321
1.91579819851292
1.7381843755828
2.27667269394419
1.8804255034807
2.87709382273824
1.88644592429595
1.83284356751545
2.25289011660163
1.84273297959073
2.36813817017114
2.7616216079729
2.70043094007566
2.28215485888074
1.55929626193377
2.22291231159226
1.83853915684405
2.17172804078482
1.4943482400043
1.19840907553192
0.910816791434883
1.04567964663201
1.69496992896209
1.92629217306273
1.29441607134584
1.5921089545484
2.01022183044123
3.58930619427036
2.1481010177786
2.49664675843736
1.59128980972247
2.09511623575789
1.76546609154246
1.79218896549763
2.24720848973892
1.65897986445828
2.11591335538293
2.41603305689342
2.19247771482823
1.98964710948671
2.62120365587594
2.80116083706845
1.90001286225013
1.70484581115673
2.22654558916632
2.31722403434117
2.17183211162303
2.38846788844723
1.92626532981801
1.81179229974411
1.71999814409055
1.58794512621378
2.05720537536266
2.08211647529474
2.23755794178418
1.45365697969161
1.38575009772479
1.73748195082495
2.04155232154759
2.27586542470109
1.75079081836529
1.76111187730773
2.38076747110243
2.19324545806277
2.62575366673713
2.70991276848441
1.46501537614603
1.70332642277741
1.0865787842134
1.84904911178741
1.39029101598221
2.78564841894786
2.69538429763142
2.26441331424773
2.08100923041363
2.5314219868436
2.48905063339763
2.19972721122412
2.61663943434527
2.50793172535706
2.12600325481035
1.58914767094347
1.60182310044254
1.61707564730477
1.94150497564282
2.53998390360442
2.18462070389781
2.10025508225358
1.81963866198971
1.80543963137831
1.82662352576512
1.96264082203731
1.24849029955705
1.34683136711129
2.1814025637134
1.48263978616732
1.11679760980514
1.96607224990554
1.77023902186515
2.27081208281846
1.573632580653
1.73679104874757
1.55720060673512
2.66513576597029
2.33821447825449
3.70869903608836
2.49116733425689
2.62105241009509
2.36181605597938
2.24598402935986
1.55594556451054
1.48146866879503
1.8539676487688
2.21956047755658
1.76979369529842
2.70806240893813
2.60780982854995
3.14800205736914
2.30220654509918
1.64178821365237
1.68087630323795
2.70981818645165
1.96927008256205
1.83741813262038
1.53219031165121
1.64830294713886
1.99433383642326
1.4910740395252
1.4149550964858
1.86138112640204
1.75211420808111
1.6115142967678
1.79560900968214
2.17043982954339
2.4931466997952
1.64483883322965
1.90773235929088
2.54770894826419
2.49804994708053
2.79609754085467
3.5339493831523
2.78658917174989
2.04112912516795
2.29917557632678
2.00919655222467
2.23215704212606
1.92490566937482
2.20914529137061
2.31318612257406
1.54150190121936
1.56944687008139
1.67252437894121
1.03054985131968
2.23385013715012
2.56952128210811
3.16496519304564
1.93119997800382
2.49824201530845
2.01568940927105
2.54293145247788
2.17240970789726
1.59531581988333
1.42542431829497
1.95001856900885
1.69544715669709
2.06006144195706
1.42906531686204
1.2232263715142
1.51748330871878
1.53252152253586
1.77576134184213
2.68583533550058
1.47273003021699
1.70578010959694
2.15347325274079
2.0398370560386
2.04349898295123
2.18478266731461
3.38798362586279
3.04901030289641
2.56007049369544
2.70821764409636
1.80670873019328
1.13085142012517
1.52685527101284
2.01574082367736
1.44373123799902
2.02675075427643
1.86471471052454
1.54348176851965
2.50847517980812
2.30403848882566
2.40411543162589
2.16788883751274
2.30224551359695
2.22883594646099
1.58773694400728
2.85813829721988
2.39969237367951
2.45195227103319
1.80317816861227
2.51437920812208
2.29928759196578
1.821841606895
2.70288244508966
2.51568867422828
1.58945504966209
2.66019610382909
2.91628397672503
2.56175435949609
1.76382248438436
1.67565258321759
1.86016271777641
2.25606285471042
2.53573842756649
2.61442036799392
2.10710144605338
2.73307259325606
2.37573864475058
1.8974689870671
1.54038741200371
2.41673128233629
2.05230594695562
1.98523870804701
2.75621301070181
2.91706277339084
3.05698258215468
3.00845616005851
2.85296807597433
3.11026570079585
2.18706078024234
1.89749563050261
1.55585124092303
2.45084025279305
2.88582620632344
3.01444898930364
2.07134129070163
2.52836755777074
2.0827964136433
1.75605666680848
1.99659992502662
2.23912744280691
2.12712310658963
2.77455812154992
2.14837233313816
2.81869527038242
3.34180213437518
2.296526191579
1.87365497283688
1.40526711048038
2.2667054172996
2.82902247449803
2.08241172391443
2.48412441855006
2.0997039958349
2.02062236822655
1.66950798684769
2.20856001285521
1.53188949670569
2.10651626708225
2.09176222385179
1.35443877013513
1.09303434610641
1.38376594274905
2.43689126312587
2.65050237813327
1.72643586443522
3.18200820635786
1.60746779356693
2.12052424172234
1.81358354759648
2.49069963134604
2.38094776075594
2.52512939102627
2.0189479567424
1.86809110833873
2.38065413043651
1.48045902750778
1.29940644796581
1.92386915594163
2.49462182187091
1.75021721148608
1.68222845048528
1.8097045380626
2.27144252436819
1.72756736340916
2.36417448521875
2.73788947505766
1.97108056025901
2.63081652600559
2.74674946283959
2.17451494547675
2.30034721218084
1.49203106945666
2.01952384643001
2.65681681065244
2.55747615728265
2.04838889122831
2.11229126637262
2.4497056603536
1.52291238035136
1.70937918373839
2.34286499893276
2.30595231261265
1.61678847053807
2.0239651330234
1.97943110541795
2.80118657636608
1.77557081391053
2.34078224435865
2.32412603665905
2.40650840897835
2.1653615602189
2.13655297155117
2.24836072448834
2.27757251053529
2.24702162778265
2.07790892821591
2.15720748212077
2.3291517605557
1.70192424264139
2.20754518102841
1.92223347338122
1.4285209209794
2.42387620235021
2.27114488655524
2.25815152271388
1.81524797280463
2.87127982788921
2.79899537752239
2.61542242739484
2.13994044367419
1.36252984462621
2.36471773057619
2.7087310673464
2.68505384632108
1.82528915627261
3.18198081658484
1.37066255039861
2.67981088092916
1.45935978694497
1.73931545720213
2.61372951736438
1.64231814532526
1.74784046694519
1.9841829270048
1.86688036397069
2.00787921422248
2.1113024126734
2.01783431976179
1.34491191070832
1.8592921392627
2.04393562276315
2.26532676555849
1.60620932011456
1.78062659276058
1.56228409859066
2.18575382705616
1.88951158337618
1.92790125502008
1.47878564008713
1.2104384554122
1.05835945445592
1.26209601372364
1.61651457555783
1.69128530873229
2.28725296974227
1.77315990728281
1.44333792704427
1.00581842858157
1.68558459619671
1.28711452079118
1.69716474851893
1.52331975169739
1.12330005815719
1.56632245181369
1.39258489323155
1.70292628742614
1.51946331764266
1.93302946000637
1.17538891475522
1.68516029306371
1.89020298145899
1.74644524154257
2.29265592345651
2.61874113685316
2.96396534185959
2.03566990847242
1.58243058371019
1.86313299443856
1.76596501180276
2.28890225088313
1.79074127758299
2.39059898927065
2.04955120027952
2.265956803336
2.15208360778837
1.88437081968411
2.70155949022889
1.77754813895321
2.36220821690808
1.89760658307124
2.06234666340331
1.41116532838085
2.27326914910317
1.87945475896393
2.59768724029365
3.29926337851046
2.26860929025945
1.89509551772969
1.60270265697589
1.58196281736314
2.04670530615044
2.3209403956891
2.26292278152667
2.46349211339923
3.06484610376225
2.703773797182
1.60393118013724
1.24213081610705
2.39080184904158
2.93248449852253
1.89747098954343
1.69643068737405
1.7769101229056
2.34628986696292
2.09356343457567
3.06666137775524
2.25512468215275
2.29890406333386
1.54175118800897
1.73743392671871
1.59655013011914
1.37220987549915
1.81751608957134
2.19842284862908
1.47797887527996
2.02017182299543
2.86007747176381
2.10388951161412
2.82105380019465
3.21804172752398
1.65761663146206
2.35988601386313
2.4466243070116
2.02164728892292
2.52470149060849
1.72587947658498
1.85664377725482
1.51900638080418
2.57661908224961
1.93476270282988
3.13368596190327
2.71096784918423
2.45312472991046
2.48105125534351
1.90805195914552
1.84305467180002
1.86740810731179
1.66466190201361
2.74688613861186
2.5138475403788
4.34801034826653
1.89475294084029
2.23128460754439
2.61627664375374
1.64502749028155
3.10282828518319
2.51768589143149
1.71593390862245
1.957690548633
2.96330262765247
3.08947902214439
2.90872173964936
2.92963254033571
2.2837062158554
1.69050214753301
1.67545650419758
2.05077734512744
2.3956185432417
2.34081616892747
1.60941521880697
2.1354191580145
2.51489912878135
1.52268489618942
1.94109354525121
1.76006527693698
1.64050986551274
1.24323734148821
1.13530567962284
0.965352231332514
1.04755317722473
1.73608561505083
1.57144801265597
1.27717679914398
1.68148316480938
1.49132823876875
2.54302222774998
1.90867518904398
1.09607702400487
1.27390493142218
1.40391232414953
1.48838217037863
1.2004237186677
1.88785643295149
2.13923911915653
1.58144115720648
1.55925231706289
1.9166269798323
1.80930261974514
2.30356192156537
2.21226988783951
2.89352954203504
2.34225970961451
2.63115166437306
3.06856664285846
2.40497780062799
2.10242942764346
2.10475080968763
2.02513298378514
1.90664847999427
2.06917284978976
1.81861480579215
2.23493541812318
2.28261112890152
1.82840196883378
1.3397064674483
1.26924633979909
1.79809143827007
2.09151423233174
1.62772828123719
0.835183956073061
1.39238061853118
1.56099378254792
1.99553961673622
1.14627974641364
1.88429832848739
0.960407010431222
1.32243564867063
1.54909805494706
1.84563404883821
2.66702758921242
2.33028355644707
1.5435265351571
1.76723014407945
1.88913113981241
1.98935560596454
2.21527406857752
2.74796412908074
2.11022390550849
1.63883507565068
1.82056430761227
2.04914301246149
2.43308393198991
2.07268349628902
1.89456350214017
2.05160190932865
1.96396470548004
2.23529513325546
2.27401421002718
2.72035220549191
1.60205220119896
1.72798506401231
1.12754126639194
1.44418801504325
1.33161459079148
1.50833132141933
1.87244788767624
1.78112302118414
2.70932508165283
3.00796427876676
2.76193665936308
1.88789940805874
2.19376988575718
2.14491887412379
1.81912790178273
1.75377148775216
1.32078708089226
1.88780314959479
2.4241659074568
2.79902636090855
2.18059658823063
2.57110995710312
2.98532623821968
2.34220399876593
2.10309822669479
2.25388235581784
1.50953334714687
1.53557967896681
1.98092545655949
1.81405517839975
2.10335611210479
1.7709015884169
1.85382257099367
1.74284228440996
2.69259421320567
1.89258559024287
1.38280074917994
2.02538845203792
1.7283062795535
1.28906013987272
2.11876654936286
1.67984368674023
1.57444293175484
1.6401923735964
1.83997892979411
2.08699606227633
1.78834068940841
1.94298390202409
2.30247143895273
1.54677185509694
1.95559741967756
2.32553012341474
2.15146766542349
2.17062878933117
2.53967515745373
1.34643761289956
2.06894571221323
1.59814974084879
2.41779270864657
2.54646112793658
2.61229206999639
1.8418907297145
2.57605704866981
2.49622318426762
1.26762995947343
1.54593834404778
1.97791225472119
1.61193065278627
1.62735295418813
1.90009448149395
1.61975603691829
1.652647139856
1.88936103449914
1.97648061137271
2.21972789903279
2.40329516232981
2.98860114587633
1.33815147505579
1.76850644782445
2.45537904369274
1.86228377813503
2.26427716001393
2.00096096012125
1.61799111059811
1.87963001012389
1.21870896469274
1.79927113799253
1.62141834510295
2.00025469912293
1.82794261429898
1.22698627688878
1.73775243067153
1.27340050367488
1.49281856855429
1.97313288732122
1.73455008695912
2.02815110419348
2.56970063270249
2.19037479926049
1.70340989209621
1.70556781558177
1.47070741991673
1.60289731136705
1.60939776632584
1.74688687532612
1.99977825761445
1.31503392418291
1.78476173628541
1.5172754231417
1.46740351260884
1.46489579208976
2.31818616102785
1.89399059026458
1.51365488955336
2.00285643168946
1.51884355901405
1.46283648655982
1.14128152426438
1.5395451956121
1.37892494790741
1.22445671554224
1.80652507714748
1.76840757532244
2.22466391780565
2.34047579806722
2.02156164237985
2.270638510859
2.04947742090836
1.93207742189355
1.84623281367883
2.23715261400257
1.95064076976176
2.99401682918033
2.03769454941769
2.25512456828064
3.66225224057467
3.38346979445754
2.37930125720322
1.77948817787432
1.79875376645249
2.41563019689713
2.09997438459008
2.12816689910943
2.24745475376679
1.95116380348621
1.732206731953
2.66497799872439
2.11291269270668
1.66736098919069
2.55504039517717
3.44711910462726
2.61538043480713
2.77328581166964
2.36135610656757
2.52236695950391
1.89346216130183
1.42594426268845
2.17398224481237
1.77424014458636
2.18722114128422
2.14659722652811
2.19807019838334
2.48064906923235
2.35119468911474
1.44063531364581
2.44329454028937
2.11633328044514
2.79113566139364
2.14163259283476
3.2347161740428
2.34117162227965
1.8460892058888
2.04132396459363
1.40555349612258
1.17250499187923
1.48695777413511
1.2948300042799
1.5843873279872
2.33002976318946
1.48373643238656
1.24702252203928
1.32359658882299
1.46230306509729
1.81848048424673
1.78062242268947
1.61165732597043
2.24062445198602
2.67310210130246
1.6984955045855
1.67778798503023
1.4620436431269
1.29350441529259
1.65760671923982
2.25111989701998
1.670478569741
1.50693319818686
1.51342492379171
2.47033385621044
1.48019651862401
1.94480783837474
1.7766778962162
1.67671922221563
1.14472386305716
1.66332925896411
1.99953663749768
1.93348249255368
1.72592420860422
1.70669482027822
1.59083023810421
1.03424750830256
1.55704211562309
1.52016695609284
1.69602742092223
1.16790713969603
1.38542770891716
1.56686761340138
1.50222624428498
2.11861706204446
1.19072512388634
1.32030105821285
2.39628208777785
2.57637261228895
2.03843276818618
1.66841806460259
1.36153204031847
2.52303522449071
2.34763644483038
2.01948005405389
1.98645267270444
2.85915339439375
2.41080359108698
1.39298538872672
2.05592224499713
1.48967472000904
1.30600085773868
1.45275816497539
1.63077648686152
1.78510534709452
2.28290696263671
1.54598479423729
1.80194232788847
2.11743373138794
2.27125062628488
1.83894276461822
2.16964589673539
1.94437951097106
2.00560041969535
1.81872305146553
2.29334762678388
1.61572185607356
1.73522272873799
2.06496904480699
1.81181759948881
1.66806331553635
2.76439990989845
2.31860326034905
1.65451828946658
1.84307372741333
1.40977559359192
1.80519757118082
2.21880848977483
1.84714005367771
2.86713445003586
2.77336978267576
1.99946937196111
3.02478501543976
1.93889149890026
2.66037165299697
2.66924912165755
2.07605394051467
2.5070518305119
2.19045230335862
1.82547009347621
3.19074257356568
2.28094000059187
1.37067191571809
2.17073990964427
1.97606156957067
2.86582077543275
2.80177919892654
2.60096166027174
2.22830322368295
2.93039517676981
2.17316718953133
2.55037500561668
2.43001523316455
1.78260778795602
1.94074747284833
2.63964908457479
1.86185834080616
1.82068385419418
1.43256114057556
2.49417348775107
2.87092038314556
2.63919946264298
1.99238148835162
1.81135382956129
1.79286775782557
2.12310760014331
1.73468455986474
1.12521290755772
2.92275257536792
2.59314368340188
2.18087472636691
2.25614066650103
2.0461761056486
1.7772201738562
2.16413282575712
1.87602025294212
1.64413093965731
2.46656984364934
2.82917420927553
1.9939604538519
1.31222122157067
1.74428625620229
1.92316744140514
1.78217175136739
2.84219569483106
1.92515223260853
2.47944342232957
2.0764244951253
2.10083762106121
1.24417739170804
1.46839670557707
1.21182981993834
1.98732363482079
2.03351249071376
2.07661624833755
1.22916009715646
2.46144911508184
2.34149693064007
1.60508296098386
1.90838880701509
2.57901845820957
2.06642980314823
1.816524249164
2.14085148906965
2.01265782173099
2.68612370050274
2.74195124736377
2.44291381932571
1.53174044713047
1.63078644247246
3.09216943146284
1.82866349660357
1.86385896567029
1.81261507703681
2.14660065819838
2.04311839574781
1.72641662590662
2.37305754234416
1.99915965491274
1.84707209954057
2.79440026001104
2.50239939358332
2.42049622608082
1.78453128453124
2.51389997198164
1.98705181441015
1.77700652798791
1.55421938687757
1.29397124490886
1.28154635991237
1.58025339007098
1.83031882563449
1.64931100289497
1.31497791712686
1.39584590226051
1.66651331905618
1.74797336902265
2.57710838574095
2.77172579052663
2.46451064136729
1.63982852043382
2.23252871735999
2.07001987481683
1.88285911330196
2.8928715272758
2.55596860125176
2.76091554189881
2.470062776197
1.60338313207404
1.98003859010077
1.77574742638212
2.13778614511845
2.35383898750102
2.24747511438951
1.83784120719527
1.58391678914672
1.86167840059047
2.10247357162489
1.71689586700854
1.7290271329283
1.67120927038254
1.73291609566688
1.83787130615814
1.76476599012172
2.38996558518664
1.44579119667429
2.09820572738913
1.58607501959805
1.76827743978314
1.37258352674651
2.3325921511831
2.90590224887727
1.99838803064566
3.27021394802993
2.49319461312078
2.71302512097022
3.78201454026674
4.04929408233509
2.35302500350694
2.23792594310895
2.96936526932823
2.47881648368812
2.28607664360198
1.86883843347362
2.38882231257991
2.46395975887106
2.12598927123036
2.27287423839948
1.68729131601661
1.44436589970694
1.03870745606392
1.50984882580872
1.84595926293803
1.85395595235116
2.12680345581084
1.88655929285902
2.13992154927481
2.35313170794365
1.48557027423741
1.82648916818142
1.69960244078595
1.71188659055584
2.31225909874484
2.16462570877903
1.64423276085595
2.10754969362989
1.91623693499127
2.02164379604596
1.88294149878346
1.98956492618587
2.23859625441188
1.67544737031651
1.97430235198551
2.39337755633462
1.96262614557082
1.72616495197975
1.7009030798508
2.30433834338652
1.48007918061933
1.6727659652612
1.2755541032849
1.71760052055685
1.96653793160175
2.01549818428522
1.77351046699086
1.62453120695676
1.34962183623237
1.41118348389407
1.47360955593061
1.71080021492603
1.442868041459
1.04679476234658
1.31877992219427
1.99755874295921
2.25397099416401
1.86012436239254
2.0667625766624
2.2495366938849
2.12921079170727
2.74651390657421
2.10812590064328
3.08923598708474
2.21785830379185
1.77951781350035
2.19448914828671
2.13685482236621
1.48398114782702
1.33393238438601
1.65601899124491
2.33571178411144
1.97798485040482
1.64982656011503
1.64179405288647
1.79927663382837
1.44467461860382
1.49268183323855
2.43009319417705
1.84747992582368
1.61334580985554
1.65053507727679
1.33818376830339
1.42998213484096
2.09455551407578
2.84432742592837
1.63142658437094
1.3297629592919
1.25667993377117
1.07766868792367
1.11172080816097
0.898501943824005
1.12746362923573
1.06360918753007
1.11196507298521
1.71121956304496
1.49729885722237
2.59677941136533
1.7453484866254
1.48492899910201
1.67247684739067
2.55770311939003
1.15543084710275
2.02895115766921
2.68595987152757
2.34550842621242
3.22637190403018
2.28886578684952
2.44271419852504
1.66865488915649
2.17119715162544
1.32843196518965
2.01271369062465
1.98466283616304
2.07232591510954
1.19249738398196
1.38576428754329
2.15824817292129
1.36423467427291
1.44197949723898
1.33369811767488
1.99175116568523
2.01042988345606
2.50520891233963
2.82575179786333
2.41473156389961
2.66529083120071
2.12065183222662
2.81984995936014
2.48393216825681
2.41316401449675
2.42929978559518
2.18069102739053
2.37298211719705
3.46891243394071
2.07165311853245
3.34302425590375
2.22458014972865
1.51290720392234
1.72703993749363
1.59176695531823
2.01388330232186
2.03543591936103
3.01542231656475
2.61914381040003
1.62363322387306
1.48862837107245
2.10832268317898
1.55110175706935
2.48904635996342
2.82304362852758
2.21943815912394
1.92987486891412
1.83201460982919
1.84158919055045
2.21737922114872
1.93401416259707
2.31923283393753
1.77948821414931
1.25301401014041
1.5629357458764
1.46090844677944
1.6350803166718
1.48119511333811
1.41701992865551
2.13155587920917
2.60106400535799
2.03167040823386
1.46372926092884
1.48902365326568
1.8024359360771
1.52155709182646
1.85219011120827
1.33913373313158
1.59134577959686
1.96220731734687
2.86983327046994
2.17833283710422
1.90786357747759
1.62313925462771
1.48703081355305
1.23585614239574
1.93075848262472
1.32745148598728
1.67261865708782
2.06442831614903
1.80918167860435
1.516213174259
2.78801479201482
1.93063824468879
1.95719661523551
2.5299185824408
1.99082600901113
1.89528487981527
2.14264785312055
1.83490352601304
2.24277388728667
2.19955673412552
1.89043418038275
1.74065269714939
2.8044430852321
2.75278594031773
1.94591016358451
1.40076245666395
1.78848524301352
1.54948990857598
1.72630414513954
1.64463324197493
1.42387702911903
2.35569873367148
1.44118356054964
1.69888191184217
2.34445953862694
1.90957194018829
2.08269345888599
2.35792606020851
2.40035751964613
2.65607023395848
1.80303210152959
2.70896658647368
1.92530432814546
2.99566886492431
2.08736998532474
1.88115429662893
1.65053410080941
2.38135299062365
3.02537457513677
2.33657087884345
1.995409016039
2.59878943257758
2.24515292805526
1.88561314509273
1.67809295610501
1.78387087748711
1.35066753633082
2.26238773842365
1.81762194363628
1.75161860753919
1.44012050659906
2.22977982230531
1.67325304815219
2.1065344753479
2.88307506676292
2.95654664920916
2.04378660477199
2.27145344956563
2.46897607045546
1.4441391513175
1.75194259274573
2.15368384106244
2.30062778873206
2.17340905832932
1.87730414399345
1.68108745532375
1.23295371234909
0.790755896777029
0.972883869561575
1.48198935819392
1.75886987888954
1.60067936553073
1.5740490485532
1.61801955959833
1.78631842582601
2.08593456537045
1.5814195883175
2.17256347964474
3.00030350503082
3.43844027455648
2.96813895467269
2.25022383992104
1.44731148825234
1.79305882699558
1.69862783154256
2.29835888847375
2.09044265175519
1.94953956985699
2.32581019331284
1.82934047217296
1.4765673586979
1.98595224975291
2.35917330366017
1.7121359878217
1.95837610409776
1.91178896451897
1.84053488816664
2.08233931731027
1.99975839169341
2.78317193364728
2.24511713094141
2.73306412670901
3.16784526506851
1.97502328567235
2.03986227767343
2.02814143757206
2.56253797298338
2.33559605642764
2.01251829028075
1.38764749266459
1.97521722571027
1.61882707046138
1.70575960192638
2.18912488029546
1.95880458588915
1.42394218921969
1.18433548533225
1.97921202110222
1.78366795905775
2.00634679657209
1.82453989594453
2.6987528116625
2.61188031715049
2.01020072476156
1.85313496705245
2.54337316302664
2.92098603497225
1.72442602942367
2.69079476695567
2.27979224717435
2.08881262217233
2.15349617928036
1.89050822028775
1.55872533979974
1.48908449187653
1.97607930219206
2.02968975527645
3.06011551476204
2.16282125168811
1.76526854706
2.46523188100246
2.18994759759886
2.33076970228277
2.46046823617914
1.65305502415047
1.42999120487519
2.05195237557465
1.55916612757988
3.29211023926513
2.30582585171866
1.76330941517474
1.54768241198514
2.9916360367428
2.04412617286296
1.86114176900023
1.64786322045345
2.35235938642915
2.2245062550125
1.82582188753674
1.73554245927392
2.75350076881009
2.30587260440391
1.68831725054511
1.09050935658286
1.65578201847549
1.96507325192888
2.1211993556601
2.82247567112693
2.43871202901258
1.69568607959252
1.54389630239433
1.51478719559337
1.96881490980821
2.18566646448383
1.90371968246751
1.67742012372241
1.26506921790389
1.28742463666237
1.44566477868905
2.08481859383038
1.67911246895076
1.82753091069623
2.05780955000551
1.43349645638314
1.8376715087075
1.55797716219567
1.29869100906862
1.0490979076631
2.14302658025569
1.53022670083615
1.84928867104451
3.20329490666
2.91482835911057
2.00753045253873
1.68725189690349
1.98140271246023
1.72227500385923
1.92201744544164
1.88460256534176
1.02097221594212
1.49210905876028
1.79527798647411
1.7021600916352
1.53751714659914
2.22195694886574
1.88308883319601
2.42317455656364
2.2159973203446
2.71126590158949
3.12791919061256
2.75895251131392
2.43290772233408
2.16433689189623
2.40010118970804
2.26350355854979
1.64874132445949
2.05224023273428
2.19980016945158
1.95435169466311
1.8553237880523
1.9968722140375
1.68300674537495
2.01913725632937
1.63660453684088
1.95618512063898
1.6307316563623
2.63208849262987
2.15026941078634
1.2785324137533
1.60338098148276
1.57527898912083
2.70095085431319
2.01123110278567
1.93196286556006
1.72971639899469
1.69719099785892
1.23377649538417
1.63270128307227
1.52451006688275
1.7719587672899
1.75356610252239
1.39919942649362
2.01270934034831
2.12597378291466
1.96514975859412
2.20950728030844
1.75348766058627
2.20620938575354
1.99911336208239
1.93948567926813
2.01768235346891
1.69501810733025
2.1541043434311
2.10595662173421
1.91369021995796
1.82491237812444
2.03692279027048
2.5637607256628
2.33526728004265
2.23645202627866
1.74456686685804
2.55448162226185
2.70988691989453
2.36193117580118
2.02614726356597
2.36329564921021
1.94945044612805
1.30587590027858
1.37465085260466
2.03947132327181
1.87926145307422
2.91468885008977
1.32141258338604
2.34531386623177
1.71557912782761
2.02796099807919
1.35846502955302
2.1495844360179
2.13335831558831
2.49372734836279
2.20630076954815
2.25443599988084
2.68168314229154
3.07207256426464
2.18435879791898
1.84484361019348
2.24045570921032
2.43143320969099
1.9884450066357
1.92565080504183
1.60950419275122
1.65993507412216
1.54283543526816
2.01059062449077
1.83047516909231
1.52535545607748
2.52932747958781
1.92926382643105
2.09384422582204
1.92180447184569
2.39811766157362
2.13056874066428
1.52666597777504
1.71042128190377
1.3076237474975
2.06094081313181
2.14636915790806
2.76138139611154
1.39314922790531
1.50358883078005
1.77312771408745
1.74903057609772
2.56540390636783
1.99338084143017
1.48535227003683
1.68535070410365
1.6390490782804
1.38244405966266
2.34211033235704
2.29287211332057
1.53544496569055
2.82572355612661
2.76452827071516
2.56344915508285
2.56313105506937
1.1518189623864
1.68615599273415
1.94046159426213
2.38154900364433
2.33294822300048
2.51061860753957
2.74546933562097
2.93866027454488
2.0113834662919
1.79622598392178
1.9788371527752
2.08623016444192
1.66663582227219
1.59282651323009
1.94191866850888
1.80079556817349
2.26749066820733
2.52665604753944
2.00046603130714
2.23765907073047
2.15284301985977
2.89692699632408
2.52392137362198
2.14302720922351
2.46824076217035
3.51304821225144
2.50378519262633
2.58908116112793
3.02301393719142
2.63063402903655
2.62040893640206
1.89528566499457
2.02176934829193
2.03191631985928
2.30336343434757
2.62994848473244
2.94164294691626
2.21855784460364
2.92292955042052
3.09944786121891
2.03410784065096
1.61619964140546
1.40857259502448
1.4100441587503
1.98874618498885
2.36823364638048
2.02548699749673
2.50930736637517
3.03173753011664
3.59393515335759
2.40093687571066
3.43687551170131
3.15988475981151
2.82593929331258
1.96195611265693
2.29055948504805
1.76650905744889
1.45607241609963
2.15146356507578
2.64438560216636
2.46308923120226
2.08656487534471
2.5282423644509
1.91459028392709
1.74947031886347
1.96603313532408
3.26869293203481
2.40629814925396
1.86882392999916
1.88343517390164
1.84405670569891
1.85523740039538
1.50846897850477
2.1499370000824
2.42282156285249
2.39354087647952
2.63183299602089
2.41894718246906
1.88070827470187
1.9172345354543
2.5035356859647
3.38367127757996
2.55062887020359
2.10644709194022
2.31757673463983
2.39744498174394
2.11699522972362
1.22973960994631
1.7503469975146
2.35385445470618
2.12355023635782
1.5232360857895
2.19409167675039
1.82166169194212
1.88120582053945
1.90294740441924
1.52002838972247
1.66974271296756
2.16368124157901
1.85930765882474
1.88398386548442
1.56354729774292
2.47556493653901
2.05542273392783
3.07154367943002
1.62614727790226
1.95552922942046
1.40449846273176
1.70583814724874
2.35698873673615
2.83379861214188
1.99344270707595
1.4734068281923
1.89485881421832
2.16911524847269
2.28043349040895
1.80660888118186
1.75338527848844
2.01637799999495
1.23794087194487
1.86858682323812
2.21644645549949
2.02848760282739
2.81514266089362
2.09315606174638
3.26975436737859
1.93539716511308
1.2027454033871
1.91410411628452
2.83343779093335
1.87859763991552
1.5583576510504
1.73931379465575
2.29841547891316
2.41071513966908
2.95631377633589
2.30404272644209
2.47733927896904
3.23890964348927
2.75204756381203
2.22514268035908
1.72062615544177
1.95995096660413
2.60279788436107
2.55222347152636
2.09356340444002
2.37027278123752
2.78217396110843
2.6027184597092
2.28867545548275
2.50177038074637
2.31855692788855
2.18334651648422
1.79908103040801
1.49602049202284
1.79549466282769
2.15226696958287
1.89629148931139
1.66046023620559
2.41685100526532
1.7399830327403
2.13400715160202
2.1675300234516
2.15104091175386
2.21451547441317
2.50600654921314
1.96069495460505
2.41469135017027
3.1753955035683
3.54957101723206
2.91291447582115
2.63353268384519
2.11685169931898
2.37419351737905
1.99646609415589
2.66457375507062
1.51883739022783
2.63355770573303
2.590193065927
2.56795989238186
2.2144382740831
2.02430959390157
2.70561929770909
1.57859477887285
1.83569965900392
1.88655862578462
1.36783146559828
1.87783807999052
1.87019714709011
2.88487108109653
2.47990489830491
2.40087062142024
2.07181832155559
2.16766766956927
2.18961401635616
2.64627102951324
2.92021086754218
2.41364182148939
2.99176240881066
2.57575397124296
2.25299554573908
2.53748311278135
2.2372666977411
2.42246270369174
2.22977760686715
2.10617873233432
1.65647795051614
1.87911665160177
2.01799765884963
2.40195196160172
1.54875247464997
1.70298543632624
1.43871591855712
1.35170761735585
1.86957779115645
2.49891850407582
2.48920700717449
2.28111520172085
1.50291718858026
1.86325573860092
2.29995283223844
1.53833171642037
1.28594396354018
1.83394676144846
1.44440987438105
2.17677069291457
2.11918843500422
1.49989931472947
1.61514673111497
1.91559444345937
2.29011404640809
2.13475984653344
2.34641704600233
2.90142151020296
2.71639844146581
2.46373553726361
2.27980843310546
1.81488277447857
2.70708166435094
1.90941246080187
2.37034853905412
1.13712843857597
1.55251878155588
2.45220428727192
3.36004957366319
3.15159454589556
2.07180112967366
1.60119230880569
1.63925972969381
1.36033359521459
2.33782996589817
2.50535334663047
2.11512283982574
2.87895122818165
2.46877292648881
2.10065346387113
3.50819997380765
2.81002946064593
1.93436851145341
2.28560604329917
1.9177508716142
2.17476348234482
1.80118993063854
1.79223107928657
2.3052574010147
2.22846488905914
2.01965535777204
2.51913693847089
3.11802615927429
2.48894508954074
2.37891549768873
2.32084757459079
1.76184137777778
1.73775940949754
1.62459818328668
1.79102218294957
2.49897332869933
1.49184424166551
1.92443343145129
2.98806632440092
1.83234782720042
2.24947142187039
1.90233027081417
2.28558717991037
2.19586573403206
2.02985442284016
1.71525726492588
2.28461021614048
2.82816818005067
1.47680582866563
2.13130224643522
1.85084101806852
2.84408831569603
2.0935053734372
2.48092658191881
2.36019811111898
2.3562503571493
1.73280130778096
2.19322383495998
1.89118755902517
2.08301860840181
2.35172252734937
1.85789598457738
2.04174429991728
1.68345931857257
1.84856815873392
2.41734629432128
2.48120696042185
2.22292242922834
2.64008514479619
2.13240543836168
2.9654190539206
2.41674875808528
2.28756191908995
2.29558719161011
2.79037628096994
1.77977532410342
1.90611949612098
2.38012722251552
1.9012279022448
1.65444146362323
2.09849307821375
2.20665641441015
1.81344846221123
2.00945895745171
1.51405342293302
1.30436851075389
1.91065681608306
1.68702522969706
1.80624250695523
2.31459038132306
2.36752415000738
2.22592578290665
2.74885717860801
2.20607978762315
2.25381734824604
2.07490032825599
2.50485989339496
1.47607718116397
1.66116149840795
1.53787236995744
2.61301932354568
1.87753430687718
1.61474892114353
1.51061882624694
1.92709637172931
2.24225274695392
2.69677715326976
2.58021215247183
2.21273931852359
2.54849115490983
2.69573737170783
2.8121244916536
2.87308444554648
2.82478143485351
3.09113596421077
1.97550950081142
2.54912146780488
2.45428207715352
2.24308501541395
1.40954335546251
1.46103119784522
1.50207429637767
1.376642522949
1.6382418352796
2.17064213987042
2.33198540113163
2.17777407180545
2.23024064976166
1.87279056309427
1.48471683062303
1.69076864318251
2.36435733927498
1.71759955849515
1.84938536770064
1.51820932336642
1.43966444371873
1.27203872130196
1.72881795901721
1.95362191704985
1.48659230407825
1.21992648785103
1.64138902756402
1.8121272019583
1.36306920698297
2.3864204708733
2.12416639605439
1.9914448316338
2.37478589605741
2.15531636080473
2.3907755464613
2.32016078594792
1.73222636681952
1.89754140080879
1.1577147241997
1.57500973585638
2.54535923434752
1.89596330424121
1.76055992905165
2.25000217991657
2.55583861636284
1.67532587685216
2.09816068202658
2.44606408419898
2.17598967480984
1.6892602916786
1.49187709745479
2.37009569923549
1.54990105889302
1.60834911232844
1.95343500095404
1.49096058110116
1.89567020755456
1.28927187525804
1.60088510230332
2.19033104124975
2.06136689382996
1.76066797036949
1.54449443471709
1.44426685685892
1.22388075621426
1.23988652035452
1.88889827271918
2.25670735253012
1.36350030651653
1.74903177052198
1.68800231165415
1.57298048352192
2.27196769394692
2.16492363376176
2.28975258402019
2.54186787596741
2.201313283582
1.47911709825987
1.85318558970174
2.1013156045877
2.1279997716307
1.95475116375226
1.91586440821384
1.99428433672075
2.31070227586795
1.89115335712681
2.7622308651475
2.22246348196406
2.56646957035903
2.12255473664431
2.84646559937265
2.23146518848877
1.59072000808841
1.71227605021214
2.22745597259863
1.95711447041239
2.47756100021356
2.18603437716209
2.8648975486479
3.15949155020986
2.91452622676457
2.46120505497202
2.25341844575928
2.88225419000545
1.84841907234424
1.21292341677679
1.17854231886427
1.49913900311955
1.85894639228883
1.5924547185489
1.98850891405658
2.14967709601971
1.62354312976221
1.97587217613072
1.18949555433055
1.89876181200695
2.28922857580079
2.57464612831365
1.96484029472382
1.32690155758868
1.81650897846689
1.30171562984608
1.36710861490551
1.16007781476378
1.37500750653003
1.51093831853125
2.26532342119009
1.46541207095776
1.76524931513203
2.85745335327377
1.70276326503065
1.43940918959651
2.26406235851311
2.32712160254869
1.94048453164253
1.16630603355159
1.43462051876832
2.23064457011665
2.11239525650887
1.73933247338286
1.84284446325204
2.5677634191158
3.14834212793802
2.01309375299292
2.55472532005188
1.77389085712195
1.7070742827144
1.80359306633542
2.26072005501945
1.29665844335779
2.19524152689553
1.49953387436308
1.35555425829155
1.22428073771659
2.58958755589311
1.72192534180533
2.11557472720994
1.7156595347346
1.2048637888271
1.68097746794726
2.11937556672185
2.06359007650895
1.89317647398049
2.89300970267424
2.96230236820284
1.88133602482046
2.67692425602739
2.13920508455168
2.66737543082853
2.05405167385152
1.67672448277122
1.52765742612832
1.12097714437025
1.56353620013571
1.93480159363348
2.55189493515958
2.28640646648056
3.26393099176899
2.22567221341944
2.26745102975214
2.35708515335058
4.52556493840557
2.97739777884501
3.19436377860424
1.85374269725661
1.78733513800711
1.73642334955398
1.3805966734543
1.82231908198353
1.05282867296869
2.23646394937388
2.87841262491342
2.29034595157955
2.0558304449456
1.85769826980806
1.78015596395848
1.46868187775637
1.8471027004031
1.92684821378182
1.96283880498477
2.60052442447872
2.61345795466635
1.99448697300711
1.80467894871833
2.38603641001718
1.82257778967163
1.79214132841369
1.99490972198962
2.13572057993783
2.03897035893361
1.99845797036706
2.17757696414965
1.81777130200262
3.12160242937104
3.60534101218138
1.74078234872954
1.8054358300985
2.63614502323412
1.99163713349452
1.94277853740332
2.11025801508717
1.75468668458687
1.60704983771776
2.07846680226218
2.55108151859426
2.00426007080333
1.70985646978844
3.07682469042762
1.53496193541739
1.18231596139722
1.48204806350204
1.21165448386314
1.92399017892861
1.88317088307995
1.89251448598552
1.80636569175669
1.89593306142858
2.6965365653983
1.75124659123687
1.61819972820063
1.45839640157763
1.78657908317755
1.47070828728543
2.22803105909521
1.47153510231955
1.61802487081102
1.18244959209656
1.60095048727205
1.77885781912506
1.61476950873221
2.04385918596346
1.93555870216444
1.85905613510829
2.13090210249394
1.75561452038654
2.26146539587837
3.64836771884892
2.0613412531671
2.34382605735001
2.13898174068144
2.05071949566383
2.55857976383861
2.06601929684511
1.82359139965352
1.70089988935799
2.65975125376424
1.52327043755455
1.63800139061811
1.64940068307764
2.11334813597826
2.62894156519237
1.78098683811929
1.92920078383228
1.47652696745246
1.5715916550439
2.6816020367359
2.01848401793543
1.53107372366853
1.33181849920556
2.39577862987823
1.85542968333223
3.27146088540387
2.65872427364487
2.98517440118067
2.73611473452951
1.13032698566372
1.79602819320687
1.77536062066313
1.91027521627538
1.85287344535011
2.24347418280987
2.42889323042069
2.00808296928752
2.1098402944161
1.59186151370423
1.75456181224716
1.15249894994187
1.24404285875446
1.45563086765604
1.51834645521632
1.78319660378581
1.26416527518341
1.75184072221558
2.64837159411737
1.61946873793457
1.7692407749227
1.79400628524669
2.24014056053861
1.39252727815978
1.70105056983551
2.13992485992616
1.71191488805006
2.13067719417137
1.97629413557189
2.95504591998726
2.30405216079781
1.74999068658758
1.6687902675796
2.11017828872558
1.89522382304246
2.04720540957294
1.67914737189289
1.69068114781902
1.89267624734912
1.63433748274412
1.98404026220086
2.24051764462987
1.96426942127615
2.21913008542103
1.94475536140305
1.91194273866969
2.15782549703896
2.28959064407767
2.63443754722961
2.280691801843
1.59665209076336
2.43618345354868
2.58306752940302
2.42015148790025
1.70308217243771
1.6185506191773
1.95666318151324
1.60839640985956
1.74083491535208
2.17330746557127
1.14444642348575
2.17114946101789
2.07357986614576
2.14825415996176
1.79668130512115
2.28176392077215
1.95899522168019
2.53278742592632
2.04035075761243
2.32118262668231
1.98837289013699
1.64435781714218
2.06976480181342
2.05186300567034
2.57601726773982
2.56563730359652
3.40619439238557
3.05487605484646
2.6430116146693
2.10541589841694
2.87118042690127
2.56216189967347
2.71443074501176
1.81867779253973
1.60655169775184
1.98039929983599
2.79353783924153
1.94488702404109
1.86998951227855
1.95630355270836
2.00987904510997
1.78331471170087
2.15618829346379
1.14287225983851
2.06526707265227
2.0969683091395
1.74631725633255
1.73468617678649
2.33192215540917
2.59218336241859
1.9824734164879
1.68546488905871
2.31463402167621
1.86927595405501
2.41186783664218
2.01638932865941
1.60335227416911
1.72308056264497
2.15420971934792
2.09953264967922
2.06441195302315
1.98653721204269
2.82909870843056
2.39320082592856
1.95835245473079
2.04271028713008
2.4511675255112
1.79320015770815
2.41455476018742
1.90737615104588
2.26630114800342
1.63303560519742
2.33707263807898
1.40371054075807
1.7611120062021
1.34639465392703
1.55799880093897
1.85206334287826
1.87706789551804
2.3882314913348
2.5972987920019
2.52658019358139
1.59585116138448
2.03062872337005
2.13924438897661
3.14556825949951
1.80172410625547
1.79777454088408
1.8308666303216
1.6710064856131
1.91228112162529
2.26639829160642
1.65693634991613
1.56028474392371
1.77976199901951
1.7059096925446
1.69488051526218
2.18602683191534
2.13791903971912
2.08873791733759
2.1711541705816
3.37530387095152
2.05589752516457
1.93660906521196
1.56628317600669
2.15741262792642
1.81875722841311
1.60471229725874
2.47478088012066
2.78840101969885
1.96155848749032
2.42453527528154
2.23175477767826
1.33705147841063
1.33200188667199
1.26469322291871
1.80415498096977
2.14350869656435
2.23749028500656
2.88200151084573
2.11913338933518
2.14946632362222
2.75566974164645
2.35304152449913
2.53279186693726
1.76841968561576
1.94250867630397
3.02139579433917
2.20671064519089
1.36784746728844
1.90697338458967
2.42953711997546
1.05890250856056
1.11478058956607
1.76787677332189
1.31204547987512
1.26442057439009
2.09920070609955
1.66017487287843
1.81982985908504
2.01354844543734
2.14973123515856
2.03309343810872
2.03734776722929
1.81891600435297
2.1828215687812
2.10644257221062
2.29443397404056
2.65656169028709
2.32576092775555
3.00597966856177
1.59521306398558
2.27031528011095
2.45268585449568
2.3486890551069
2.73006278795699
2.70679086834034
2.25012306926717
2.46780813367251
1.93906862474649
1.94270916294287
1.67802178332603
1.82792558531931
0.959389899145276
1.51735791098589
1.17038415602363
1.60249669963811
1.81351355125505
1.42521816712984
1.09951269354773
2.59175605571497
1.90038780235716
1.97348728991965
1.80587285705267
2.14374106141413
2.18457740655428
2.39406350079272
1.78718651078517
1.47862111655189
1.48521715492481
1.53030574537153
1.94278156383028
2.19232380345541
2.25410161271595
2.20577359442098
2.25815517899747
1.73077950158783
2.00806751526225
1.07008395347487
1.13219478390849
1.37264872674508
1.22411233560209
2.03380115776258
2.03081172483782
2.19131180605367
2.02037606651211
1.65577088977838
2.15437111701457
2.55516476648778
2.97861175226196
2.71565805760307
3.02080326862403
2.22596148924462
2.19295113840819
1.67182765158516
1.84814675599745
1.76325693416732
2.68143806184038
2.42323056592536
2.62059133622661
2.04457408568855
2.22033913522627
2.18561580142378
2.94270204083053
1.71930813625433
2.11149587028187
1.81501274205798
1.93099716931615
3.07811587746395
2.2497554842331
2.27875549526862
3.34641687583008
2.21114970879529
2.10845843407509
2.818714115145
2.17147516706081
2.02145946027508
2.80002519997076
2.80974320104594
2.97134686162638
1.98278320663003
2.32191800922255
2.44417663675569
1.79171927385302
2.30520547309391
2.34478844658659
1.84947601892257
2.56688265974839
1.46226322876631
1.74967289433126
1.99855129662663
2.57682959490357
1.91646951179025
1.99777381906273
2.20787181002019
2.96391818476832
2.67712925609805
2.00532334295836
2.25874610114893
2.00089558886379
1.62000284777054
1.42967605045699
1.92687497219649
1.9319261211965
1.88487415521188
1.99807030374665
2.18938198349765
2.35772946500177
2.5610813092418
2.66670577952654
1.74092055370753
2.15026483455054
1.7001468495143
2.50772286356789
2.38509200526971
1.81731545131896
2.31496048511591
2.19802556922785
1.74755614659915
1.95508352696557
2.07692819337556
1.75147729365896
1.86191524607859
1.89666239942044
2.43730605526215
3.05701307692386
1.43853523146993
1.92731364766015
2.34642359944708
2.29825056612329
2.6028757219599
1.87679544650309
2.62259348178122
2.913072018949
2.8470028245884
2.77197859233676
1.19435978849099
1.42789889061761
1.84666096061211
1.36408083690057
1.68739749179068
1.73080351028035
2.43815460424286
3.13523055423275
1.90312708149233
2.32804147399885
1.67606388391306
1.41874666186007
1.34219162804785
2.33310459776882
1.52589245435742
1.81317810407168
1.70780861686262
1.69378424439692
1.7002517856137
1.62103692037598
1.88516517202992
2.02746402543571
2.30999142576622
2.69495455674718
2.94076506269047
2.77376578259611
2.29255855986301
1.44506054255215
1.87914941011061
2.09673416622715
1.95201694264135
1.90518777247427
1.87724769062644
1.41976896760457
2.18215688284134
1.60955889086027
1.83827485461082
2.02430674104784
2.26592412482011
2.12672425405491
1.83286722512207
1.76047865697584
2.28944568797556
1.99820294086068
1.58696514853992
2.36418611187145
2.06759903934899
2.23368828304124
1.89083138303082
1.94940926353145
3.02729653080588
1.64089181931793
2.29597777309068
2.89293135430678
2.50204918897205
1.83980624177209
2.24162443924609
2.78500589472347
2.42518544156181
3.35524136148174
3.4730593860491
1.93959411784594
2.6260221404722
2.2540967093845
3.01674646289274
2.57542634862271
2.0206888915974
1.80884059773834
2.8911162826558
2.80204157739385
2.24371067698386
2.69874055522955
2.48367058655089
2.00341283105101
1.85943027386967
2.71685420811436
2.24922411133952
1.69353104302277
2.04640247081387
1.83144432860719
1.8869626767836
1.89651421622792
1.84151544823146
1.59818654477764
1.43038195855737
1.2524544050317
1.69762348119103
2.29080503066487
2.05338424189347
1.69726540003536
2.36893391182332
2.67572802862636
2.26638402757576
2.34961703026639
3.0818515955922
2.85706631152242
1.94782287084046
1.64239732719429
1.78057854365405
1.66325334998307
2.56417419944031
1.42683481487495
2.3842952287644
2.10806908511336
2.97823980412803
2.49225053193425
2.6802469201737
2.23402025261118
2.25926342573049
1.74192471147738
1.81773080451903
1.22460800294341
1.4030505554739
1.51909103667022
1.94864355611611
1.62858519022522
1.05128252430333
1.55827352681284
1.34329501543218
2.06033109613315
2.14358612958398
2.05963018079276
1.58652591973671
1.80905651304449
1.95903500751333
1.97836704750968
1.72895347326905
1.34816148737181
1.64157106992139
1.42357769505106
1.98781352877871
2.68165894862523
2.19149789955917
2.65054717764384
2.32418173948161
2.49742889455353
2.45909203764362
1.71774126641066
2.22284188516138
2.30033123715025
2.6385895759791
1.94993359842033
2.45784515256473
1.81895809417679
2.1882167345625
1.96951640171235
2.1775316941994
2.68131104590594
3.57349905087479
2.37758621998021
2.2987183157953
3.51148758266205
2.6232405396343
2.57032583459883
1.89409462755513
2.35554272453932
1.91333557911751
1.86899344476413
2.44306866023887
2.88701028741833
2.86703599423762
2.32403994089872
2.44012094520616
2.77521624541357
1.70985690383025
2.22889256564793
2.13921622728222
1.43946434156808
1.79416833684821
3.11594590553152
2.64012256716689
2.34033420002753
1.71717687152001
2.72254442281212
2.11847593887892
2.42330925780796
2.71174249881979
2.12602471939022
2.92584492739086
2.29937924730526
2.56572934726362
2.04444488804209
1.18198392333005
1.39918007700099
1.60017432191234
2.2882813855308
2.23034418924246
2.66528656911303
1.90969179585221
1.90324204498808
3.03298957603913
2.16896393940156
2.39071147927724
2.13894131853772
1.63377325103683
1.51760087009512
1.39372606840408
1.31567764823787
1.5060698886543
1.25414714537248
2.19831113011269
1.69206671248334
1.87522928662009
2.23987067616121
1.88473136740981
1.28899355467945
2.40207474184081
2.25790679986456
1.55685482059749
1.28278110340896
2.29508993534686
2.04592457523576
2.00112238966085
3.02822582543135
2.34227038535286
2.86890661903862
2.17035847389362
2.41648696286046
1.8906832564037
2.25740264195213
