"V1"
0.221909151092895
0.229077157628321
0.215138344346559
0.217029157524755
0.208138255653518
0.220398126043976
0.225619466824407
0.2440033582729
0.234663705179159
0.226054157800866
0.232557762208027
0.255703552739187
0.249432216716896
0.273417135790836
0.292415289186496
0.258379239713332
0.279983961284452
0.304266012672999
0.299469221694811
0.259140516348572
0.261875358957992
0.259598127403941
0.268138202333358
0.27383720083756
0.244361536258375
0.260695366842702
0.255903688851317
0.251836349743508
0.283820025617094
0.294712819688917
0.366964150345587
0.321838661703983
0.328673195704665
0.3547533094598
0.3416757983913
0.325725670451466
0.338009871898185
0.352930636927185
0.303399524132396
0.330811053561049
0.318767524000461
0.27956023054831
0.293418069907708
0.274807382247632
0.28094544683253
0.310486505718021
0.302285760376911
0.292410168036552
0.27653263494787
0.266099717686445
0.296601364512891
0.295733406708872
0.285450352009255
0.288689122248751
0.309221386122784
0.308293982497041
0.306144488420738
0.29622324132596
0.323640959793797
0.354810771226968
0.376918608541161
0.35813811621196
0.343006809773229
0.341386886471035
0.318222898023491
0.330692783146964
0.345437164252963
0.37098481944892
0.302463771240204
0.299111951133845
0.3087254733086
0.307364648363525
0.343978404906474
0.33397145149125
0.349625601426655
0.365294510732696
0.366026240989378
0.403371037374135
0.39299173336997
0.369460087997685
0.32851418532659
0.290436339079557
0.297667425370363
0.275712149278343
0.271246824642999
0.245089230240636
0.242663731620776
0.234802803217324
0.264710987344193
0.261176372352413
0.248617129217807
0.247164451721848
0.274545998713898
0.277028281707029
0.264536760976931
0.268434022832341
0.271154083713352
0.254986798270662
0.230619117800325
0.237328564113856
0.230733071992715
0.209909476186639
0.206995828618846
0.216771741354254
0.187098424670289
0.218718770865486
0.231290850601254
0.240005020699123
0.244304824093169
0.237320157177909
0.255406000866128
0.234315224987604
0.231719368938271
0.238990048469948
0.209492960876031
0.212292384784847
0.205564436328495
0.192329589122418
0.184340492479298
0.188044877254464
0.174133749693936
0.171575875958128
0.177550829895221
0.176798249575701
0.177391959913257
0.18393556927322
0.182080296663724
0.211718559779724
0.227217194875323
0.270152770960586
0.248280098480091
0.234568972979488
0.232874320410761
0.223042344445145
0.250703291722009
0.219892440261231
0.227115786199137
0.251599270688087
0.251876314339767
0.224631233192165
0.226953683003852
0.238593203079041
0.257832929465211
0.27906498493288
0.28929368852549
0.265394687861136
0.289335555716262
0.333912541069339
0.306462268324344
0.332340062268553
0.282877429655187
0.247501697727834
0.266856656454117
0.237342216106501
0.240532997344818
0.228166539060861
0.215315693915841
0.225815944469393
0.24344802840314
0.252248397405097
0.264389380635298
0.268098013125861
0.277336642097702
0.289376579254419
0.337280679539573
0.374828191204729
0.353021504578018
0.297854040243732
0.285503439995286
0.301449874634393
0.321507558794983
0.31081867862359
0.29950562005778
0.339193652494068
0.312192564705843
0.333246213136877
0.319191587013329
0.334336393088972
0.307527772504589
0.323171418749335
0.356623825451439
0.325491627155029
0.305441141804986
0.314479158690372
0.322905055894166
0.342145201371837
0.312156943880007
0.320301670470057
0.352682181640403
0.374306972187267
0.357025895565
0.344553864940624
0.330594297959369
0.326859900308918
0.314346780895114
0.344537424361886
0.329831709495131
0.294345446175668
0.286169666430357
0.292614366617595
0.279128496749914
0.266829698766927
0.281218208158428
0.268338489910493
0.280978002649013
0.273840186798911
0.243464226939774
0.254110710860823
0.252355689957341
0.241832415742776
0.235976996565987
0.239444484819448
0.233077158961086
0.264850554732787
0.242730817180305
0.24145335125097
0.256755358411388
0.252709431295195
0.258549809227728
0.259868607940905
0.215031441510234
0.223505039434536
0.20458978205218
0.191846360056421
0.179080447183526
0.173595492514273
0.178409919731011
0.195323168507965
0.202019523786992
0.226310356735732
0.224619184984542
0.209387466355327
0.212496877742792
0.229175549394421
0.258236652939617
0.257946004744308
0.267629484398993
0.237689373161765
0.265483453396741
0.267175262019802
0.253212725335778
0.277802764042509
0.327542856414254
0.300839698795842
0.282138165990312
0.273444814209312
0.296488389623584
0.311102939401752
0.32086029522068
0.328561078195068
0.328063912826723
0.309478271748531
0.294517692327754
0.280709441015009
0.284094202585243
0.3147186283052
0.324927399553118
0.315209965440677
0.302545519145742
0.284759621044388
0.271183201209983
0.267893520844703
0.279292417589478
0.263934721935661
0.238902421986156
0.263596178475225
0.228071970584852
0.24279091792034
0.256623926704634
0.263861133956127
0.232197966589603
0.226127584714996
0.235418690919234
0.223496491717918
0.220757026138967
0.213011285559189
0.217839465275561
0.199175088856371
0.222663903354587
0.230706808927426
0.221877931405838
0.217752076496603
0.199307963551677
0.191066251999667
0.174152396482294
0.171394507540699
0.171139298891914
0.143980382198347
0.151847174770331
0.151445376373323
0.150838148096918
0.158167129082399
0.157920170180733
0.172424581415931
0.175151421657223
0.18128066869708
0.192721656677236
0.192602451519817
0.182612414191639
0.203849050294539
0.189040049919859
0.214569595312762
0.223730987671741
0.231138184820591
0.226359962367087
0.225909165760679
0.215062821700111
0.21142069604184
0.194208450210905
0.218803438155046
0.221975249450371
0.226185765196516
0.216787760071174
0.212892715071979
0.219514827915851
0.206841944002061
0.214875600983314
0.220939077985577
0.232109793645823
0.23686694335078
0.231200054027136
0.271109911185072
0.2683286831224
0.242706643935001
0.235834629565669
0.216249819996087
0.24119654139143
0.230487349830589
0.226445774538732
0.250903852210922
0.206153983969084
0.228455251522749
0.258992354185867
0.247457347119681
0.241872612894322
0.249271284126896
0.250880758451868
0.227322490919481
0.247185702471109
0.239032248743666
0.191695460390967
0.183721806011058
0.172365199205438
0.181956743190632
0.183392342488668
0.171552706740945
0.169586376592108
0.157629138952684
0.163869016959213
0.155597307947255
0.174716782361584
0.166698815045467
0.16624414180631
0.173856259401991
0.169106566315041
0.173726169761068
0.151981668132625
0.162878288964479
0.15647915019552
0.171040872782347
0.171868565647266
0.181682217570048
0.192937404294821
0.203417963580312
0.204314076261852
0.195238703379926
0.197495461477792
0.208154507672282
0.18661798695351
0.204037680440772
0.220219637573314
0.226299108044624
0.233591958115226
0.22961042469126
0.247505714487318
0.254436810720464
0.271294884144941
0.281329754533225
0.278483400676267
0.285001672267441
0.303786612849966
0.343132710437994
0.30199958612322
0.306401215527827
0.337352208035851
0.353820623525152
0.326019395876191
0.298418705520893
0.297525718041249
0.333136178440597
0.305683985113325
0.278191401684533
0.293390366458398
0.304046111217603
0.295587947158496
0.291140201729839
0.29131631424436
0.284872252076574
0.304347413988312
0.333409462798259
0.362987599542491
0.334109433528889
0.372382785289659
0.35782284519627
0.329389133121057
0.275951519924971
0.280827278690565
0.279888946974048
0.269731621874486
0.273004921138706
0.28475090984214
0.294704960523086
0.328210811720014
0.332622456947158
0.335140189076619
0.308360303894095
0.317493406804691
0.323296846051661
0.339246925383687
0.389186627508609
0.377623045213753
0.412843871813971
0.406735317395345
0.411531484689686
0.405762423870362
0.423765221281868
0.399953690560442
0.400606107795114
0.390047196104373
0.393142890757561
0.345308101587283
0.368276169991101
0.362256110583407
0.392422691439417
0.35714100808075
0.346483889526812
0.343158069847831
0.31126931373674
0.293548881911665
0.28830862103345
0.287941735431246
0.277023527511448
0.279189050541024
0.269516059066537
0.251545088215994
0.277262719619741
0.29719293374179
0.31244434303122
0.298892746925848
0.291904074472432
0.305839314038184
0.283914837028599
0.269946612446883
0.289640061837113
0.313938954595101
0.339203545639977
0.395312135254772
0.41199768877815
0.391456152341553
0.373249082601165
0.327682890090258
0.309941267469058
0.263494983930826
0.26790558676129
0.278540659176872
0.280172529164965
0.247783695587471
0.249651103302712
0.255481100534535
0.239674839378852
0.225813611067032
0.230269305200911
0.229570272500339
0.2198513272826
0.233694303343153
0.237046655272023
0.234556422417952
0.214648161568563
0.210777198353214
0.214705315424156
0.216318040425687
0.182912860443579
0.203069801970528
0.200617613408905
0.199632972093939
0.228257539651579
0.222679200070155
0.208678528410029
0.204804896006574
0.235395591297834
0.227047024316096
0.222192758291677
0.229886082064947
0.256779634754722
0.254381991939821
0.224512877053758
0.225395719116304
0.219957135864071
0.225712594805738
0.24953235788245
0.257664016826746
0.262701452175405
0.25795972549016
0.267602687036532
0.257825894959632
0.268514186093679
0.283849441903303
0.289350349785537
0.26632501893472
0.303841091848061
0.302921726271369
0.273486522377508
0.263231768818889
0.244558972535612
0.250959346568988
0.265318128122208
0.276861532987485
0.262729599714004
0.299094316199025
0.278500844491445
0.269556399028006
0.256020948274858
0.256632670662975
0.255112376934812
0.26132885589716
0.269393864153871
0.252343442023005
0.273342105249366
0.249066649045885
0.250341746549985
0.25229674387961
0.247548764483628
0.233973383025978
0.225606876283277
0.230108375396905
0.24031583318495
0.240611821591102
0.252239947985809
0.231142567755941
0.213787266585575
0.203121952028118
0.224086725429479
0.245109260740594
0.238054159975424
0.228307488666148
0.212715117115965
0.220495662698955
0.219910250141757
0.208600769284914
0.238479474098796
0.229180081633923
0.224694581399891
0.245919149977643
0.218577963917742
0.214663422084145
0.220164351709674
0.194824418383442
0.205809714221293
0.215951689045781
0.203663692975137
0.194055093380062
0.21574455418216
0.216886132652338
0.208592550664661
0.223796716102478
0.245644203068811
0.266795197069828
0.272546144279065
0.266341096310544
0.256179471293262
0.276696421466621
0.274275584273411
0.250771674551608
0.253266413135358
0.256708722120229
0.267022043555086
0.229026191334119
0.248175617178049
0.238848721857952
0.208656165537202
0.18088020500085
0.18317482451716
0.187002404237408
0.197314003625867
0.220887224959131
0.20508733243798
0.221181094348506
0.212475194837021
0.205156268328231
0.202865968714268
0.216389704062953
0.237868330171063
0.242389415159985
0.263880282870626
0.268589248454635
0.260806922014427
0.279619532283493
0.257534880673303
0.231090532950757
0.218939756045593
0.22311925213468
0.203108503349288
0.21489188033019
0.211161233093148
0.208196911374589
0.199025483584025
0.228181937644915
0.250988073213369
0.247968212468628
0.258825401365914
0.259663024034443
0.265707679476921
0.286762442626421
0.287845530958808
0.307688487823649
0.307678885594448
0.302449398358159
0.298397203982251
0.294174554100592
0.265910248948235
0.299066142037207
0.282757039248876
0.297809353611368
0.319136640366154
0.319742165386701
0.33578390708293
0.340816823620238
0.346767792708862
0.340177422988224
0.310524533340455
0.276777520515951
0.291300282128518
0.286197673293161
0.277122734852774
0.263376872696254
0.234063256127918
0.230641644896956
0.233989368724045
0.208339683207362
0.22690492600417
0.224391798133201
0.254269842933065
0.249605138024683
0.241489775886481
0.241893467123233
0.245060385934829
0.252056857234423
0.233477583082052
0.22036649829195
0.21535862682176
0.216353326279455
0.203951012540331
0.197580051976884
0.228007153191758
0.24248736554427
0.253170794313612
0.253857151902185
0.275469060730709
0.263939285749537
0.281398474353717
0.293933142496151
0.284882354318131
0.275758549814988
0.29047773340353
0.270537375226419
0.262214619658666
0.251393983915646
0.252834631752965
0.252502704578874
0.238813701587844
0.25022553739982
0.241445415360375
0.259421960199826
0.244862625114373
0.230104044274312
0.240841523116674
0.211892001779207
0.214247137903814
0.215734945816768
0.208551207171887
0.193417041818423
0.184313651560144
0.193520453856512
0.21513508323351
0.221886655533518
0.23571491684597
0.222449167372512
0.238839177010326
0.241684734353206
0.276450434013444
0.290408401608929
0.277236985497307
0.288419089546326
0.297421171716402
0.289842145389169
0.27876160555054
0.269189740878774
0.252979822087801
0.267663879774952
0.254090482944881
0.247641370082514
0.238241789781034
0.224152943449044
0.212967891194011
0.203458918321344
0.18526234747412
0.183058596666729
0.182374510363764
0.212743246404134
0.19531278073812
0.20461879016958
0.216745358673502
0.210762686704383
0.219689274099581
0.216414485811359
0.204496352056994
0.220769543720775
0.203980650175849
0.201438172681927
0.185214141696757
0.178970223379237
0.168643751710257
0.197447011338117
0.200802785637764
0.203126036830383
0.210847328227999
0.200785898107055
0.189394757277066
0.194229498516616
0.194842509423342
0.19659926904922
0.201332056449151
0.222704950499663
0.205557888341789
0.236080388033635
0.230289758266959
0.233055255851346
0.258711526351759
0.273987619522663
0.248382229947926
0.244366731616969
0.256956143761789
0.274603428285605
0.297607556723133
0.295747668364194
0.279695518315287
0.256731209177737
0.286575645947185
0.290011614191171
0.266631275452431
0.30451768865372
0.33372043382601
0.340104124090548
0.347181752978623
0.367821503535337
0.341060238426458
0.327205276186338
0.302508780269376
0.308096142068278
0.293845691014384
0.275105355411025
0.248667363990167
0.233284636493998
0.216226421721544
0.226488875076123
0.212845974223475
0.214672885242382
0.232721055279739
0.241000446968988
0.232100765995169
0.219557692159101
0.217409631846249
0.197989792221416
0.204805380672203
0.206163653882424
0.210848340693173
0.195732360241562
0.193651434328721
0.212614044563615
0.218237432285867
0.212454910566191
0.208146532341729
0.24172992961804
0.264941464617636
0.267504593464992
0.280614757289377
0.292138555178485
0.328557167782634
0.276638446255255
0.271195076103181
0.25901082332692
0.269241114649546
0.277564355736211
0.269286737036993
0.264802943915488
0.287821285247899
0.283494729682503
0.283265062535649
0.231305750084407
0.235274790907014
0.253499460994324
0.256922165748998
0.262474329237201
0.257896831396784
0.261463011266287
0.24633955194119
0.246128148055749
0.236368053770759
0.246729480013705
0.217762950673367
0.200756785568456
0.197260345548478
0.193209927286646
0.19156425058574
0.202249822118808
0.203615018454443
0.220628359691216
0.230057203108317
0.223901485753296
0.209833525396647
0.234624381875625
0.235297412241445
0.246633984506704
0.265969176461039
0.268935715189149
0.271385045655915
0.258314341423517
0.261427986844006
0.262761820534405
0.2658852569054
0.274370589075481
0.259957002888899
0.272114376501303
0.285137223983027
0.269778657484655
0.268930204918122
0.285597768867278
0.303497170177327
0.293333116389161
0.275021633360546
0.277561313864536
0.277605483430703
0.251571619066103
0.262391117040319
0.277837455860793
0.288118340516156
0.285473705432165
0.312563860401317
0.312544043833805
0.272573901380825
0.25393944430173
0.26384229983729
0.286094847530715
0.291092171359458
0.266818056455319
0.262962720411694
0.259529350381302
0.251759797014035
0.247496368180512
0.274551438351276
0.2787333976902
0.275759588913388
0.273539536788459
0.269067619455105
0.263026442066903
0.260934206142154
0.213290961144512
0.223318588843894
0.231893340503901
0.24772778990416
0.229013625138686
0.240244042939146
0.252600833875219
0.237216197767703
0.268987334582345
0.286462469178144
0.280891980004687
0.265614315719007
0.252085596227827
0.285885063133951
0.263107911983647
0.278077980451507
0.297517914977585
0.277001362184279
0.284202518801222
0.294208320658995
0.263297136515806
0.268958387400291
0.271431921271006
0.238894326769515
0.251727976282549
0.256376599996989
0.248381785396473
0.229640943422263
0.233109223275755
0.259478307201182
0.252361310078015
0.266307627374679
0.276907274651311
0.268750973285387
0.290331073363969
0.295967169844455
0.284703458311126
0.294470597929856
0.241482358842666
0.230627083295964
0.215132805279052
0.232498209855419
0.223947640649367
0.231009165480372
0.231355844207965
0.23964954636717
0.242770542499917
0.246427015520558
0.251715118065013
0.262735140146788
0.266311265919153
0.256502198763712
0.235768945935093
0.230314131685364
0.222783792581197
0.202846530461792
0.209820953186883
0.204898444593062
0.190620972961585
0.190418803825763
0.196222738709268
0.200056922180105
0.184260360557905
0.193117582009713
0.189763382797259
0.173413645174884
0.177846938286994
0.193376885527752
0.199483169957258
0.193587918896117
0.198068277212451
0.180518130487406
0.171680011256779
0.174485548095525
0.151439804278159
0.166252217770559
0.166255709198837
0.181652247611181
0.174680524037206
0.161993269552766
0.181703169161153
0.193989307975922
0.194051016005319
0.217082475805582
0.245861664835605
0.209719358185173
0.211703975838009
0.215353859418336
0.218754110925173
0.205571478776244
0.222641045763433
0.242773718836015
0.231302110055523
0.248807675682872
0.255078284795798
0.290305981703729
0.31717359542893
0.301356336777584
0.33211815120384
0.346436266701042
0.369499641599779
0.377680494947068
0.34402125792231
0.336634091530954
0.333163784057108
0.327156040850858
0.331851829920409
0.333792035392287
0.339696965861149
0.339304798645035
0.325698184067927
0.309632695382115
0.314838932827881
0.276880409949938
0.27080210553756
0.27895491079288
0.287714381649803
0.28674736280597
0.292463410171909
0.295586038172163
0.27377896100185
0.269540503461479
0.237403020768666
0.250495528171518
0.259319502021653
0.253334166771052
0.267810460711985
0.269866985327396
0.280893418403718
0.245279655399962
0.228883113584576
0.227405067806089
0.244191261907131
0.231559776687559
0.226701117555985
0.238906025321511
0.232984407145288
0.232963287658438
0.227863796860532
0.260050570060471
0.281645128673948
0.290150084998438
0.280261988104127
0.261145665841752
0.255109241194057
0.253662097731712
0.286210729585471
0.298693052131104
0.313598839622205
0.291292644453713
0.290486575177623
0.290995669813609
0.284341522186081
0.276491280472475
0.264938595601697
0.262906525694478
0.307105683865177
0.319305762282098
0.344865595725841
0.330752377487115
0.36668834945553
0.344663792313476
0.331271619526948
0.293738791831756
0.277114598091898
0.264542722072919
0.270712537052346
0.295505335890969
0.298492291125345
0.313007901928145
0.344638955257253
0.322863372678315
0.327649933383771
0.324550910023748
0.294305535369587
0.262230389371583
0.287610146401498
0.246187303597466
0.256302753491157
0.265843282499049
0.282726101399265
0.271002747325558
0.235268449080615
0.233176122431483
0.236855476957042
0.239926449137383
0.253240187818414
0.243480426280552
0.236484651453569
0.22929205790975
0.252468124770503
0.294770373025478
0.311907450567475
0.29627412911253
0.295269937267613
0.300792866677207
0.332193174208953
0.36011580645769
0.352401534442333
0.363753053161253
0.41105479831459
0.416476122703091
0.403144765337703
0.366090896542182
0.327470691356437
0.326458160579026
0.316377282777343
0.291949099198624
0.275490567250763
0.261073219762665
0.271688066550636
0.282146570469637
0.298198724053075
0.316304279641074
0.305576227606788
0.286962157389032
0.298124061865345
0.288211676354173
0.279800895140587
0.273086164399972
0.222233135890921
0.220988273313946
0.220437187601489
0.195678438739916
0.215998755709093
0.24029169169592
0.221295288935996
0.237653375806213
0.245973826346542
0.256844886224372
0.275369098395079
0.272268277355479
0.263434640721081
0.28000123014739
0.234270561079053
0.237817782757524
0.254861846587694
0.260721764895929
0.223804398137117
0.228179679411044
0.21230712319644
0.222578659259802
0.214007188648194
0.22208845633894
0.236497045457493
0.234651022195956
0.236634760545427
0.221953193371684
0.211261313127495
0.196784555645296
0.181875177157325
0.161807165682343
0.1606810406708
0.15890070105131
0.169038193173144
0.184890059196051
0.18448858685484
0.182598582006735
0.192494006784836
0.175462051583355
0.1974874115604
0.209992344633112
0.220925574839374
0.232142181730318
0.230148835533103
0.251799462609114
0.307700348508239
0.299504637543404
0.286562628134096
0.257873388349635
0.239159780127246
0.254715626810572
0.250405958148492
0.227055525940061
0.237345695161712
0.249480451455547
0.218363931507948
0.236492734163436
0.210118371344793
0.201161629894608
0.180048100252761
0.181183032182266
0.184209755561519
0.19009861205959
0.178673740461238
0.18464993325718
0.169858659722928
0.167606200123694
0.175375848060069
0.177914931567116
0.166974470383193
0.153229079359093
0.149721110358887
0.151336584305177
0.187057395215402
0.212595371426457
0.21818976401848
0.205977766429359
0.234826798373692
0.244867830377794
0.224656504284339
0.229355583783199
0.236778024180335
0.228982703347412
0.29407263542444
0.293943021087533
0.287677829272919
0.261633618266411
0.287869954569655
0.268894233435864
0.260112837704785
0.244351866707939
0.228386243649336
0.233051922878116
0.254817038097466
0.24304892336849
0.250749625302043
0.24213134790433
0.234262211019058
0.256422511432493
0.231409718397639
0.240898967957404
0.235547390428417
0.226805771968079
0.217859785980308
0.23541968076932
0.247834054021568
0.257207507999252
0.260097505357896
0.234546681135729
0.22504666189995
0.221560790389696
0.217430070551482
0.215723950069747
0.233390900202575
0.265741094060998
0.267446875535641
0.258091770147922
0.264723215022377
0.293248485768449
0.270014025386713
0.272523058784411
0.257007573133424
0.272874530727743
0.254472752459455
0.244458881730879
0.267108354255405
0.280544769738657
0.304900525282319
0.334102419032379
0.281117465743805
0.280924352020959
0.276147460868343
0.285102207729778
0.298313085012881
0.270727165649396
0.273485137872458
0.267578293690599
0.258688215893071
0.236571366431168
0.243155490311622
0.280244235789069
0.291939418167346
0.303671400075926
0.264774045140372
0.287251848477139
0.324004967595698
0.324818193667965
0.284281661992278
0.271945433344737
0.265756091035249
0.279855279709884
0.296431532911641
0.261080913046543
0.250788807205287
0.26945830935033
0.250977248885753
0.234498629810987
0.232480375273962
0.222212744790695
0.243176611854922
0.232618593951823
0.24492038068728
0.258818313514354
0.238413323438297
0.270903137278115
0.293471524867822
0.298339175650486
0.269665305901456
0.277236323149702
0.280346497431611
0.296271850335669
0.27222625750171
0.285384597420099
0.297912388326081
0.270826760883352
0.266105562163601
0.261706107372763
0.258706075270595
0.257503754601597
0.252924999021403
0.238939356938805
0.254785917589942
0.278296222760511
0.295929873342128
0.290358707670048
0.28366016038664
0.249564988645421
0.276099175634
0.272733227138851
0.25860795843795
0.301361265796112
0.286939797696791
0.279283141786803
0.314010144467882
0.300543793354057
0.293149510002055
0.297690377113284
0.305155631813141
0.27894086819114
0.259087319878466
0.249038985945573
0.237166446181744
0.251063291487388
0.23010111297126
0.23953865412953
0.254608366419345
0.265943870748282
0.253543244865569
0.267341289422611
0.28078023775803
0.255768798227712
0.246918375156785
0.24848443805666
0.255673073701929
0.246458235186505
0.233087600509713
0.199943760339475
0.186878412970675
0.189520547675345
0.192997547012337
0.194685143094744
0.173815093450584
0.167538766088252
0.16200744074025
0.173072863161366
0.174864939609428
0.165132166847441
0.169343105098114
0.16255793906085
0.169662477296856
0.199100120489407
0.191564230916449
0.214764192218786
0.217689473371605
0.213199154713639
0.209323285472571
0.192449383010876
0.178894438937358
0.177613766206491
0.192924826469792
0.1991806166061
0.210681973848882
0.233940325509123
0.220326985789241
0.216331534579815
0.233254248644639
0.235087771435495
0.244546865266248
0.275776859518919
0.31894013992259
0.301487842596768
0.277508850633969
0.308540329826588
0.304827890767728
0.285803544158386
0.285565832395597
0.256390546032627
0.25917022573158
0.252457770014129
0.267812383782097
0.268848695644486
0.265978820520623
0.24872252065511
0.230140672022539
0.22825933876706
0.222563687476608
0.230922071600699
0.258706409456526
0.298568170342748
0.295181454834039
0.316608187734706
0.313660247939978
0.293360305084773
0.28137327986254
0.281517142913542
0.293701906084946
0.309823451868299
0.29814415179046
0.332981973046367
0.317891442955242
0.26962272173563
0.298273010008948
0.292571163446577
0.330866522113443
0.340252368224151
0.317295706377327
0.305631154762824
0.302451234724557
0.30128205787943
0.285658527778091
0.280970200421954
0.269226741370709
0.297441617700448
0.290105586166053
0.29285209523627
0.28284716465791
0.263286807710396
0.26547197991728
0.292500722247212
0.268102958517053
0.287227217765798
0.266181214065902
0.288165513517423
0.300797054154012
0.264013416698136
0.26213674178661
0.245195338110517
0.238562651655003
0.251574336088418
0.240789790113673
0.216798770800407
0.195444848793345
0.177158185972923
0.181112289719668
0.172917525415866
0.193674162467519
0.181862554858855
0.181914391152494
0.181433962281659
0.17738087338166
0.177304579327592
0.159619296273576
0.158736315562986
0.161461848913469
0.162021453211594
0.162309828115271
0.176726930660531
0.184408891751569
0.178926298649271
0.187570618332077
0.177586899375085
0.193658212120144
0.188868977650697
0.19826944998598
0.200985910809871
0.206912437093652
0.218112565226558
0.253036757363756
0.26130474774054
0.24676344183791
0.275819197072674
0.275489831936841
0.289700579371945
0.260448302322512
0.245218157513434
0.258662043511385
0.25797197024407
0.265406753545381
0.246491503733524
0.258002867727814
0.252121566424831
0.238016302103271
0.245887322567972
0.243106166993639
0.247286688525837
0.268657161822341
0.291648969088405
0.283050129102579
0.289267082381363
0.266438420764291
0.257568616096699
0.249974857060675
0.273986718964805
0.257338995504671
0.230990540518004
0.233714710547453
0.234824113844679
0.252491771008622
0.260880312967347
0.220414816756028
0.20804974562569
0.21256968930752
0.174014047950566
0.195672579783315
0.196525504360988
0.207372465048683
0.196252881194686
0.233911544163113
0.244006137708699
0.245150544188499
0.253972268125834
0.285839686749537
0.284737958755109
0.283928480947617
0.269531428548058
0.257405751853247
0.254514012643433
0.254331598686952
0.292492170841836
0.283298528029253
0.252006167972168
0.229625934086595
0.238050487288459
0.21364470962649
0.194747369926746
0.201649210875843
0.177004436294971
0.183907599971875
0.178025084051461
0.173558177486789
0.177758548569276
0.177408840139486
0.185942916984112
0.174164226456627
0.182026949565893
0.187449346344264
0.220124072510316
0.216851818137649
0.211914468714055
0.189598254170834
0.202401976409327
0.206159884725722
0.223090641234766
0.217947441375652
0.221073966904864
0.223300231254889
0.229098302724693
0.212325269289319
0.22062248289136
0.200488134811945
0.180199501395639
0.189015521321214
0.189172097558877
0.193680082636157
0.201321260282487
0.203632941709033
0.200988953330827
0.191528229844293
0.220457637871473
0.228411172557528
0.2258464998343
0.219670387463647
0.230534448213674
0.198171300618273
0.204854832940848
0.211105330069379
0.20271165914599
0.208862654634197
0.194815266787522
0.177985489573085
0.211262661339895
0.227260857891467
0.237998202766384
0.256549204387526
0.256335475985798
0.257591107538168
0.251418507519277
0.267013960311248
0.245650717513089
0.250807183604128
0.251601107094612
0.26480277856086
0.25029799118428
0.268727206995133
0.247762769896706
0.277314373520184
0.28244115426759
0.29642035930963
0.290968413952225
0.308566364831575
0.300633301186491
0.270782932563025
0.248966017402181
0.257685864502515
0.253900625957626
0.26949615509859
0.296549796005418
0.269300112496831
0.280334224712615
0.302572266325401
0.308128218741043
0.274579789761231
0.307743727751846
0.267357544588925
0.262440255608149
0.250852191532359
0.251283240521938
0.220041230372376
0.205748627733423
0.202417457316543
0.206590146527635
0.204336165181563
0.252848197466319
0.266395838968403
0.222234711608598
0.220505872708755
0.247619423967353
0.261879153537705
0.284481088470687
0.300740209920232
0.291999813799273
0.277097893178458
0.305219725541403
0.313572052853447
0.307792114188919
0.312582221397113
0.305995462039984
0.308484681379082
0.316965166056486
0.333943793671767
0.306075203473874
0.291219795849585
0.290039080726415
0.288218257431089
0.268976656885169
0.255445831598408
0.242397365715663
0.231813648252173
0.217197907980272
0.219669410368447
0.215591465036235
0.241053055881011
0.252577355008626
0.284073823241006
0.280933727076398
0.263762508042189
0.276095928975259
0.28158258369681
0.304220368157111
0.331875413884378
0.424993871606573
0.396398523403693
0.330260284975684
0.314087849524969
0.289216428552308
0.278764900924488
0.283564105110479
0.276235693769612
0.279717706625745
0.279582258498472
0.240513000868111
0.25885842608174
0.270450044581936
0.270832700540619
0.261269263921749
0.260692233568001
0.246824425985827
0.230871711421527
0.255821347025189
0.224842316311094
0.238704284301822
0.209229253762595
0.209394437958371
0.194335288468768
0.183730389126173
0.187989513492146
0.205920594487541
0.210670138976901
0.228022391329978
0.248549595260463
0.249938391928425
0.237995531811218
0.23711391966386
0.237177437421302
0.232513453765465
0.230217686410249
0.212269125954622
0.219681138459835
0.220453490393458
0.249477657547644
0.258730435574356
0.240540935676738
0.221269487405587
0.197194769642894
0.198696577813359
0.211242062055963
0.198121968186476
0.198305924543524
0.208019678787543
0.198391234400409
0.187062130446863
0.20354849890382
0.196560159793526
0.205456428488604
0.210868893216383
0.204567080833144
0.212462208157239
0.198305502951267
0.195507066069841
0.217593351688049
0.227132442511311
0.206869834346883
0.224438706926565
0.249370086488636
0.242011682783957
0.242008119764499
0.253532037429711
0.259927901053741
0.260860246426503
0.26158093986694
0.259039319552379
0.253767898047878
0.302832856290482
0.3120986280572
0.280125761906236
0.262160640474847
0.254019575808356
0.269468107393598
0.264240613267827
0.283255107951565
0.271844430253437
0.24789127131491
0.266660803093021
0.264111273077036
0.268301799565753
0.247509320672731
0.231327708727106
0.201510357718182
0.197407165417306
0.209308722182978
0.200736606058199
0.209919260216814
0.213559062293903
0.219693441733225
0.223601326165304
0.218024793393358
0.219213648578392
0.216804442017066
0.214065942127686
0.22943973713761
0.224951764229552
0.220242667644765
0.226204794610906
0.228633238876723
0.269597020905861
0.283314518661423
0.288323201835646
0.285984454899564
0.270959031932334
0.288479912952587
0.275610233137302
0.298911820001646
0.276796420900852
0.261338228362016
0.261372054895348
0.264510417260372
0.27222670657595
0.238999352773866
0.262753964343271
0.272797559933876
0.26090955527133
0.263681902649454
0.262424623869755
0.230867156989946
0.217572416044986
0.208838703434564
0.205661646185929
0.219533081031073
0.228930599033305
0.245625090451561
0.263071882987912
0.238047577239315
0.242707331922023
0.23752359518094
0.243310620302032
0.242773892092506
0.264558319627737
0.244035643291755
0.236902633623392
0.25296866371491
0.241863113800296
0.224234162370498
0.220311469641305
0.221032842617191
0.198860056940133
0.208344403270212
0.216083543708888
0.240312440030623
0.218077886653925
0.222058021102324
0.223081791502945
0.226377344669867
0.23463872983433
0.242727580798612
0.269321661088895
0.296985197934683
0.302970952735335
0.309225329850258
0.306247681660263
0.309581416228481
0.340198967941536
0.346538315655427
0.323652125584658
0.320776881626784
0.296693542580775
0.304271315803664
0.300295221603056
0.300343114929184
0.326190945712727
0.330115479248676
0.283261523137761
0.28281256042342
0.264197875598186
0.301594668458098
0.278682842476542
0.312435792626674
0.334154226860419
0.367190227455969
0.345485586523912
0.308066273267292
0.328302165029597
0.292885094268516
0.256863194544893
0.264209376001461
0.247787856424615
0.275148280404881
0.32515617776017
0.324820821717839
0.333590452881652
0.323185630549685
0.307142309327139
0.305778521731948
0.31765735956543
0.294547834068278
0.321518755719836
0.330741435996925
0.315666178929521
0.303276190576049
0.293928454772193
0.297214577639517
0.26976078724411
0.293197764323341
0.311907728008484
0.333681645665489
0.338190153339474
0.333425960286556
0.342747224982745
0.330167880332731
0.32752292085526
0.31859215133482
0.323495174537329
0.322726473664242
0.277986681988168
0.302118234930575
0.321481032738281
0.302195297026922
0.314218684128572
0.290550533293016
0.26156662441617
0.234351701007391
0.22716724260411
0.236217274217758
0.236567142690715
0.211701425164741
0.210294109787804
0.21014633210627
0.199633398180734
0.201741031681717
0.197354919962037
0.206678952669653
0.198587217084791
0.187802586217495
0.197139732975648
0.185553800599551
0.177269119276702
0.172809873001801
0.172857540932854
0.173287141822341
0.164938972424961
0.166933060425047
0.167356858806023
0.163253035848438
0.173328532600485
0.179005650682573
0.172875840257691
0.186095932014059
0.14940672246426
0.182277837346269
0.191755530017187
0.1864092543255
0.191470229062728
0.210013059044477
0.224837453654231
0.212468520662642
0.227199168215847
0.195806061325818
0.190415966394869
0.18753775044725
0.179493587976072
0.170531521990525
0.167569624871891
0.169505454705168
0.163122275784819
0.193242856052615
0.204252752284503
0.204582521357556
0.218053139842986
0.216713529086605
0.21587814242589
0.21872694091628
0.216010937477978
0.227944620429306
0.210672346120127
0.224533639190843
0.239614303273767
0.250098637373903
0.224499392501816
0.226583178479045
0.211746597601171
0.203680311745001
0.211272541947274
0.211959643636179
0.173438967737503
0.160515561533281
0.158890409069898
0.157329336125445
0.165567453323441
0.18591346959285
0.197106155106
0.239610035040588
0.230501421662812
0.223933754209427
0.227119017814754
0.21026961989732
0.203659640972155
0.226409091731799
0.25423813427938
0.261276437292093
0.238316096131539
0.239754650983961
0.279803522336636
0.263416537972605
0.254392299979703
0.254247996719115
0.235864275484506
0.257581851629365
0.283529531815175
0.292015112257146
0.321973854711463
0.321154290141236
0.322313644684513
0.299281158543897
0.310537199759474
0.301099648714651
0.289389194049812
0.295481172029985
0.289192754606421
0.294270690830514
0.294456396224384
0.279462419061482
0.270132999083121
0.268997246389577
0.240893152682705
0.249764072706261
0.239858135811408
0.229687442070783
0.231630571182519
0.218084073416981
0.22805361326473
0.247838252916815
0.227919941479498
0.215351999221485
0.220854083517699
0.200473029288423
0.199594082334831
0.212346500578957
0.203877077767831
0.213493482466719
0.213703885246411
0.231023510442657
0.220371694494009
0.19404027794061
0.20734646126037
0.214164594670862
0.238279030359032
0.249555380916943
0.275856212918454
0.25683061936345
0.248611964145819
0.22024687725997
0.22689381087575
0.229877896698669
0.247215142152246
0.231332743148036
0.221646039298614
0.237758383213063
0.221224081233926
0.210702470559544
0.23163131841815
0.239218155640927
0.226429060907582
0.206768185590854
0.204499510759107
0.209055076752274
0.201877618969099
0.19304527322815
0.19769151319971
0.199290199298512
0.18797152038639
0.175220940102787
0.172020506768386
0.187104687025404
0.19650141519826
0.218976661260246
0.223548293634045
0.257342942001113
0.279589111517683
0.278858602525939
0.305665715787909
0.305603601536044
0.306844844927646
0.261998869632555
0.262320268749284
0.26450710781884
0.283289287461607
0.274385279699705
0.306460338080988
0.316475193142441
0.322903574532401
0.298457258620723
0.321641524889534
0.318216356307785
0.305311832671663
0.327432185875559
0.337627802631051
0.334660630931515
0.297522500026645
0.289514001544812
0.288433663027756
0.295787514997797
0.307540697841647
0.305414624881313
0.296986776875697
0.298676479166471
0.306782084256031
0.333478191116259
0.320371112057766
0.371124819257581
0.360248402417581
0.383995379673477
0.393586224307789
0.385452919369264
0.452112549699677
0.414392765721583
0.387093158382261
0.407043143899308
0.378765878841894
0.37946538041971
0.377365652739308
0.389677247281788
0.35191222808955
0.355483952356374
0.324939916658226
0.345876803637237
0.330485941886015
0.329725681086744
0.319591832168691
0.313263366882445
0.283773149011215
0.303666066091914
0.270169527716397
0.252214968450264
0.245436697360602
0.24006808812538
0.252955033535513
0.275841699666065
0.26636227599002
0.260233655059998
0.258395883866215
0.245110725825853
0.257336805783886
0.244790575737459
0.258075350443338
0.246868761809157
0.232425551361703
0.232749746714318
0.225200847819729
0.242249389657949
0.22252066982997
0.253660933452392
0.235476137854931
0.256751583474916
0.239435102840129
0.227596791395582
0.226296289703274
0.232009863963246
0.241652279991021
0.219956514570738
0.239034736776247
0.245789515129391
0.257604683337088
0.24746158738997
0.23222969410226
0.21676822515103
0.202875616761283
0.219656404272241
0.243880431374364
0.241712880398142
0.24952836979718
0.258671421009726
0.238054517408538
0.251730007101477
0.24008119815348
0.219638435544563
0.222546254725935
0.254547521056826
0.227385561658934
0.226910395119407
0.204224948624452
0.216556838304342
0.211236235141201
0.206723526527803
0.218399931978948
0.213922628300052
0.223806195694053
0.23630366614416
0.242302773886987
0.255945642352424
0.228075354874903
0.217100440678419
0.204025497390153
0.212091334979237
0.225741697030555
0.220282480728596
0.202529531530516
0.215888624767264
0.23732563032187
0.230694461871668
0.250958680839094
0.246091129665037
0.244526650941492
0.232859122190712
0.25512143101258
0.265510497310524
0.290220159330707
0.290772124796742
0.293072774154737
0.301719838225323
0.301865748617543
0.311488983478881
0.295835792638413
0.265928418316109
0.272302271879809
0.27502006545004
0.277731130385895
0.279443131131612
0.247053720561546
0.25032250337635
0.277156396684615
0.290301518404867
0.268615902597182
0.27918172429719
0.287520070473716
0.284009757983418
0.261437236248626
0.273251142870586
0.271213978195323
0.300673662436721
0.323310739686374
0.317557955437386
0.329383949747529
0.357250598201284
0.316259671169842
0.328040244079383
0.325778870835053
0.347377545078486
0.348037589040985
0.32034392628078
0.298412113076588
0.295957422861507
0.274616375144555
0.274119027531636
0.269945299121192
0.254283527534818
0.263925852378164
0.261638371828744
0.269675134072063
0.26607333525757
0.274895459685798
0.290833885238679
0.304797450810841
0.289459802280504
0.283232195761663
0.274933298828429
0.282342910802832
0.27429227205257
0.266955589410594
0.249621605216672
0.279073575257847
0.259182676030129
0.264076356672266
0.248995655264301
0.26341693566382
0.270923682948671
0.259035231611809
0.25997676587691
0.282919097065321
0.312976565698298
0.290560766407643
0.297253375473229
0.299516998089081
0.27641536085561
0.29574538892362
0.289701096537536
0.284540359954493
0.295530808806718
0.279819588200544
0.273623450930733
0.309950697312085
0.29362545018228
0.291025494443323
0.279381378259269
0.27212102625494
0.291008417991055
0.264699496533298
0.245856184657639
0.241661029795739
0.23771528994442
0.245579846981897
0.225500036476609
0.223120023274223
0.211304555900313
0.24061723187074
0.276757072409639
0.263396819079914
0.262707981780877
0.262639950822162
0.245988873805113
0.290118238457345
0.290537006933517
0.314060608041526
0.272166812097946
0.29711095553781
0.270170182973306
0.264474593580858
0.262075774670875
0.269927944605184
0.235879366258953
0.213231626323116
0.214575576363847
0.208840699288262
0.205618075456561
0.21574623880278
0.219407479769157
0.19637413423094
0.202608395065202
0.205296034313594
0.192578268522485
0.210471996909534
0.230385895340797
0.23381118058905
0.231185389592381
0.228442561933818
0.267924144802034
0.236796217876099
0.23073187973331
0.237566924034333
0.244663447869341
0.219569325824362
0.227695825338432
0.241448564867423
0.253787111196549
0.232751095579573
0.211350522972253
0.175773060013956
0.180389362979134
0.172005743640636
0.17742021660706
0.169873129528727
0.179244320503923
0.201095523913013
0.191811068026493
0.213362770025863
0.230627803332346
0.250946610416793
0.258850416953508
0.245485750928079
0.228934729825422
0.217394890596946
0.226380675241455
0.2213183027858
0.208949365896116
0.213139820017823
0.243515760643035
0.235754966272817
0.208955296502404
0.205487473479608
0.21542697373922
0.213065224250732
0.220438135483181
0.23742148610339
0.219050044149057
0.230363506576781
0.226271470263602
0.235991090480842
0.237636920796966
0.190049274058331
0.18249363621094
0.193421465833822
0.194118232327663
0.232222242347771
0.233898163705403
0.251344064891371
0.246840487033725
0.246629529784
0.257402993763161
0.270457449363955
0.25169739955677
0.250149713245739
0.257973257653377
0.255124739594065
0.278002586755267
0.281402226174624
0.261996004792101
0.261515292066787
0.277113051767834
0.315408940593271
0.336060484025672
0.339067223298548
0.342970036353008
0.343444216401113
0.315978199694894
0.309010911091044
0.290568354671802
0.266655948692259
0.290987060457124
0.254579771895727
0.227771519616679
0.236566898456737
0.246379186387924
0.255741433666185
0.259249166728667
0.240889808447421
0.263116280498839
0.264521989616655
0.252591618135307
0.25638362534923
0.245887072170306
0.253224717700266
0.23727839644819
0.241513807747481
0.233694637469967
0.243095682215228
0.262101561532489
0.251482024403926
0.263279148403876
0.24000983659996
0.251232546230603
0.25858483930629
0.232726035140951
0.23389509661899
0.276437404834792
0.259064787506496
0.242501310074281
0.226056532695477
0.210829639963322
0.216985694373937
0.223183941882897
0.197873291431537
0.206567027885807
0.212310502843631
0.216215695808082
0.236391074874045
0.234273465513583
0.240496630306325
0.229591211546511
0.243745071368686
0.257402976279794
0.255831397628674
0.249547725513197
0.24151830532962
0.219897298503663
0.213965474272546
0.193146628525073
0.189207431917543
0.182863569096146
0.202016259691459
0.201600262012987
0.200289499301615
0.196081497550135
0.197638444903893
0.194541396272974
0.205738640809795
0.216590851115902
0.206231606897622
0.204040020201623
0.192513331955577
0.193295315811162
0.213102048535107
0.209257404721981
0.233619881771054
0.264271883266396
0.266562759633592
0.270060527742946
0.270224451292692
0.292823547979605
0.279622694886238
0.26882536233765
0.268270603364825
0.260311762966591
0.292769083654044
0.282327797308632
0.27168797483063
0.299017071708043
0.277766623806107
0.275511707763224
0.298429578703632
0.33027083601685
0.321687065296301
0.354499741220171
0.390982957803833
0.41733300810997
0.372329492606851
0.341244923157614
0.354732428276565
0.319211699817505
0.328648611585842
0.298060332345919
0.326484176159515
0.325173176140182
0.302325429539471
0.290823117184981
0.294535695650985
0.332910663234627
0.303138790017044
0.318685716527912
0.255610550934049
0.242339182596095
0.231305132406966
0.222519300931209
0.211674542041854
0.206835524422282
0.230918392460153
0.2132793982351
0.197109399067047
0.218365109668488
0.236546974712213
0.207922635684548
0.201145074603683
0.199644114672152
0.210831667090101
0.222786109123771
0.237004263199167
0.263671139649425
0.252639410222562
0.252324223937116
0.223676393504054
0.22636845281717
0.229461446319118
0.230291631472842
0.248499609634287
0.219282961374297
0.236757257130078
0.241711644287437
0.219821462871141
0.238952156231169
0.240163520977062
0.282329078945509
0.295690402803483
0.270672359779466
0.284446113022262
0.323286795733199
0.307427164423084
0.299177179801721
0.293919153406367
0.306430334179309
0.280307809461152
0.308351950685198
0.269079726216205
0.278645671070044
0.284959843988968
0.238254407164253
0.213472272890277
0.216667137386641
0.205139820997031
0.236257552505251
0.241812630231487
0.239667505431895
0.239275360736309
0.228230568868189
0.209765367643796
0.235048866310989
0.247432821849463
0.264285484744138
0.260563333459047
0.253072003741267
0.251286000577086
0.246433502255439
0.235674083877127
0.231396116223298
0.232234877576748
0.230419834339909
0.239589531991777
0.243496742342362
0.22994776456545
0.222097518871166
0.226772385333335
0.241891959208236
0.230888605019854
0.227387761143049
0.224637673213089
0.232087784239167
0.229446786123287
0.212146944113522
0.225204898857716
0.225587283386674
0.221670643233097
0.217816555152947
0.222415259496022
0.240625748487822
0.220630548132517
0.20129049056962
0.190195002717707
0.179462367508283
0.211044101990386
0.18136468208039
0.19775111189639
0.191795525770439
0.187258963140864
0.188194433685155
0.189772864772462
0.19231697516114
0.200899742215933
0.1946557521491
0.189456550455647
0.182266196462425
0.19450630748438
0.195439968735441
0.20099720456884
0.194188589298485
0.201623156578652
0.191538706716435
0.181618505184999
0.197590058941115
0.175610926217655
0.176280589570934
0.169677328858635
0.172599826932658
0.200097671360495
0.188804424482983
0.218683573372718
0.217489208069527
0.239962689252696
0.250489035128364
0.251573010552657
0.27426245863618
0.231279436504408
0.221697469310597
0.2120321487918
0.22488647671244
0.215494095792682
0.201112560293469
0.195891056382861
0.221662895345746
0.217428749876497
0.190316223033809
0.201585881674549
0.214708669083504
0.223144380581273
0.222696792416294
0.22450824399356
0.224738449159057
0.221242418432299
0.228893550207822
0.219210629181835
0.225446036366864
0.262744867250656
0.25570179708481
0.236060040787154
0.245112437871858
0.256445362929967
0.261282234712414
0.287908643817772
0.291656845889906
0.275843144023748
0.266386969564852
0.246961094554055
0.279686141661698
0.307545791265913
0.28636286904847
0.304759251139776
0.311486850211519
0.283271391306591
0.287551190293401
0.258951054741322
0.269128113882741
0.252617004990895
0.282610745036236
0.271535274263432
0.274660150557467
0.301472151202574
0.283703900259826
0.279334190412424
0.30060697465263
0.275055900866245
0.25717304452618
0.265763997565219
0.250077345930662
0.23029058254795
0.240225471973102
0.234304991739518
0.223581977335481
0.233812386873802
0.258068896958187
0.261255011553293
0.288904599923609
0.329320848542033
0.319563012134822
0.339984608898663
0.348155132270988
0.353155902060557
0.354419976566743
0.36532375307139
0.366682826886357
0.323798761104507
0.359585753780762
0.331913937601375
0.364495451153934
0.415646066846749
0.46137348138101
0.430939203995041
0.383882424223183
0.382294722753437
0.36888769793034
0.350649244066938
0.334225584270373
0.346758115020349
0.348050015617277
0.330493420861095
0.363038842039741
0.328932974152844
0.331638657435182
0.299490741185787
0.278383120852227
0.266708515802474
0.267441963265617
0.238454666959012
0.257357545934807
0.309952701620219
0.301533614368504
0.30143393235386
0.324900817137314
0.337493990176023
0.354634091324947
0.373269344168203
0.368267214674602
0.385516930886729
0.404114896345112
0.391253877624679
0.361139127992795
0.377937241004098
0.404798716674642
0.381387690941343
0.39124889473131
0.444999964185979
0.403596241115822
0.395517312752641
0.400410257227635
0.378017543806718
0.360331177696889
0.371209040432829
0.336847631540506
0.337381169188802
0.326664252221763
0.298432833022447
0.285462078368647
0.297474175421995
0.285775421775074
0.27784805404241
0.28884940065106
0.300653204255092
0.307115547314508
0.324515346308522
0.291315559907724
0.31957972037028
0.35328010116746
0.316645113839513
0.322544539538042
0.31937958374774
0.315985757823629
0.30101170590013
0.300620904881183
0.306939909494354
0.30070384502209
0.284318906676542
0.296454691067621
0.280114289708204
0.291220644614871
0.230765165161052
0.236543926144807
0.236542914502134
0.201862014355526
0.20170763432285
0.204623493748977
0.206978766737157
0.206816871319155
0.205170668177007
0.237598733983471
0.260057921134882
0.252496776409496
0.273043854940291
0.274740952169698
0.278940520203621
0.277586754808365
0.267965520863391
0.284488366843203
0.235099385174928
0.232243496733056
0.215873890735281
0.211525823303495
0.219220764910047
0.232657593972494
0.277404080735522
0.290171215321238
0.294015679553798
0.301636664369293
0.311116880453785
0.342431026345484
0.307841040999821
0.323229546242646
0.306301527348016
0.303715916014031
0.287464004076571
0.306003270268468
0.339181092280444
0.335397792001611
0.306678336580536
0.328851811661117
0.346619935839747
0.381202412884259
0.379055899218142
0.378708862248188
0.363320889673902
0.378368409437473
0.354508451685851
0.348947424465247
0.352041138314628
0.339694263907454
0.345037612536377
0.350986515933961
0.321980222673202
0.324073189562448
0.304096874443587
0.288318451945786
0.305905635999235
0.299514848570835
0.270694106482395
0.286250866198822
0.280572726756146
0.235948565476881
0.240324848529899
0.235779917390387
0.219346090646308
0.234544393634196
0.247461453560929
0.254445896696631
0.21849433423864
0.220441408789071
0.243313660544449
0.230436984643535
0.224028885972273
0.222389121201594
0.222752363186243
0.205089457483884
0.205426257601841
0.224250932698833
0.230836485941898
0.227712685356798
0.258332503631292
0.240325304986074
0.249871473529759
0.239960364835458
0.268996368684325
0.255296067930484
0.267853898756648
0.258755089664644
0.223337623794259
0.206121706760307
0.204325531569503
0.18649817778739
0.176532170516665
0.176597422007517
0.17956970066445
0.18142846191544
0.175627313990717
0.166617385198898
0.165049964658192
0.161903967696993
0.171268027342815
0.159045321172141
0.166793878039152
0.189922920559297
0.190999406953898
0.210385284407631
0.231803321833013
0.218597459906376
0.220115620812223
0.231264543598799
0.228424486177702
0.216833050183542
0.219756748633018
0.217594844218119
0.201964144938401
0.217539837337762
0.227747859743105
0.234485605519715
0.221566425126552
0.22125514892565
0.238222225788063
0.245461890876444
0.231405990057644
0.234147175511869
0.225046234901114
0.208950111104562
0.217269316738599
0.247257455088461
0.262417826438216
0.254304542666657
0.251162747854905
0.251312789423839
0.232343441835477
0.236787997437292
0.243651846052701
0.240483910229247
0.240021996111306
0.266788661282144
0.26893750260011
0.255581271398958
0.247105021100157
0.246546675049811
0.256156258736549
0.250579306304763
0.262207245175553
0.257181724566706
0.255968994093161
0.251253178474502
0.252320014043779
0.276207304549226
0.300610894690886
0.310058134120067
0.320614719125484
0.293499459770961
0.298587181593561
0.295888236407404
0.282686305378938
0.289020050744614
0.292524001458238
0.274594584852971
0.268643351315383
0.287410411822182
0.300279970866853
0.328598155242284
0.343486037054451
0.33467536489036
0.301351216609325
0.254409095665771
0.247927846183156
0.263028609609919
0.281495833887948
0.287093990646054
0.273574610613711
0.263630152028113
0.281444260519749
0.271390107922946
0.27808919939132
0.311315720328862
0.349037796572853
0.312238008740791
0.295208598601606
0.270129846900287
0.267944543954869
0.267078117531844
0.261988156806629
0.277568661969095
0.263051832709298
0.251193953632819
0.284482252431057
0.25829305325481
0.276810548915741
0.299987938595195
0.294935652540255
0.259504507089092
0.230143848335936
0.227063677145949
0.216049025236517
0.238864944613894
0.258985567276317
0.258641862722839
0.26781850771618
0.262740148564459
0.251121369685324
0.250107647028293
0.238680026438347
0.259534964558422
0.260564031876593
0.268162539369127
0.261805265712238
0.263366302480967
0.259743151914368
0.225119536666377
0.221336930824028
0.2207430591874
0.199905981046952
0.207457662679886
0.252556132384089
0.241715772236982
0.235686242916369
0.256240764721885
0.235797303613899
0.205261063596217
0.209165809254342
0.217980532744774
0.213073533724479
0.200468725977472
0.215903560589781
0.201451215864033
0.225245505629376
0.22271102153991
0.22632506099559
0.222309698726724
0.244289137358215
0.234079737711532
0.235929318184118
0.236883940305367
0.242301510867782
0.235041107952075
0.209276517190532
0.238691085868218
0.258854786828789
0.229970188319738
0.233773989905728
0.23778390972132
0.255851909739881
0.245750350888982
0.273578382554249
0.264131307623376
0.290167362060338
0.299033880752208
0.313811968402469
0.300551484720729
0.300360493914829
0.284969078483494
0.256095033288305
0.26131714593602
0.233435296539382
0.222552498128455
0.216188466356491
0.199605830003474
0.199118371618626
0.220424306250857
0.213306241341887
0.223653481592993
0.226716773721645
0.236234682840809
0.199038511728721
0.205825718374117
0.218246475128675
0.249182728128669
0.248105952270975
0.22602315484628
0.224289026201007
0.208517529882833
0.196276438454651
0.180246182290715
0.172855818098322
0.190574138873144
0.198914877722047
0.200746616690491
0.189567215033789
0.17982458189085
0.174784366511819
0.177804500011175
0.183487830183037
0.181681104378667
0.195786086561845
0.19622177972222
0.203179927151497
0.225008677609811
0.198779187823639
0.208016516564619
0.18515182967177
0.18885742071584
0.165499039373937
0.166651340529962
0.157398035754251
0.164547429039242
0.188309046605426
0.202994270304334
0.206573616457041
0.212980166223362
0.226333295389359
0.215331580817972
0.22303389679038
0.23824328019593
0.227737813907616
0.2183950250908
0.249150747759842
0.224038653173297
0.215803653980308
0.229493024618233
0.220561943518885
0.232391302353378
0.240485947619862
0.216716432186242
0.221649823193269
0.239253336044663
0.242533393147187
0.256596292478566
0.242979412494645
0.217708530867918
0.21297175706482
0.198288385215154
0.181152941046546
0.194325526223217
0.201091689982547
0.203940743387699
0.195864484824462
0.186224808026832
0.200363747322362
0.189310634058146
0.200291063447448
0.187647784650757
0.20095628253735
0.197007602084035
0.211691124485948
0.193105752943787
0.192987446977736
0.220295527954296
0.192414231042317
0.191962915116694
0.194433738466124
0.194626868759008
0.175648643514509
0.192825636460069
0.208452876629535
0.209224739182324
0.201209028512299
0.186270797066682
0.189691315016921
0.188960981205589
0.191155482957656
0.197365754864182
0.16898073897564
0.178135922336558
0.192125237975266
0.173143112806737
0.187264299010423
0.212740761091018
0.216836799174783
0.228868145923906
0.239813212261884
0.207074541204568
0.187590028473388
0.179307676934647
0.168897246574433
0.184262726266523
0.180854623250076
0.182895959773206
0.189041953375179
0.205850988088747
0.217530730072991
0.198897711583692
0.186430484028622
0.19835541360178
0.189645201597297
0.172612264497432
0.188898141491511
0.19694524061394
0.213884578500018
0.207243957745288
0.20287611097038
0.20659677346515
0.215733272111866
0.220776356561455
0.252692809218494
0.288308947151855
0.266434670878052
0.319517633248716
0.292986970418112
0.320527785726818
0.336327893526167
0.314811470885104
0.304208044598636
0.325668035203814
0.343634685367649
0.302126558969548
0.293768352196089
0.271306658660254
0.234367892115381
0.242523509145419
0.240878537848773
0.225527911409553
0.212078939862295
0.224102564260858
0.217112958593852
0.22579199950263
0.217074503405611
0.20905630700853
0.202979952354767
0.20827718734663
0.209434407765261
0.18913608835072
0.192906070685574
0.206011076095296
0.201880949867697
0.213681393628329
0.213246528468802
0.226017513562607
0.225690878463727
0.215356997728583
0.208811668427592
0.220088456312139
0.221666374164509
0.225453937127758
0.220219395869591
0.210086469690053
0.214285272641608
0.223283088589836
0.249442201476411
0.264724649948414
0.273009230113366
0.285013235609773
0.274825531114818
0.281863042662634
0.274921337775916
0.280180042368082
0.291951106163444
0.282645030525349
0.256131218313324
0.2644572634199
0.279566930066857
0.288108652095382
0.303226657602918
0.299624123389453
0.274320284887352
0.287539452462671
0.318747172402431
0.353177861183876
0.34053731766998
0.349168133669746
0.354048476497015
0.338737561811783
0.285033261349402
0.300773308383409
0.295512032137291
0.289188436500072
0.283943064208679
0.287075723550102
0.284638969459859
0.279479683579761
0.287711739387323
0.277632225212074
0.269595913746713
0.261195493113755
0.243284030090349
0.226428928046312
0.222221246920405
0.227278334301158
0.21770985652434
0.205899349989339
0.203639121928499
0.212003534805457
0.212976960614579
0.214890811275451
0.217163751117659
0.222174106996998
0.23118159450231
0.223788474698997
0.253786438957702
0.22251156321301
0.239066133781958
0.238009312396871
0.238121417688126
0.243473781467045
0.217823400068298
0.225134906760876
0.223116259900341
0.205093156504352
0.213311489919726
0.237083256982516
0.235813714335144
0.228950206014666
0.249521187977054
0.279288499347903
0.253200347522689
0.286940395790267
0.284199356084834
0.272222864497186
0.262517422834787
0.237810736383788
0.229877477158997
0.208909545015665
0.223100764203021
0.218367126022131
0.245257066408937
0.246492166466051
0.244971420705555
0.247493909988482
0.260643265482963
0.251410810823705
0.272253886145222
0.272359785597601
0.247739533786569
0.262600716271328
0.244320298653744
0.23550428096892
0.225873271030497
0.231886239111729
0.239121966843364
0.230479986281515
0.211416548332844
0.210569321120599
0.203422202994434
0.220229806774328
0.209936799970335
0.243131400614756
0.261417396367399
0.268888725942392
0.263643981447037
0.268676023018846
0.277381711493594
0.27712556646044
0.239357445271235
0.231362589169213
0.241634662930931
0.227383184436577
0.230514727266191
0.239294146793018
0.250566372448736
0.253987712901324
0.262327344735261
0.271754076126418
0.323773933852062
0.339269037414383
0.332964239449317
0.368760731675309
0.313717968679374
0.305244937170405
0.333624309188751
0.309139658746966
0.265672718490387
0.238278500489598
0.232861900493377
0.255856215211009
0.248617529456037
0.220222007031814
0.212916713566825
0.18515907067483
0.184954007250828
0.171934703777973
0.148810676003291
0.157335561715528
0.166803062040132
0.158485381308565
0.167922378879497
0.189671519793018
0.199749172148821
0.204410053965235
0.174706266901121
0.191048154088414
0.201541532353026
0.198637705560642
0.210737331048923
0.180504652116578
0.220939015056688
0.230551933831886
0.233882629673245
0.229052819490775
0.261313821774605
0.286601465903765
0.303523545342086
0.284350325289616
0.296877749709317
0.322386445952933
0.298288830912539
0.30411839080943
0.266729796693993
0.289789876687293
0.31870390154721
0.296482713537186
0.279741943076236
0.258441409889857
0.242938956793395
0.237143480122894
0.265986329767128
0.256352190240957
0.268611195552307
0.283015006172025
0.248143782263061
0.239614299486069
0.262486019115193
0.258804935000289
0.257049165854761
0.262863673483882
0.292029903337538
0.312140230956166
0.298714043183188
0.284131825797644
0.267672733803869
0.276045044852465
0.258596448574434
0.259179815027822
0.23450218333079
0.240643399360063
0.246578330450336
0.233386981825764
0.241795195923103
0.231269642316231
0.226377402667014
0.227466901478598
0.262990649637974
0.269861651755483
0.283332751646392
0.272078349207471
0.284438046449158
0.249351451487324
0.258365386584631
0.266234764411769
0.253698494121812
0.252882356170043
0.292782683454114
0.250206294043543
0.234753216125277
0.244791369855926
0.252337022520006
0.240314716612474
0.247496910476833
0.260636039947901
0.281144269737736
0.287344188412696
0.289026896634714
0.289856716391818
0.274189231458594
0.288621350837557
0.28797584881648
0.277743672707646
0.296678201521582
0.266245814604207
0.272735097862847
0.269436974434731
0.274132506777056
0.29514357874813
0.252655817979396
0.266393961677944
0.271839039911003
0.241775782727132
0.220626050029595
0.214331615015431
0.219287391493543
0.209318242552194
0.184997636758395
0.191552481130603
0.189027905445011
0.183971176411238
0.197730360823841
0.179834533503761
0.184266896504387
0.194978392665886
0.208342677585511
0.190645083685854
0.213355398257096
0.204971821947901
0.196808996049989
0.198697147892998
0.194599394042128
0.199753635552152
0.207334738276106
0.207971840483581
0.200802966890099
0.209356436406001
0.202315391850054
0.19829834105936
0.188315252296413
0.188846996644502
0.196799004680262
0.195514086236859
0.205427222844122
0.209707036908735
0.19791391827718
0.223337424250292
0.214466010444106
0.210239761796457
0.214669262196026
0.226173699964458
0.248418644600116
0.24179243562867
0.255687667027611
0.261665502458005
0.272397594748526
0.257054445687605
0.257956044369424
0.275053867149187
0.280441416255955
0.276627489994303
0.276972056903192
0.255021727535065
0.252998427178571
0.258149923471666
0.245037935286065
0.243848921735124
0.242503276625721
0.240611621425958
0.238123009654427
0.219132636399723
0.219340260321478
0.203124698498757
0.206215580999415
0.194287617512053
0.177621677243799
0.173997358767511
0.178911092285481
0.176236590487925
0.177473504213098
0.177434145166278
0.168369920564679
0.184440700566631
0.200206975589268
0.194889291752557
0.195038235770527
0.219268333945315
0.223338514027627
0.197075950058159
0.204705370563752
0.192060651460638
0.203226727234587
0.208480991370372
0.229441816557243
0.234155971911452
0.219127153546487
0.232961966504058
0.231244811320415
0.240743802958234
0.271222803828633
0.293425017453745
0.304682283942098
0.30943884040342
0.322997849640859
0.315979458547918
0.29210814122224
0.277945861343977
0.23957403529286
0.221583281885145
0.220734796601583
0.220733647168998
0.226361159906775
0.226971911871129
0.225530313556816
0.223826336817153
0.229224420199027
0.221070658737298
0.235601215896042
0.228506143568459
0.216976627173946
0.224842618500117
0.22558490853319
0.212452421899163
0.215852990094499
0.224767641338326
0.226081787158348
0.220678870749978
0.206934214955817
0.216140949953287
0.177939680875295
0.164572430986482
0.164243743954626
0.169902738656838
0.179052295746544
0.169589069650933
0.163498210024478
0.186010194074789
0.18564559709019
0.171161151477202
0.194020646899141
0.216552828493659
0.229004129102211
0.241096407290781
0.220458134287556
0.20997887481345
0.232180625482462
0.270752832252921
0.286018613464975
0.261381207961508
0.285010246098164
0.294047048735505
0.31729781096318
0.333742914810284
0.36695545358967
0.386964029664045
0.40658432259702
0.395980355270124
0.390261220634648
0.384326354517275
0.417202997439169
0.388708625388405
0.37031815328531
0.400690413061926
0.401883925615771
0.375509519288181
0.382795173847819
0.345392441640708
0.355790229059848
0.343846569220481
0.312130842965099
0.343859112051307
0.332330169369005
0.331551355264367
0.285672765446832
0.310910487970322
0.325141788145755
0.301697357682362
0.310087426795734
0.316288041632709
0.33783278346079
0.327776323270789
0.283714964989431
0.291935831849782
0.266887856092327
0.265449621792526
0.271257943687507
0.248526218164904
0.274161141635572
0.269882251948976
0.248948599325822
0.247305721052711
0.256957416381111
0.253306146921106
0.235586295708182
0.245416841986047
0.261884436255757
0.257191639147353
0.239550717958162
0.21963453761887
0.211503803975696
0.198952525947293
0.221611783773846
0.222919757340579
0.247223040466812
0.271712563922339
0.255935796159388
0.279631285472208
0.264333762087904
0.25765756779282
0.27475602049991
0.232967573727779
0.238952342464334
0.247312900080525
0.24825538237466
0.246452219991511
0.227358398601801
0.232455198617846
0.217798003741551
0.198367997696773
0.211974268146576
0.215814246241478
0.220421429678984
0.191688678363809
0.202770788477565
0.218463137662759
0.202273282043172
0.223996371704214
0.214183274337524
0.195471307995107
0.193566493451825
0.210566027492492
0.215115684359249
0.193139255519401
0.211383735545367
0.190173384563638
0.188435683036723
0.173959911958462
0.195215651861064
0.18458900896598
0.201030201043882
0.216198254468362
0.242307744243635
0.243158535128781
0.244026855242735
0.252631276569149
0.281026798347652
0.309558198908749
0.275293532671746
0.291406960897319
0.288135366148972
0.286760229154928
0.302740636557046
0.301029498324751
0.286153442619714
0.279855099211839
0.315517055130525
0.31116376617114
0.321402936682228
0.349853734911229
0.380868433872144
0.329517282256283
0.315906563883291
0.322187701767754
0.328565416282165
0.304775922254177
0.298372913686172
0.27106539300809
0.281483518560045
0.297638473462968
0.257782686564015
0.276918022154817
0.285256860867324
0.266173352318617
0.268480835121682
0.282662459176466
0.29212815251448
0.281861880196939
0.299094024257121
0.304840360962134
0.337764406839931
0.344982623904057
0.370814302627978
0.381770694705841
0.401654107839013
0.404477716829212
0.369113270170758
0.362078533925259
0.3406772745997
0.323934640798859
0.326415797604808
0.330036548509453
0.34170892046778
0.322973575421917
0.318528555455294
0.349343234931895
0.318014503183195
0.312737670276357
0.331595174371448
0.321139366621769
0.336609739026036
0.351157044170544
0.373538251086068
0.329686103256994
0.323704051063446
0.325245771258676
0.318263445784263
0.350355786677551
0.337835342866485
0.346850182888023
0.315533740307344
0.293028691239255
0.342434641027456
0.346161117988922
0.321734736320164
0.358917740735713
0.369003801370712
0.361187688553271
0.373723690861368
0.355674895544323
0.344737477077181
0.385252098630818
0.394781562064861
0.353697688357803
0.331061250471458
0.34023048176912
0.367103848860658
0.380594315108461
0.344896974838842
0.385122924904123
0.376941825533368
0.359465397388161
0.401766710902792
0.373632526056088
0.366625705638989
0.3950642979153
0.372233076717475
0.347931161304183
0.336042046120718
0.296749316348014
0.296625434078468
0.308960355722171
0.295181000906725
0.27130136403843
0.231072199215632
0.262949290517956
0.249846836042964
0.27068643450336
0.294476110241298
0.303893686633041
0.284585133943325
0.27988741097571
0.290923284211396
0.257466956702402
0.230206806801348
0.244476208249446
0.254202344148906
0.265447292548598
0.282414916582399
0.312002440477828
0.294894255679834
0.272334953659555
0.268114869233081
0.269074718911422
0.237422281717361
0.226440373473446
0.195307182062126
0.207781303852693
0.202972708358459
0.215717041914515
0.221512076574197
0.205899139736671
0.215243231496904
0.225223889729114
0.219652902303477
0.203007025324425
0.221285745495168
0.261908974773386
0.259194718140998
0.237636893950087
0.250473166232815
0.214995213650038
0.197515502913829
0.186421440316022
0.196031224534228
0.205697098785107
0.209326394311201
0.230930284765031
0.239329456843221
0.279100787416722
0.274844874371696
0.299312876611858
0.321633192359263
0.308738388772603
0.329560075140867
0.318260629138709
0.304433345267697
0.26698114910101
0.263283024882128
0.252312570652831
0.275974212133088
0.265232778295537
0.264099416941448
0.247793678529025
0.268574756466899
0.259702710710917
0.282411773800611
0.303484369587782
0.333207179819637
0.304383906027055
0.316992236949733
0.327161783223991
0.306908142078914
0.304427806127378
0.329118167086691
0.353224830645921
0.357481800880601
0.325579443080276
0.305864447836038
0.315858539552572
0.352499440039478
0.379297399665832
0.396356579705405
0.436162789856887
0.400861334618298
0.322275003048908
0.293393196792831
0.314263395645849
0.336710633826768
0.349939096968862
0.30209879313359
0.295809522425355
0.257553862182283
0.252365186226791
0.258975807283274
0.227360117195629
0.207333215115778
0.202393906672823
0.21029729795141
0.189592025602263
0.198847695346001
0.208327596172961
0.219662105448681
0.227541103495365
0.234555225032983
0.245781267939869
0.235580800667182
0.268307193568667
0.319999480494334
0.314185279028996
0.31480982791428
0.302481013166411
0.306779611060913
0.301327751754139
0.295036237474009
0.280831005793488
0.281183397954438
0.294797225412364
0.29982223139745
0.310868113706398
0.322559926609026
0.322866104337645
0.285205154070205
0.305393506712494
0.304211941547563
0.288405213539961
0.284142906463343
0.292262937707109
0.266899857876987
0.24044345921035
0.271221633141568
0.243496216280048
0.24860410780983
0.270078221048225
0.248334512828864
0.245420463490698
0.235701212578941
0.231964445788491
0.242053708572628
0.219324195168736
0.206681999757884
0.190014714395225
0.19284155960165
0.189223300571602
0.182113602306738
0.18801666327393
0.172032701527292
0.175939345998365
0.163664970870632
0.168906360328236
0.177606676450601
0.180750699456377
0.201468962085225
0.20624826952651
0.201318207357829
0.213652326038352
0.231124847578677
0.236286934557801
0.255153525013049
0.306276288311448
0.275393874411455
0.2786370521277
0.270969190778641
0.264664054062285
0.256352331877776
0.247472694728926
0.231447711272323
0.251619055358384
0.266180826648361
0.245091204920631
0.242279362008269
0.214228520757623
0.215311060022285
0.224636665380747
0.226878153009841
0.223397313094568
0.202594722080549
0.214903586861796
0.202555723660884
0.218039765623795
0.245340365110061
0.253734265872705
0.25135582595082
0.263176370444584
0.263613561606168
0.261812682723333
0.234810619473395
0.219974627596588
0.203254792472351
0.186150269855914
0.171956641945764
0.174263463100844
0.166167751963766
0.160587125142285
0.144527798544517
0.158865256480166
0.16082562480738
0.161041885152962
0.157685519401722
0.151328903445482
0.168342129521936
0.178475577502851
0.162854377775697
0.194503493796025
0.207358214750222
0.189772018936848
0.191430948254256
0.209461199600459
0.216521929104478
0.203587302105982
0.215973862277058
0.18753131917018
0.204066785244038
0.212164450489718
0.21986233499593
0.216471536533661
0.222999402959862
0.200545463839979
0.201997863711721
0.179612523770976
0.203810185490803
0.217916537716531
0.207421095685743
0.19663463840866
0.200246182252617
0.202290860757493
0.200759970275153
0.196525758113754
0.201407679684598
0.214002534756744
0.213487621935929
0.221225761479725
0.234389523730207
0.238919910923211
0.229068835348514
0.219156037806161
0.218248871470015
0.21745721907185
0.204523716298537
0.183490962905907
0.184072687297001
0.192304327887991
0.205011478788649
0.195404606354645
0.202105238959208
0.19480090662327
0.199849312032574
0.178496933484819
0.189251306053337
0.208627521347167
0.204916174139459
0.225729784895962
0.21215107467215
0.185905908504962
0.180374927464027
0.198196312644382
0.203637777518909
0.209135223634354
0.211915645233568
0.241274602273399
0.243835595270198
0.248327722334704
0.237262031655326
0.255565720346233
0.254962101094392
0.276331942962387
0.275430645366735
0.27182136914078
0.277310338786909
0.287332798684014
0.274939074982234
0.278625054836362
0.289642239022324
0.258267275525028
0.265784608133361
0.261052187754063
0.262502606879212
0.258034698710209
0.258209582892049
0.261350309112066
0.256578455411131
0.275726406420796
0.240705108807155
0.219515585550249
0.194952251409486
0.198197971841287
0.194273540824132
0.198320475704567
0.21171565547429
0.225301046811996
0.222064821217885
0.245011218331915
0.227540674485787
0.225649217637221
0.231336965042276
0.217423227428817
0.234050639790532
0.230283904103222
0.222972228251746
0.222777697473205
0.242826009163674
0.245179977925813
0.237675716720873
0.237607988166758
0.275984753026817
0.284886847582019
0.272986528635949
0.267789018924959
0.278895208372621
0.250831711979834
0.256063555543787
0.250795075742492
0.237269651438335
0.208296097769285
0.207913752515488
0.2118151583661
0.217059539595416
0.224446229790327
0.208576494888455
0.195570840576451
0.178157327734817
0.192473073014997
0.175015088268579
0.189695778381014
0.179335147136738
0.182006253368698
0.188332078160421
0.209060741099251
0.222172172062213
0.207324167794153
0.20049080243271
0.200130622371152
0.183497365062775
0.179161744874729
0.179559433458834
0.18028255777231
0.186825464104335
0.180548820060244
0.188850790819606
0.16924584385653
0.164147908542913
0.161754141982899
0.157592741038516
0.167280683812481
0.159330330131853
0.143721059644216
0.152084558745584
0.141680351536289
0.14356385805014
0.176072307312683
0.17971317921718
0.186034477035655
0.197703786582886
0.168823199389063
0.186000531592382
0.188610809040065
0.195499280725135
0.212093739502295
0.210256541053809
0.193483915782126
0.202019351764416
0.201559006035921
0.21715897747026
0.214648326177247
0.217027439903123
0.181393703618327
0.204927964617042
0.215106636280026
0.224500753489283
0.253296655076068
0.295603612880717
0.296716784271066
0.276966984277055
0.300972007842686
0.321012400994857
0.337127088670643
0.342966314095645
0.342363459745128
0.336574174097644
0.359761000688907
0.33498343431797
0.37317888384247
0.380370867357243
0.347547313121957
0.328645045666878
0.285333606747064
0.284786674498089
0.252692086869772
0.250165339889694
0.255480810829912
0.264826565783368
0.257021529854001
0.269402961892627
0.260954486867056
0.252416091319975
0.265919872221515
0.285068754761211
0.316518060057124
0.358886775600323
0.356206596862591
0.330710443481903
0.341979109198934
0.364002729478365
0.356052601722462
0.381915073714523
0.400709344692584
0.377154095053543
0.368626814985833
0.345289589599958
0.366302099914069
0.417302353234197
0.382854642681173
0.357159879186951
0.31400299767562
0.29941413051789
0.306482395450197
0.306178043571055
0.309046816223917
0.280088958019214
0.273676237933931
0.276748327107533
0.284006409513603
0.3016413478972
0.322190583097839
0.348412107754933
0.332872413108405
0.317858679927509
0.290401424601268
0.328473359437808
0.337423931909652
0.315228155295467
0.302310232547583
0.300527588685549
0.318837794314786
0.361074806497878
0.357600005852254
0.356471565905758
0.319685057955042
0.329492677758929
0.318170270016719
0.300054496103175
0.310199145697251
0.303211037971337
0.298668476241858
0.318904636857513
0.271212385821564
0.274071035467232
0.254618837037563
0.258677730783819
0.312262996920583
0.324452365056404
0.301927993487676
0.289415970620681
0.287851529134404
0.273331244352313
0.308265743154342
0.285152960531892
0.310662317806628
0.303436422798612
0.278784392628586
0.283931644283611
0.296910406709214
0.328233830752131
0.29850808444443
0.297219416446755
0.267815087648654
0.297381049242638
0.259696486472059
0.280790453227901
0.258244475589839
0.257565401532538
0.254717343317756
0.249873733170859
0.265137960086041
0.294669280104127
0.295009162247649
0.289257978038724
0.302753310083954
0.292438132133927
0.295619856424966
0.272198847344327
0.275380708537382
0.302340451447254
0.283428448525812
0.289260854093276
0.282035482382959
0.27823493423926
0.269561550387404
0.275867327738591
0.25840684928457
0.248314617046089
0.261481232218496
0.297260934043192
0.322123265496384
0.3151543384601
0.314355765922424
0.308735183267796
0.312298512480387
0.320297364559762
0.315992573513966
0.35220672716995
0.350332107258577
0.335502232852434
0.352212863165786
0.347906555955493
0.325008000757306
0.306247207116567
0.303147942041167
0.333084427800593
0.363685402345721
0.339087312243972
0.369703919393177
0.335656662135487
0.36413040095927
0.371978962692814
0.365700325089878
0.376172980678239
0.326072395057315
0.365666359313772
0.41256511417654
0.397939691376791
0.384799248334984
0.433079639694751
0.415078794598646
0.418929516022319
0.403956944896728
0.378404913005403
0.351312908180603
0.313953955705865
0.315702378639088
0.357947742186597
0.396370919822647
0.409169807643629
0.419961250514414
0.367504256671636
0.382904218097022
0.369907225557365
0.384782489945419
0.408398954266823
0.400451124226453
0.367836154332453
0.379862974336466
0.376686232085189
0.385898338444773
0.413868407641819
0.374236899614441
0.334406476079775
0.327812648469368
0.327408419990808
0.312089653909021
0.333869862838367
0.317324372580152
0.29099712968184
0.276287807017074
0.299083306572604
0.25819484316862
0.24125792940414
0.267518993374982
0.233362921982967
0.237549087611514
0.228201001891074
0.26125589150159
0.251371621149816
0.264617750034368
0.243298960910999
0.236032001697967
0.251372416832996
0.223372711228843
0.196075854450988
0.213553942421739
0.197397863570602
0.209556215246088
0.232678512464833
0.205179636342868
0.17179957402007
0.18254332468978
0.191961976309865
0.198625314647956
0.183763776928103
0.175725066068343
0.176456376891274
0.17651568722334
0.169077558660823
0.167051619757666
0.163499207150727
0.166529386147752
0.166185100213556
0.166024483835224
0.166171102895757
0.165799770551136
0.169167019743929
0.161208483789419
0.154918907548225
0.139963359801442
0.132207883903961
0.141210258586638
0.149059415354947
0.161925287572638
0.164543402970859
0.177237182345974
0.177519951275472
0.188293299687387
0.217505413548821
0.250034574285635
0.247812223417237
0.211946438502462
0.235217990647406
0.222977153799814
0.224368999332699
0.218161749476526
0.2211750915389
0.207845904405263
0.195864469542279
0.182677469274657
0.178886010267476
0.18543336595907
0.189888202509152
0.188485896936362
0.18572969573077
0.218025540269512
0.233223324404289
0.227682396131883
0.236838504192146
0.271880374063605
0.216046623225607
0.214247359493871
0.216206339782459
0.217405610425296
0.235618257912577
0.246747198488479
0.205038475613454
0.18985537275355
0.18890619376014
0.190834514601984
0.181570567382525
0.179116688727496
0.188919479768241
0.193836231916077
0.180941639301843
0.189273644239803
0.196501190678351
0.211719921045155
0.198727386686307
0.203141663016599
0.170742544682593
0.163938636764084
0.19416354321821
0.184864305374439
0.171117439596311
0.185693979106343
0.185038138725908
0.188121672380536
0.185426831935769
0.170827775749268
0.180933417408895
0.181941587764433
0.194788446125753
0.162757678057108
0.164364553876046
0.160120827299625
0.184094563869035
0.174756065737938
0.15805028762396
0.160886194327358
0.157041605095251
0.157579976392849
0.175372435191955
0.171566526774605
0.171522069333213
0.177258943642361
0.179261292025762
0.18699084418294
0.205274211242467
0.194255433213714
0.181165467232363
0.194840547090203
0.179769296399856
0.179677451112909
0.176562793886584
0.176470705709992
0.212472791272314
0.23836548562826
0.268721264203148
0.25003384879414
0.257140335187288
0.262403532548553
0.260797005213344
0.239867242906429
0.268873682519535
0.22915420643684
0.223991819373002
0.219595846116547
0.205334245326808
0.247215386996254
0.216814741169677
0.231034507250071
0.241789000092895
0.244733032976032
0.239068521525065
0.226589672379237
0.221304520235975
0.236779167046542
0.246018493436172
0.21555915491191
0.229394198560548
0.238109900146307
0.23403283057846
0.220416814410124
0.207487257536506
0.195578009362733
0.214404269508073
0.199365325059387
0.189746031659352
0.162125754522142
0.163975667296848
0.194088244642466
0.198009682586041
0.218314938374458
0.218475649432123
0.237460253965846
0.214776921162249
0.208858990889358
0.228911978361275
0.214351446454758
0.196441159100417
0.196407453360066
0.201176696596836
0.211876399978852
0.224705945682004
0.227277358078256
0.208366941997373
0.217391116393756
0.199121152269771
0.177373852417995
0.184063941474564
0.181373172194216
0.199919197976977
0.175208969849152
0.184612127069991
0.183343056180512
0.17306838064286
0.198582264055058
0.200891665615266
0.194290433550003
0.200138423096884
0.210479064670105
0.1957388470349
0.187314130434539
0.191063744423267
0.199371424894137
0.172272786085836
0.164537211423425
0.159059067714709
0.172249501124743
0.172988433763182
0.18247986597965
0.20444397068835
0.225005348084376
0.224357235642081
0.209721531548794
0.214153481725584
0.219974173126476
0.232182056312883
0.234967668706044
0.237573323210598
0.258266243302187
0.234812541035978
0.226577987099672
0.213863203345445
0.205555307103672
0.203603486006862
0.20004944085237
0.175664645644549
0.18283186957143
0.187001202681764
0.197057190147701
0.217414668126829
0.211567603421402
0.203952566313549
0.212475914544505
0.199898841203057
0.198534973179654
0.201348150952956
0.212248544968603
0.214625583604186
0.19838388735917
0.182718961823188
0.162973060684366
0.159268453469985
0.156356378330131
0.164294196702344
0.151018263620868
0.150567165103679
0.140788968171376
0.166551666463491
0.178169243367536
0.184258929483175
0.205962604596095
0.183793662256613
0.155915680868164
0.163202466501264
0.169030769452687
0.172062348578858
0.157304821165257
0.18147158368287
0.199311659814831
0.197472736310401
0.210480793172324
0.21577063194162
0.213283594772926
0.215127029567277
0.237830079641947
0.2435845365042
0.244262920848221
0.273591269838042
0.272511038738389
0.238718986610127
0.228242140055795
0.225659912028273
0.213993852101311
0.202771789131456
0.203285105509446
0.237555839870437
0.223457385059787
0.220334305321284
0.227962756859016
0.215916021072703
0.196592656132815
0.208093957910471
0.190929457553843
0.217624057540218
0.224101926541046
0.227706241064411
0.214960519182001
0.21337388838091
0.206517979453657
0.206267141522917
0.196966863254823
0.212585736178361
0.203554677009522
0.217040629779112
0.242511229958458
0.248163735612372
0.247730319565641
0.24000498680032
0.237926108087024
0.241884054985739
0.267476869237787
0.255874009459108
0.283794816486761
0.267904379026574
0.243902205351547
0.247987079163212
0.209299922458755
0.230252102165794
0.228229618371968
0.237154217937777
0.211653345886321
0.214777919594486
0.214087171605372
0.219888595402618
0.223529589731341
0.230280446804845
0.20817097770628
0.197973231682494
0.20529889668437
0.225543422007026
0.241306031441998
0.242729884907059
0.221387619467794
0.226251423068578
0.244879066518832
0.249200796884919
0.282825974520299
0.315470714376218
0.315510159724402
0.303786489457086
0.286230000875037
0.31868762400629
0.27755819465555
0.268846822300013
0.279184284164061
0.279137531539071
0.288008209845586
0.274136687344539
0.269833087726667
0.258322942801067
0.222380264343243
0.233830339602805
0.23645312825416
0.225025209860589
0.226434980058338
0.23803192096575
0.242444910055461
0.258377518075128
0.23620341602073
0.209997631609491
0.205835546932098
0.211177970684152
0.231117753853231
0.236147000878527
0.245635566100036
0.281527085205952
0.277449462447453
0.28735517965659
0.296179811073007
0.255258642394281
0.274615899515962
0.309762048584271
0.294706070832256
0.305544652516243
0.297971282852814
0.321969905779536
0.32705762877516
0.389974403714665
0.398679676698075
0.329563492869399
0.304433646847308
0.293921349414658
0.295674853215051
0.302822224083646
0.283261178961073
0.276779485160974
0.256177655924095
0.237605384822016
0.2588078897339
0.270677234454159
0.291875717767422
0.280420343272688
0.269235531005902
0.274481236935233
0.254847039474885
0.270778819492062
0.270478027334999
0.270926527644812
0.283199542486666
0.291356476881598
0.328518637289221
0.278232045396389
0.253571764604274
0.252781867880632
0.238408300770432
0.253822898818179
0.252825387887991
0.230896298082529
0.239622884982489
0.241727816928743
0.216114676795759
0.210222996921747
0.202924537768109
0.20024978568358
0.206971703854644
0.223685048146201
0.232743582380947
0.20170238511124
0.192288254080772
0.19512478421125
0.181714206192704
0.183947230084399
0.191878263559226
0.187086774199039
0.179052079144406
0.16683830293441
0.168018554922269
0.176460206173966
0.176889959980428
0.180996830541676
0.164682151437138
0.16300213479835
0.168598866216544
0.178072232535113
0.161089207867449
0.159414410517157
0.16034443726802
0.190031061055038
0.209996347641746
0.227153934512887
0.23037738316957
0.229914201617002
0.255876530779659
0.255132906424057
0.277975174274656
0.261714856394764
0.256697728303152
0.23640000718431
0.223145655363136
0.205523623611588
0.199158701814555
0.195203953337606
0.201844906057221
0.192065451612254
0.195449089479277
0.209534085647543
0.191905059624472
0.20340177402892
0.177812041802927
0.204896374439409
0.192691171331907
0.174751343517418
0.172291532560289
0.159711162802549
0.165478048632637
0.15690040974043
0.161555586655158
0.172843546019171
0.18475555339272
0.194810229089219
0.181945284091511
0.18254179229105
0.198707066287043
0.214016850258389
0.225113596658884
0.21797691262353
0.212037645540663
0.243301500758266
0.248004943072453
0.222077643827639
0.244304753344851
0.274350669079852
0.268884536406147
0.247175956858848
0.225573425839625
0.22574949476643
0.261900199944878
0.280422312563123
0.273574934725996
0.237393404634766
0.254219708582877
0.251749525535352
0.269381112669318
0.26411438946499
0.274868001551275
0.270712027414053
0.283225366554884
0.273040271936236
0.250287343576749
0.285039530900673
0.282552528333716
0.271556224821388
0.27110244350754
0.265961351999722
0.295496235644059
0.277427942461354
0.270570758467607
0.268679682520592
0.270317768378737
0.249433241620901
0.262489026092073
0.256058404727075
0.271044352415081
0.250669592919186
0.228245275995655
0.232279657941109
0.235072478769699
0.230749105539063
0.233131104346223
0.243433105053154
0.251455512429527
0.268373146487329
0.264384055215799
0.252850602005852
0.22289554162989
0.229310037575775
0.248930647811314
0.251040967333436
0.263631862989119
0.296449417857947
0.291307815725376
0.30038998359838
0.294956832933259
0.26710784170783
0.27484451874024
0.261311210119446
0.245105402983168
0.236521831658016
0.208549960738311
0.225867966801933
0.216472309735502
0.233413754405891
0.236182179234315
0.258940646123237
0.267684777198305
0.243702969766194
0.242109276247842
0.2502665386936
0.255926500396763
0.287871723116654
0.292149726060766
0.31093879340226
0.304094974386354
0.335074947527563
0.324101968040859
0.305382235102738
0.311063449362335
0.317408368780159
0.330165818124773
0.332860019382129
0.314745548579516
0.29734672465879
0.305287894876356
0.321943043353833
0.346840003649776
0.329508150176491
0.30953691920188
0.316542067211297
0.291626193001056
0.288559778415361
0.286423937572463
0.274629008600661
0.281673697363275
0.27343062173291
0.263981294116671
0.263003052561709
0.283209210630909
0.334911147435684
0.331820515177988
0.30812597461971
0.294941938648351
0.286760795891606
0.283805276674812
0.272506473688793
0.271442467988775
0.252932323033694
0.229981824439219
0.239037763845356
0.21815736789244
0.243872984561812
0.241052238164074
0.242827946583059
0.240509611561485
0.225597020192455
0.233090351508004
0.232895658283137
0.221178755328336
0.240480667315173
0.238263379655897
0.250119997247958
0.24627118248658
0.247502129319675
0.225559296810561
0.233534418330208
0.224106885041258
0.256857955015563
0.266683760441042
0.234013957504674
0.223558338563502
0.204197535297793
0.201227348498959
0.202784408167514
0.214371969298612
0.196857684717087
0.198320915234614
0.192913184841775
0.210807247064808
0.197048277183961
0.214606116028635
0.203862252407323
0.213696561644977
0.208615622717022
0.214263245967522
0.203502069616976
0.209366856956407
0.230536229217484
0.216844900732296
0.219965993661427
0.220332676029833
0.204890487741189
0.201352075227167
0.19010227635013
0.197160496402893
0.207301897167287
0.211690862663966
0.207428760422455
0.185338135199915
0.187824840784358
0.186580121416335
0.197932158725367
0.189273111913054
0.204172249579999
0.232448690823582
0.241087469891985
0.241440294807388
0.223570938017954
0.214789985460558
0.212677833315965
0.231280161802312
0.219763462462428
0.229455696389444
0.231335209378797
0.227728169852862
0.233893817452222
0.226329903292508
0.218330068435731
0.20027964235504
0.206756658911801
0.215151849945405
0.220355538826689
0.20941524710355
0.192209874012714
0.190725242327847
0.1672953909235
0.178487385248415
0.191397136754295
0.214902715898151
0.212864628308256
0.216534157962914
0.210312693709845
0.215423513871659
0.20408595985314
0.204496090709202
0.190404658076813
0.190666509782322
0.210491145836052
0.227265331488971
0.242842502481496
0.233665722477302
0.249900694455246
0.246089874154999
0.226185163151914
0.196468767245466
0.16881026914506
0.169128702300057
0.198732371825684
0.218167060889906
0.207870669678116
0.206808073538013
0.186908575131835
0.185603126583802
0.196159876438128
0.196813885749232
0.191510495697235
0.184329247548402
0.218665825278645
0.233753261161079
0.24318139933658
0.301036839844831
0.306614492021843
0.288670947331251
0.313013341454243
0.292164764292341
0.290063191949588
0.300670184225232
0.298489764854924
0.281819061098338
0.291236859137533
0.282772702314377
0.298919952074033
0.310165629224696
0.30404492254346
0.327026386999238
0.330653743369586
0.340712358159186
0.308058638091976
0.339079313957568
0.29234450806611
0.266998624720144
0.253703569736644
0.242028337019084
0.225695620594844
0.230210977571706
0.237336011810798
0.249304894508142
0.233172608714991
0.209910633149771
0.19868287031077
0.189612697269449
0.200301305567532
0.168990342733715
0.158258448180782
0.158964680642108
0.149642924303384
0.142237999086907
0.159651504941644
0.190329346244969
0.196248219945896
0.174608229412029
0.173463304156075
0.19474289666565
0.185318206741994
0.184622088387173
0.200822348248731
0.189777912186628
0.18874055504599
0.180626388290504
0.168203214605529
0.208313123862843
0.217763473649682
0.231614414505862
0.211585223446011
0.21920039394012
0.24348822281503
0.231677958347963
0.233060087919569
0.221672265512245
0.23380425560223
0.226964141591573
0.206693611309551
0.233501263749981
0.217901238024576
0.238355553264821
0.247423205501665
0.248453696876137
0.271903358476619
0.282193938830456
0.254689053994106
0.236717959757366
0.259715874875979
0.284296289334957
0.274156616215623
0.27333535482344
0.297909243298295
0.260652448761454
0.249069849458195
0.235138683345688
0.214563565488179
0.226918361514873
0.231615289819885
0.240951782028765
0.250340108821302
0.217046363564333
0.215278921817635
0.208852033884515
0.212157404068416
0.220556835918243
0.218060170095894
0.219851240851194
0.214717931703689
0.236898172787758
0.224658751565596
0.244695548186874
0.231752802185907
0.238226745591833
0.224777166901831
0.214781344248894
0.207891142362712
0.225873245642558
0.209815805981338
0.245887081134267
0.229365413324723
0.211152574751368
0.216023606721729
0.21013280532446
0.185246087348982
0.172536829547975
0.163538934651365
0.156994373601891
0.150909813258627
0.15524240886519
0.171929003906663
0.19566859789203
0.203979325952203
