"V1"
0.114441562379071
0.126344923788137
0.13112266021548
0.13423987917099
0.128293266565719
0.132445984632063
0.139293584457627
0.141063990769534
0.147132348979419
0.144896138308548
0.142777415325241
0.15069194033684
0.163020659140581
0.156409749651607
0.167715954828461
0.191883874654741
0.185948935312145
0.183400811511772
0.194883305350622
0.199658812926929
0.188323383534122
0.188649042322112
0.187929489637634
0.189461192149137
0.18045517821329
0.201323652211836
0.205422767440248
0.18775466107579
0.181230553176671
0.179778235814732
0.170466444222508
0.218126972153044
0.235734740422967
0.211546955376066
0.195521151153909
0.219686551169757
0.203061251769882
0.202056076750709
0.183511172660875
0.166660493449689
0.168736225754101
0.165602424131382
0.174598808220357
0.206793527985146
0.223288520220153
0.218920329109609
0.197939391753901
0.165339518720465
0.181750188928469
0.169181673324599
0.155982751575737
0.175841277403217
0.172006722509716
0.15970455183899
0.165982668560568
0.150891712880321
0.153982254253395
0.141945801268798
0.156988457964274
0.132812105714825
0.129628789310887
0.121161845511978
0.122175260995519
0.116248786721753
0.129339958988589
0.124494026995041
0.135879455839358
0.149309881130072
0.147653263539313
0.155751775898588
0.135442508255977
0.134786073162147
0.13210138989531
0.13786585397893
0.128027826673593
0.133127460688409
0.129748444129203
0.116296232624044
0.134613764464141
0.127821203492531
0.133275993724164
0.126633148134934
0.125790411466224
0.141000341754347
0.139137001141093
0.132435930536026
0.151058096095122
0.151956786610925
0.157744223404415
0.177351876154907
0.159995009408586
0.173100095847124
0.181952101909321
0.172610373243492
0.17470752401367
0.178617089671791
0.189959986407654
0.185216122367327
0.18515127525899
0.182209072214587
0.190326416623303
0.18160842833562
0.18204004919224
0.164785085889513
0.177673890993811
0.191068676300789
0.16910852712877
0.17856851317301
0.181350325726953
0.184139392957816
0.17315715451927
0.177264793432562
0.168679808057002
0.160847155987111
0.145556437889824
0.137174069537722
0.130868709071957
0.130775746477414
0.125284546313178
0.138871447250123
0.149822323647176
0.145145336124692
0.151572352385099
0.17603156110774
0.168496620978461
0.165188884936715
0.207324723237199
0.188270215631448
0.204535994937147
0.218857781487233
0.208230665611632
0.222537192614252
0.20907518361455
0.209904124589281
0.198037113270707
0.194413344325868
0.204675725533891
0.201133859377101
0.200827734367809
0.192522686806587
0.184929261128833
0.200395108311478
0.225487883050458
0.229287469522462
0.25099533378929
0.241343580011681
0.216562394728031
0.218600631589064
0.190043780048714
0.172171472142994
0.16356302096075
0.159500952913447
0.150499876038372
0.150099044432355
0.137957586072296
0.144425322911367
0.143049959214471
0.134859290545798
0.146391247704569
0.125268685912015
0.122109058121827
0.126249984675316
0.13060963094628
0.149927673247392
0.155400714019989
0.165521769357849
0.151444326633836
0.165179090274853
0.143857366129938
0.158547290309387
0.163604156498536
0.164786902688664
0.164402962330113
0.169170586378015
0.176269012007756
0.167523146689487
0.17151039887941
0.17687713758623
0.175366440000335
0.177603609322335
0.16376274737507
0.173327018737013
0.191045642270572
0.186418224895313
0.191507256888427
0.190612411302751
0.169059982954404
0.155642244877914
0.156784725879395
0.153499238929629
0.145348384162814
0.130212026429548
0.140450608489057
0.152418821855031
0.142537549849614
0.14385681298816
0.151879651080631
0.152371044367018
0.146179869011635
0.165591471915167
0.175833868449031
0.146771144546731
0.13601928337809
0.123683960404779
0.134583986575238
0.151032902213842
0.14218320275753
0.126649973160141
0.130821054069129
0.123363963229577
0.137398604005561
0.149280809229488
0.149746629327522
0.154411620656761
0.162226589198138
0.158796948741662
0.177617458370471
0.1906809075617
0.188253452541038
0.179832352935026
0.176535598730561
0.173902415666274
0.158886214573298
0.152751070579715
0.142780200268055
0.167840029083874
0.171048026305268
0.174895885316916
0.172971688923517
0.156391571603767
0.145189193055127
0.148765174412759
0.148545123932436
0.146513095787833
0.134077203194102
0.161464824750979
0.158441166277354
0.143677861568059
0.150211233242358
0.166833958621974
0.147909023305713
0.15221602473706
0.155689882759305
0.146759166195363
0.150098558659462
0.143104288586504
0.13623977508677
0.131875751731273
0.136405953384181
0.148017273930868
0.145314243431989
0.143598718175025
0.167471743315362
0.169483181322104
0.16509625754006
0.182897895290092
0.17392507539722
0.17707612876673
0.181361385673594
0.193095413044507
0.200439690717341
0.203972684846825
0.209964024122308
0.212076194665675
0.197274442224116
0.173469060604647
0.185142969103685
0.185982612272528
0.172580971902847
0.159652800941891
0.143731203752067
0.150151556815475
0.160473450520883
0.142458821046783
0.144422529120174
0.127737830939581
0.12671679295007
0.149862961593567
0.15561736268742
0.162581053023979
0.18781925144021
0.184815894933347
0.17709830787392
0.154515023929407
0.182173912214933
0.161638018468109
0.160337545453068
0.167600143200137
0.1576236956904
0.169238967571237
0.167191217938457
0.15901763958287
0.139856651100369
0.147142905698785
0.146874317218496
0.130137524975672
0.119906681202633
0.130529912743314
0.137189331201905
0.126506151298295
0.146823511390236
0.149818372730115
0.152859030585623
0.139776063105441
0.131373128805068
0.122076520633705
0.126655122336254
0.125186903554791
0.120725046988066
0.140665021829799
0.163642468568162
0.151835067198697
0.136602346122784
0.128259767802195
0.130291713970158
0.133726383735164
0.135148991103399
0.13872378945872
0.136711566626144
0.157252582447267
0.143343897036086
0.128708242052683
0.132237851791655
0.138879646056954
0.135960244230145
0.134011518473064
0.141933748015868
0.153447243875448
0.153488650000814
0.150573763929446
0.13569223839336
0.130586809652056
0.135381760925111
0.134635306882619
0.128932901648803
0.119458741566992
0.122808729430755
0.121022153140557
0.133452355721589
0.141887098117644
0.14619089562468
0.147368911283652
0.154392093001716
0.157225011318059
0.158666094029869
0.146649858849911
0.137198043012589
0.129127083805501
0.141791936417185
0.14615467053757
0.130475703521773
0.129303514865356
0.130116623971006
0.153036502931081
0.140594061049231
0.140269351828251
0.141626151054091
0.142543730659489
0.148222920658758
0.152601527283758
0.139742602755804
0.132221657145624
0.14673322851039
0.144602807860386
0.137122999823176
0.133776848045985
0.127379725533226
0.149982949767004
0.148204689242139
0.141373830350042
0.149140630140377
0.155307313235732
0.128911744914906
0.136169338572538
0.149607459912142
0.163800766033377
0.159076631688283
0.151955197474436
0.154462834651509
0.171331064109668
0.17218263486048
0.18545340021391
0.166487735326133
0.169149810563831
0.174583831356803
0.157813786682821
0.163909379095977
0.165283215693664
0.180667020075779
0.18348353263798
0.182672182317091
0.174955020729625
0.184556558757847
0.170880592679043
0.167622156318134
0.177741709147141
0.183493859899398
0.171106157686704
0.177611247339575
0.180260161055527
0.180675042127006
0.182294427520326
0.182682077284439
0.183382510264021
0.164810800546062
0.15175866618498
0.142645997869021
0.132765888471669
0.138979165503625
0.131964954643337
0.145737340921199
0.164604404498661
0.171093465364292
0.16854589691932
0.181223233369528
0.15913170973128
0.175071962848317
0.170025623091258
0.17105368763165
0.17219657088126
0.171556123247969
0.178863289833237
0.157867197948151
0.172537535601707
0.185341029157727
0.218458654539704
0.224588687721136
0.236408736639104
0.251056981401407
0.22916259010705
0.244346215553671
0.223530051999932
0.212086896659545
0.212947180197864
0.205810363726594
0.198869768522969
0.206408733730883
0.210038699850712
0.179094102219881
0.155199385740285
0.133190338432531
0.118713698550176
0.124502085407265
0.120454613868052
0.123911515842744
0.122571599659915
0.117920106342105
0.107335712735339
0.114064834869076
0.114021889382923
0.119944275024319
0.138787630730422
0.127970546965501
0.128417879839164
0.12804743481981
0.118857613115263
0.114280281986579
0.119983079551869
0.128713000158491
0.119806646657232
0.128007299321128
0.119937095933201
0.132522604900966
0.138413684359075
0.127891311285403
0.141730337661728
0.148369899750762
0.140245400170147
0.132100234654945
0.123796230578571
0.124536475096496
0.137316125788925
0.132536593335334
0.129539343360693
0.125384453211505
0.133806911612087
0.135818515219167
0.117157011519866
0.119601320677465
0.135810127706069
0.13908395458351
0.126466341124915
0.137701331846925
0.143134814020211
0.133977949655368
0.133761675882612
0.130538121000088
0.135217852769341
0.133305848534345
0.143573391681135
0.155020540104056
0.157754853287663
0.146026140116563
0.145618094492937
0.140636269393554
0.147278143634307
0.149113764418539
0.135893500930329
0.13248188160223
0.135562673953974
0.134377191436612
0.140644840238983
0.152101547890345
0.169328497396246
0.16929342887094
0.167705930956146
0.163528627790061
0.143725337537208
0.136005892861727
0.142306100085094
0.156696972090269
0.136708719023578
0.143051825477489
0.143727319449122
0.132721297641713
0.119426209944954
0.12693280160562
0.141416481301676
0.149306302266425
0.137735767982538
0.151925193700012
0.154010226329057
0.156633779769952
0.160973396162657
0.147242005460017
0.152846629336103
0.132997415598337
0.138472698255193
0.140648580156628
0.143319478122705
0.130345178068941
0.126424318684529
0.128492465162459
0.128029153097433
0.132783357298561
0.134975938015993
0.143740962401825
0.136123596356363
0.135900363921334
0.151650388995966
0.153593517251082
0.159709320717269
0.159322777166525
0.148278606324229
0.143513299025375
0.154941026607598
0.153338379317242
0.141587118043179
0.139657189936929
0.125330273720084
0.142703424280367
0.144594656331629
0.154317277422651
0.157379726146281
0.145371472476269
0.141184949765291
0.137912506536478
0.146796693832935
0.160444395584063
0.143155021295598
0.146411588801854
0.15915170947384
0.155320794112086
0.147749412761538
0.152599176889538
0.163537643291418
0.158054308800026
0.153089564370029
0.156949195748757
0.144586933703328
0.144105917914714
0.143207874684709
0.134605562436685
0.1362537877866
0.129609820529252
0.136695691981838
0.126809656502898
0.13699268692802
0.126918618535342
0.125200654068034
0.117442957324801
0.118134274793041
0.116762701600657
0.117822900784888
0.127747022504552
0.119656779542424
0.124938228781851
0.128269701878718
0.138318993083163
0.153277584053393
0.183960648737103
0.193935729931357
0.180654772054336
0.172501031443021
0.167641573322608
0.166064090598384
0.162140469905994
0.150205713144842
0.151635486058683
0.130164830605616
0.145597856372479
0.147649332315569
0.161253420170993
0.190160593924246
0.186537088447151
0.190798403816208
0.175897683027392
0.175548538643446
0.167675864175605
0.177314697473353
0.174942782302757
0.191703144409389
0.196193478996597
0.187131773874199
0.178056920635346
0.172931782682447
0.162752112980173
0.164955963897383
0.156984012053114
0.158254855814611
0.168979322670168
0.206334800578945
0.201513859213752
0.210417305071208
0.209836928478881
0.194827088760162
0.170280110510913
0.155447474477399
0.175602358815045
0.174975539930796
0.199939080126438
0.192442877991267
0.176659711053842
0.168908465361705
0.188102860906862
0.189395357094565
0.191087560875076
0.193271428235955
0.187808098383591
0.177403599940775
0.172515403256107
0.187851720134693
0.204571339292749
0.199321101420675
0.210684452350728
0.211223817299511
0.209644107235394
0.206178018339732
0.216825624150616
0.209237064550122
0.197440129543418
0.21588905674057
0.19931648967325
0.202749592694094
0.199385645099597
0.183511926641146
0.174192225859582
0.162882860069688
0.167834453960338
0.186404885344814
0.173221226637243
0.175668304346751
0.188375971803964
0.182665326263709
0.184477729188777
0.18362330180527
0.159078709642592
0.154426920638143
0.161629530614023
0.166241322137358
0.193882727806585
0.185518257778672
0.174969114137026
0.169010000490007
0.176414303064762
0.187141738421832
0.190244084456132
0.177003737900461
0.186838263892401
0.204394324617497
0.234327548023213
0.222154594826331
0.197556658146499
0.183156774108233
0.177397977827604
0.157565054962763
0.162822994938144
0.1880841021801
0.171583482114873
0.159114799406858
0.148251809591302
0.169528974986778
0.159323582165534
0.145083499438572
0.151232703376985
0.133540339769684
0.138635864413524
0.127942618299514
0.15070378679366
0.161587418313443
0.19406303614838
0.19664412870186
0.186367744304126
0.176098500410919
0.172850031452431
0.167108207989018
0.173101108768191
0.198477008913923
0.197108148029923
0.179851118133951
0.15960011726114
0.142467536194491
0.129506882543075
0.136258698729114
0.152538133142903
0.159461159679853
0.161410067078052
0.166389929429708
0.145739863515145
0.158937118708715
0.161622457791601
0.161100009694228
0.151464687894207
0.165721616267682
0.145573536127073
0.148044266893588
0.16087165381411
0.149881836712008
0.142955442069105
0.155371030089284
0.163737288708603
0.173109847258025
0.17695235809353
0.190196563956265
0.18082792267555
0.184603225474772
0.183637651895966
0.172766010557673
0.170846081542755
0.160975042239171
0.177395280330529
0.180631625975355
0.185030631562967
0.177384043261332
0.182602287597174
0.21143594592535
0.189416219470372
0.196542391161553
0.210994224414599
0.196290732665279
0.168969091410172
0.145191220645974
0.161977126726664
0.158422675610015
0.156851628821574
0.174630291880051
0.171833137287935
0.172526519513883
0.178628987625653
0.188127914491708
0.195349999452772
0.205742915934627
0.212518343039304
0.228566603450714
0.218696498127989
0.202924728432223
0.179978164696922
0.161896936502447
0.177431038491011
0.164095194695432
0.17192054607494
0.170733910967522
0.173401867106469
0.148611357991902
0.160325716330322
0.183537590975666
0.179364073837457
0.177151685452179
0.162885790949452
0.163500183171466
0.167652927383273
0.169741663221562
0.175124628002011
0.170924814418973
0.180928033218813
0.194310906511045
0.201573318204001
0.191774712449614
0.187556421736815
0.200388950338559
0.191429626758593
0.185251037176085
0.202702182895206
0.197200858117191
0.202426974891706
0.192719095164714
0.167922630349984
0.161269482702918
0.158544763326424
0.163340398243603
0.190634155904171
0.187951664219688
0.19381353436023
0.196805429178814
0.206675557498883
0.198965530595028
0.206787994791059
0.197701327693919
0.193664045587787
0.207121246519813
0.208928767938886
0.175854191998332
0.160720793925059
0.169087473377476
0.187093256121783
0.160198534105054
0.17032997800572
0.182373861742461
0.167287224832038
0.191212425382452
0.192175994475189
0.189219096635566
0.193553521560794
0.193559271462541
0.182231049748526
0.1770124110355
0.160057070527047
0.160303665865614
0.179117600480135
0.171181285837894
0.177548393390419
0.176954288301107
0.17574954821981
0.179552208178943
0.182935398731817
0.197086647091914
0.198885622658374
0.184224617833725
0.180145640594124
0.191747268749581
0.19135147928089
0.185050179001612
0.167567070650274
0.174760356706827
0.193168911564693
0.174626764150664
0.176760138747512
0.158414562221359
0.147802033343444
0.151693657738271
0.139910452504994
0.135848317493231
0.132564921287752
0.1262153371705
0.118980415557334
0.128967295905081
0.127505316564534
0.119828319544072
0.114201276074052
0.125963345507495
0.129444464011835
0.139703682474096
0.146833208157558
0.152751849882187
0.145706055143362
0.140858828755624
0.129071648757435
0.128892418713602
0.130585903262415
0.131265721635724
0.153308837941392
0.136630859586536
0.138375872189546
0.143621963955151
0.146881264715143
0.155743194375631
0.149023510999972
0.170106864716708
0.163631284331914
0.156568127452963
0.159948901781772
0.15777606794128
0.154652142046323
0.157056307142191
0.146237940515296
0.131417610634531
0.149136740571141
0.146336138166664
0.148848086899388
0.151902954914228
0.150268412703258
0.153565186340842
0.14917758891352
0.134003892372835
0.152726067606823
0.158100895412321
0.165142300570392
0.165227947030281
0.163450084476653
0.159257895698706
0.158395467934355
0.171797996924086
0.169877045840013
0.167755910146622
0.176360349920494
0.166787152194406
0.162065607466877
0.1648277183016
0.153259231960204
0.143228782477901
0.139209514010262
0.146137290692489
0.156771017019353
0.160674905035817
0.145565807796282
0.131088563928923
0.126868360542774
0.124689476245948
0.132567524869915
0.137817177041438
0.155736715064015
0.156311164251731
0.167028106628536
0.173785555677376
0.19094669507729
0.179530123677422
0.167803633688743
0.170453761552711
0.159407663726959
0.147581025028133
0.145246676684174
0.167532248872889
0.171390873832041
0.184392064749636
0.179181602503425
0.19842192053269
0.207788386352525
0.221212355412392
0.218190534241605
0.214118104665671
0.186090112976952
0.195729813082235
0.215165580132356
0.202394066392771
0.187837311159328
0.202838299071724
0.193448676006353
0.175558987726515
0.172776906800962
0.183149601218138
0.166946289722886
0.164807212233961
0.167247664612661
0.150268049426854
0.160041367215476
0.159838697722925
0.177291623878667
0.184645570520998
0.182252587251693
0.178260370468578
0.17156513543355
0.168569104553258
0.159492423479556
0.148059287513308
0.155393275042342
0.146513031304758
0.170789815690953
0.169516295803971
0.189537814510104
0.196433587179656
0.187193727720166
0.17168535589897
0.161703739758958
0.160536216073154
0.166399341699481
0.153288601814078
0.153602234110031
0.143623962344614
0.142563573685338
0.140141275281703
0.170080688363137
0.172732205283874
0.18489844575423
0.183998796159801
0.205988097734361
0.198488332299246
0.204489864068512
0.194797212746091
0.18713087692349
0.169903536115253
0.162058738072886
0.14672827398512
0.137005713317913
0.134630506969676
0.159658460743776
0.145374110480651
0.140419766130209
0.138685500624418
0.138435538181277
0.142360893191339
0.150592774557641
0.146612727606994
0.156184203629804
0.143830366225268
0.154093283726011
0.146300039865167
0.158358394052938
0.147104395818164
0.140326525075389
0.128090726646632
0.134598689385232
0.130952836022786
0.152287341281522
0.153460605126204
0.148700683987729
0.14292654888368
0.145312143138999
0.158603500320682
0.145114005979088
0.134994951199179
0.140815383640055
0.160246537224003
0.172469589692185
0.167235730091964
0.173802065110402
0.177284159057915
0.180431645285273
0.173830439642116
0.172906528737117
0.172716198814877
0.169648100886322
0.173152332357639
0.195001873196349
0.213308529261096
0.191400750539607
0.188959301311131
0.196226376680144
0.190886943939556
0.211537321907343
0.191335987322446
0.16956873530521
0.164343522842638
0.163762748572085
0.175949965556433
0.176951255363586
0.202634430752704
0.196025754244148
0.181504903698283
0.18412887574906
0.194512347318189
0.214880571837027
0.217563402814387
0.2175498706505
0.212591000660567
0.188852813457568
0.195299269492595
0.180021263085294
0.171786571114058
0.181313582468041
0.156618281362878
0.16657149101765
0.177499111460609
0.179390623068204
0.212730243611579
0.209240067428341
0.191742133993893
0.186188420789107
0.192576947047858
0.195669702588201
0.193899343672505
0.192673886256068
0.191167789614904
0.186921143117616
0.197139825509257
0.181651618977326
0.170771544375537
0.170562522097277
0.179540569020706
0.168809608522804
0.157759292968686
0.132470027068407
0.134270620107148
0.118887542097832
0.129162043095543
0.135763338860268
0.146400619172927
0.159604859051852
0.153752521079243
0.156516914823996
0.150069434654727
0.157186365207767
0.164643769132427
0.169439665946052
0.15922684428259
0.160616448104816
0.164647536950839
0.159440805733088
0.146874179487061
0.1692717197956
0.171901500754748
0.154652640335187
0.161326032697637
0.165511323330047
0.173838455007124
0.165756531767588
0.155599887587112
0.159143848787656
0.164749435026682
0.143579527997983
0.15790297874108
0.155112300897308
0.153214512982593
0.174087945480156
0.158590191333717
0.169228551360947
0.160397636892453
0.176858207392172
0.167398476678351
0.182339990136009
0.181499986253909
0.17963035523342
0.161776454988256
0.179413946391932
0.178350719328076
0.158616736648916
0.141748375020452
0.147268661302005
0.138320563938099
0.152069646622348
0.149070120009999
0.136523090073377
0.140157619513496
0.131881332749856
0.122151712666185
0.146022227580202
0.142336174538866
0.175364201523005
0.175998798060895
0.169588253184103
0.164266493489728
0.162539689385004
0.164109858086333
0.165130591928323
0.170642849479842
0.160974129394484
0.153636845480389
0.14204733693541
0.12811025119474
0.115877040709
0.135908189097018
0.140818666003767
0.144651226244963
0.157290804281051
0.179435302948777
0.169184498075543
0.162912275932653
0.162430228441564
0.156422457301189
0.159314417083177
0.160003470246302
0.165771114569396
0.164578861145273
0.167895167331321
0.182079346920137
0.185216424482548
0.18320027923472
0.179466271284512
0.162671445255386
0.158120606438477
0.147538449719842
0.153530084364025
0.149910154008842
0.148427315806018
0.143807939183934
0.147472004182812
0.143672681555249
0.153782071772791
0.159473082926057
0.163056740357895
0.158293787213453
0.165351982373766
0.170354217826727
0.155915187762331
0.150696171354716
0.145574936929754
0.149851838634091
0.143251369523299
0.163374206153812
0.191498660641125
0.173358698530543
0.176922990009397
0.176704993021357
0.174538600600402
0.203060814940474
0.211481814912392
0.218669481169911
0.210960221219007
0.193529413308913
0.189996691327813
0.188128576698933
0.180904461949872
0.203140828673982
0.18402745489598
0.195930106940003
0.19671378720088
0.198514707551544
0.18218349801046
0.200367801063441
0.195576477643209
0.185361992598695
0.18534545228228
0.2186047078383
0.212297997341858
0.186829365765311
0.193988753792626
0.201116468066608
0.185848841189093
0.18843054784315
0.17956449720567
0.183751563816401
0.205793759739236
0.185590192656588
0.194630097304252
0.190343020147259
0.179442243639678
0.157008174609162
0.176121787503922
0.168925333362624
0.161193823778047
0.161989068114978
0.160994681869915
0.16024152816328
0.154218984679369
0.155726321173354
0.162034122766387
0.157994179121372
0.152515878528877
0.155023716234578
0.150308509665278
0.156963972753079
0.144364053918179
0.141131208887468
0.146886622546369
0.147604815253893
0.155024658424211
0.160141690521472
0.145631529449671
0.137534778546625
0.133005576698489
0.136727134710346
0.152202604584713
0.144484717750972
0.155330468671803
0.151148491972691
0.16469480171126
0.157881942546412
0.156988676266308
0.163832037422955
0.156917959846301
0.156209184991579
0.146667268314271
0.15492539764205
0.157492890107669
0.158792635515128
0.162252010395805
0.187617344998151
0.181597642763045
0.170957550232564
0.176081995379818
0.187994018084542
0.180566619339384
0.181161561805585
0.165495145243844
0.161659714667902
0.163063289547258
0.175793324312202
0.164070766514363
0.161041381209816
0.173940944731649
0.170279874453809
0.171001777966679
0.18118762277933
0.173120261662253
0.191084901069716
0.170642842867268
0.174916988851742
0.177837392489353
0.159507587355896
0.165635256422273
0.155451790821501
0.157670781441433
0.171690043926105
0.154820950061585
0.140673736378081
0.150271119814484
0.148932185480765
0.147336625660224
0.141556752964382
0.150670434179154
0.145003075279698
0.141590524145546
0.136424382569385
0.12503375217455
0.120479108672194
0.121301270911629
0.131587826062416
0.121484066791817
0.128780848915692
0.143819259095148
0.158387317196864
0.158079304096355
0.152624472998844
0.173545007972418
0.164407580122229
0.183054147324203
0.187229533414003
0.182553444265897
0.171620891040689
0.160039896392232
0.154067870851398
0.147515874342434
0.129348288078435
0.129019926670152
0.119251146645592
0.136075788204995
0.140286731901161
0.144297449572121
0.151302897114463
0.149016888150288
0.164741188948432
0.172926586262001
0.171873169014714
0.165235866986772
0.153865194853693
0.168746321396107
0.170201422752508
0.162643347464409
0.15935879293687
0.148594524005225
0.14228091575339
0.157133532954896
0.161162036958488
0.134213824990351
0.136316355920485
0.125585023194879
0.135075525525064
0.136827967589106
0.152768000317983
0.141606347811326
0.152784314518634
0.154037899744493
0.144033879357292
0.139618791208566
0.151906093611724
0.137640966865305
0.139084216293939
0.12682898598679
0.123518488186671
0.134502904986904
0.143053078110392
0.142378245954292
0.142434005822225
0.137000411695585
0.141214692706628
0.144926734630726
0.144448941499174
0.148779862663151
0.128694429495092
0.106841285849104
0.108415653618405
0.109961533248793
0.113930695726089
0.137700413706958
0.133908952231104
0.151596459235791
0.166664312239707
0.157385402635317
0.150944338470866
0.150598379037334
0.136556630366337
0.148967419461318
0.160721616529233
0.148190776378269
0.146935636421635
0.137984410198819
0.128843556627015
0.132642852436018
0.143680415465096
0.132290636039557
0.132076377775393
0.124360456282934
0.107659057227736
0.108890119965996
0.118960486616915
0.11900153381074
0.125539281572545
0.131281909095546
0.143917876993902
0.141264555210806
0.14004955747944
0.139656780703205
0.142010942560144
0.13761706166158
0.128154321463043
0.142359838112879
0.142200381038525
0.133751399067606
0.132347918160946
0.152503166917127
0.153268653710422
0.142294697411049
0.152970725418297
0.15398897221697
0.152450560621643
0.157677825403115
0.170926732522642
0.155397316254138
0.148315562788518
0.141936518488942
0.153795087602165
0.148858308819149
0.142139644098384
0.143710270836942
0.154717958138484
0.16166115816342
0.158993604859732
0.172208296048445
0.168626856931559
0.173741325926519
0.152305030277194
0.151186848622784
0.148237478003502
0.135242516838672
0.143170576277215
0.132765132204849
0.141960612275039
0.164424453925048
0.165060100179449
0.163031727475892
0.158293710958197
0.147487186138284
0.152381104575885
0.125144703418247
0.119096326667232
0.120584447356136
0.132103199902512
0.149082220560587
0.151051047838495
0.144324937421792
0.153275276749693
0.136732303627798
0.142395752398048
0.163246183259755
0.144720228343687
0.164332231903178
0.162196589009755
0.162110582765605
0.167906777633926
0.154001299338797
0.16940871233709
0.193506030733699
0.19463299531428
0.185673889470018
0.17489382785847
0.155222387349359
0.15441475117801
0.151437059953593
0.144593479970099
0.138305851024154
0.152713914660976
0.155750980077285
0.161260358544434
0.156080945351286
0.155619775405062
0.166177145473528
0.158930215300686
0.158753675788921
0.15642965089179
0.151433850936058
0.127108083680597
0.134444010467903
0.127857785944154
0.136109527706609
0.141345719840505
0.13322682811875
0.13041535396989
0.149696626570221
0.140727527128843
0.154928190102385
0.15748318363251
0.16512290904969
0.18149612583261
0.168434742375472
0.181856002361203
0.170634906551433
0.160559547547149
0.173965088885312
0.173621409708477
0.16175612203228
0.159400635757776
0.172320696421061
0.169803549605285
0.177224735833737
0.178469359912876
0.17412169962982
0.172654417287993
0.1789247224851
0.16788116591287
0.153700714694025
0.14242810099207
0.153679047834356
0.186303365074737
0.181794270186467
0.20315697151669
0.186581185239541
0.174009931608215
0.170426251840596
0.157205891975633
0.132936368442224
0.142940582767428
0.150654398016239
0.173257146977169
0.173192098232749
0.159481293516156
0.168337564184057
0.162273555818586
0.169775899365775
0.16023038690924
0.170763947188578
0.166511244703489
0.153508869102257
0.144488759683989
0.138894207270049
0.134957538151521
0.143152240975379
0.134307641394574
0.137674590273783
0.141872151898311
0.183931123228082
0.17879759241131
0.160349028415413
0.156561391976517
0.164204520416595
0.166409404889706
0.157159878258077
0.161365501369406
0.136667066388037
0.141786516040752
0.126321592172035
0.123347052484079
0.141302417906145
0.131975791104278
0.127293990239096
0.11563351737767
0.10740675078714
0.118867346792286
0.12286010790227
0.136159906152058
0.156179501955948
0.170929022009862
0.159226782454643
0.153910143599597
0.153866269833441
0.145111583340376
0.157136322408256
0.164543440464126
0.176355093135004
0.178876896719258
0.166561247504202
0.170889196863713
0.16734210413831
0.159802855723049
0.142937815707488
0.134826133722167
0.134496550809083
0.130360632175526
0.143543531163314
0.154698663897038
0.161747856465941
0.164271944885256
0.200946337567049
0.177610991120484
0.163544918073303
0.167192055292605
0.148219054560891
0.139894736910716
0.151931632030761
0.147042416988476
0.146317104135217
0.149098730303289
0.14543383090775
0.152610021925269
0.148114810508929
0.135644687960352
0.144322276087394
0.140664545809813
0.130581410261605
0.126800646654694
0.137536361196472
0.131891772061671
0.131428725769736
0.141661472251714
0.15130601982932
0.149947220219629
0.174572976894296
0.157133058187863
0.166677019403525
0.162814031524937
0.149319073298531
0.14898028949631
0.139893901773378
0.152118212404427
0.1582594349336
0.171440600857933
0.166242063166405
0.161376198195559
0.150362835018173
0.159583520779225
0.154599658265034
0.162269992042246
0.155419820870892
0.148209874392725
0.163869366487875
0.161204781985887
0.162208810668631
0.157223184543369
0.144495684460389
0.150752430121275
0.159548530735903
0.147408276647204
0.147501402378192
0.144682260893022
0.134929902534677
0.139230520741698
0.159159653687539
0.141711044778388
0.125832939010083
0.121353779922227
0.142341751555836
0.138683188493568
0.143907101421949
0.163962917057177
0.164401827451347
0.165724181141968
0.151642887722508
0.143632563733561
0.130017179808976
0.131789349717228
0.128306033282509
0.134994950091479
0.150174329100192
0.156251075672412
0.135982012057839
0.12807854617232
0.118438768416835
0.14700018541038
0.149704317166662
0.147760508327004
0.147487693532434
0.137178680140455
0.133131209176315
0.145491649013366
0.13706849121441
0.13010031850911
0.137764390520052
0.144420706343979
0.147917881060329
0.15811940421813
0.168171861351977
0.179350190992908
0.160815385883931
0.172022433152054
0.164461626602851
0.172715315029417
0.19142733727466
0.211475702404529
0.198781186320526
0.185279616974138
0.180687716767363
0.187236249629807
0.197624187454316
0.186195391102612
0.172930372758401
0.173113212539883
0.16695283765263
0.175273066737505
0.169457761360411
0.174519927691704
0.172790319236349
0.180891740658199
0.177870063572037
0.168720426902704
0.154849540447663
0.184169742066036
0.194428191772305
0.183261307714698
0.180075428984605
0.181764212908957
0.179867380677522
0.158111821047956
0.15070660742326
0.143883808346632
0.160297088395655
0.136987496541357
0.138962209135807
0.147758047800532
0.154908983666875
0.161366399860887
0.155865570422854
0.154749138074658
0.147695542369555
0.146421906203377
0.156496372589131
0.142818865910571
0.149745407600796
0.150671952126231
0.155149714248426
0.162003291451836
0.163693315714419
0.163972515255445
0.178782371959332
0.180525325427403
0.17743871412871
0.182397338764935
0.179059884387071
0.171386396860611
0.185945820569754
0.20146594571093
0.194954186419938
0.176779619949908
0.174649193965792
0.170050398790696
0.175667151092492
0.184669614457522
0.193113772738361
0.211316756154801
0.230718857444409
0.208171674121788
0.185867611235495
0.185976615469413
0.179035647294542
0.162688406106468
0.153150090567472
0.182542191211915
0.165421077989217
0.162652635481146
0.15910673087478
0.140687061377132
0.145521779031879
0.164645105036784
0.149155594686795
0.147933654306369
0.138534948376688
0.138609922062153
0.15077760478454
0.172754408142583
0.170374133064103
0.184308686622135
0.188024120324678
0.172179336618867
0.177462589856266
0.156177580081945
0.150929813592275
0.170684794797011
0.1583189720096
0.156510209722934
0.150092200916828
0.142151393967675
0.150912107652756
0.1614185287607
0.159484943858602
0.161183744169873
0.165564720069387
0.153234862070518
0.162713049245164
0.174296109062875
0.191830955238976
0.190629470859324
0.204777026162052
0.213072282633666
0.219916549184756
0.237059587512891
0.258478871125364
0.240343843948993
0.235954321469122
0.223378402401131
0.216782267383752
0.219174999960951
0.226354379781824
0.219942169019012
0.200315496715451
0.208232450022951
0.224097340900952
0.223156621804112
0.230765372852335
0.220594136216509
0.213430605708487
0.19746273139139
0.187596321519623
0.202966828937867
0.191065936993643
0.184073297572154
0.175147863099844
0.173482906612892
0.17045430033457
0.156169011018393
0.15149203849015
0.166028560244439
0.170590561217278
0.162897992244861
0.162323581806859
0.149004967102839
0.156442496859818
0.160218538601374
0.163191433062317
0.148069857602989
0.154416312162652
0.136604951193073
0.151968713550755
0.161810219988145
0.1630414089283
0.155321062181476
0.146224179102134
0.151171583890466
0.149308772962045
0.138337725790787
0.127373809963922
0.127172114636841
0.1298941584892
0.134882304619435
0.135708597360757
0.134759730326978
0.143595122049249
0.139590776680736
0.141448209606371
0.14771501265781
0.12873264917291
0.12005376217428
0.114709834616176
0.123366942917695
0.128527808946803
0.125597329751422
0.117116650361584
0.122035387803988
0.132383795193304
0.140691344404376
0.150727753184005
0.136787700835573
0.143762140190493
0.153055833424791
0.16658830461138
0.166469151852371
0.174469102811037
0.180734542879176
0.189481342596
0.187473098912413
0.166094965038986
0.152719450801471
0.150729146253098
0.154707662518238
0.15748356890146
0.157004672597898
0.161592908253391
0.171435822744916
0.160929271788764
0.151667215166895
0.146650967201891
0.143726300630694
0.12575590921872
0.13894065521238
0.15499291904356
0.147340550729445
0.157863005353247
0.167383981816526
0.182383884571055
0.166800148070038
0.174192098547202
0.184136290331433
0.183722901051846
0.169116907363198
0.185781895506721
0.190346432079505
0.193698305807808
0.18613035379501
0.200306753926503
0.211562818213993
0.202279028876491
0.197016971413946
0.198116572615402
0.195538519259034
0.189068936000085
0.194856047834715
0.204357331131594
0.203985198798278
0.22992380461672
0.236212782201237
0.231228317730981
0.224213693137227
0.222059539409183
0.200331525813947
0.207304059814359
0.191385510491645
0.184321147185638
0.175517735780621
0.174213441217592
0.18068339660126
0.187846132191083
0.180408402600907
0.193645417938144
0.191435389428891
0.172189914829222
0.190738210577891
0.210769686227246
0.231541014026691
0.221480781100481
0.196966670345345
0.20213106439111
0.19334690813829
0.205069019631394
0.19306632848366
0.216964157130511
0.220643975473485
0.214491417234491
0.227234809317493
0.20597852304643
0.2167649899992
0.22552959039566
0.218027509746521
0.217202703199908
0.21317724342856
0.2213903783097
0.218856540250673
0.214088312205049
0.211534334077177
0.180171512076435
0.177710132782059
0.185240159842375
0.180644023188787
0.188387724088067
0.175800382936264
0.159240487476828
0.164571518991775
0.164391803654902
0.146124196037914
0.149846164861039
0.157021314542583
0.160235408686833
0.15876617193821
0.166183412842673
0.173551707810735
0.168752483893881
0.170861835796566
0.184445648465385
0.183750535804895
0.199344041598589
0.187188665847891
0.205559827754084
0.212771248780056
0.18994323594501
0.197801231008382
0.204735151259021
0.21742335863462
0.21806018309451
0.199242743920757
0.194343505761428
0.164650782529091
0.168414809021691
0.157635593424758
0.165330662117703
0.145758330049021
0.137472583084531
0.129126357625917
0.143442952315589
0.136562000862736
0.125846421432508
0.118460110847212
0.128932178825417
0.137701828091563
0.129319929739393
0.125490668318992
0.120183588068337
0.13144870891562
0.12672152524124
0.131045674993113
0.131066986290878
0.124973503018651
0.131941331659868
0.136307049854324
0.126051476151926
0.136474973953211
0.13440781707084
0.137158272792069
0.134989244161659
0.141734111200276
0.13472366317655
0.132629708736607
0.134262193317626
0.139379864568873
0.138504860018138
0.149728094291231
0.155744525091773
0.165543606298433
0.159530813526063
0.154965934121244
0.147310445841199
0.148029340473762
0.151682802930156
0.168823587324124
0.175529092037466
0.186266776748693
0.183569636022882
0.171820013726187
0.156839082462882
0.164957472868058
0.161457435118483
0.166229419821937
0.153396427722395
0.167437530998068
0.149009446801114
0.153915899744352
0.154472695164729
0.146308707412119
0.145137913099959
0.148749232288148
0.159961469072048
0.147570173119419
0.149605326357757
0.135969068300635
0.135144703083043
0.142905615198353
0.138752981587478
0.134263931305189
0.140148568307254
0.1407501838426
0.154866413849197
0.155723054512481
0.162767048708366
0.151903082461499
0.150758474004614
0.14610705238451
0.154296900516656
0.156005810294499
0.155894330390088
0.13960646763357
0.154497849771267
0.14714027674305
0.14750163727032
0.138698022332036
0.143782015089373
0.13740324862722
0.137194720314171
0.144693501326568
0.138264395796926
0.121413300475242
0.124622501154083
0.134002201906517
0.136493125969494
0.137081659166334
0.134845023327758
0.140309692264935
0.13748817112073
0.123141270554826
0.143628684710516
0.14131140637586
0.154494877155549
0.146856812385045
0.140253597242212
0.143581265916161
0.141822808407815
0.156505844869926
0.152357243536579
0.15320388822447
0.154719651096616
0.170719346179111
0.165916632440647
0.167566572053471
0.166481988878818
0.170829082790777
0.163423830496643
0.1657725814213
0.175841462284934
0.178376875651801
0.177717338825084
0.182979035159344
0.186749268082691
0.186887768448742
0.179169916455231
0.163009712630354
0.162505303359682
0.160633429655369
0.160766449116875
0.156254399802781
0.153767575459945
0.141491259045598
0.132385431182105
0.124978393624278
0.128972684349333
0.152691448433709
0.157392148911629
0.154442942998365
0.143984855671282
0.136277354140017
0.133461111144885
0.15078789538755
0.148623153870215
0.138319064494067
0.134254994248361
0.125633020266837
0.141993059705207
0.140668018607972
0.162130291715333
0.16689976416642
0.16811449311142
0.166182937486211
0.15014465785155
0.147893986705026
0.137349476042858
0.144209683547454
0.140186760246045
0.147729420682653
0.138847883307646
0.151716902726822
0.138130191837141
0.147753721293254
0.163784340905979
0.172305012769008
0.1704726692223
0.160842007779434
0.156297710857575
0.157401959152547
0.158495655401349
0.143212179312778
0.150121323111333
0.158059280228632
0.171052031948319
0.185943955394252
0.202699370551366
0.195864731122135
0.202332142658596
0.200783197647191
0.186681532421081
0.157734776921797
0.160487706893797
0.181166677584525
0.163967827689236
0.167664446460362
0.168651250764186
0.175851250894556
0.160866849087532
0.161078259255794
0.179769377509319
0.203002830638657
0.192080423060206
0.183204031399328
0.186353042655584
0.16927402154299
0.182531845261139
0.197292159392099
0.217541842669727
0.199460320698012
0.192494901291289
0.178701410977379
0.164733388339491
0.166346824835153
0.162423195224088
0.149035827068336
0.148929045045031
0.145988238073778
0.150081507463557
0.150782567837515
0.147028159206541
0.141299041224751
0.137616761326526
0.142818121446635
0.153779868198587
0.147232801087481
0.124952158054166
0.119691151523757
0.123252279130571
0.12285241825598
0.136539037470697
0.138953069194098
0.138393728091809
0.126011884244434
0.146578457510292
0.145855977262592
0.13691306473929
0.137040512453737
0.150598228263944
0.145195806025721
0.151530584689185
0.155654812878873
0.148141670177963
0.155982785081455
0.156909027523605
0.139268112762006
0.133853013014985
0.130734971238185
0.13912515824661
0.161022776360491
0.162343037881364
0.162885540647761
0.153744688958059
0.155160027795501
0.153651336941353
0.155438153344205
0.145984075822203
0.132453246979285
0.134686526354075
0.119475305760542
0.118342755205275
0.134791252314397
0.154370439430926
0.151948557073842
0.139417577702791
0.153840450427926
0.155913654275866
0.171809492374271
0.173489245003345
0.178238364667336
0.17586555709466
0.197945691984008
0.184932032452512
0.179452936856559
0.179003641903876
0.192369188674085
0.1777202098906
0.171510398945987
0.167764566235028
0.155046041662445
0.16623137996544
0.157337481022456
0.142396886126734
0.159267782773946
0.156936478987951
0.149602541120653
0.128301896536677
0.125177563731501
0.143440676838995
0.134080841863519
0.137431779653177
0.129198730705331
0.121520983266392
0.135994939931707
0.130796806743755
0.13579443364534
0.124334508199987
0.133453906358973
0.143742133136316
0.149259883479127
0.147972116055699
0.154088360931324
0.153221852253242
0.14415731269253
0.141753999159118
0.153232470029509
0.155526518264739
0.167861678649078
0.196641362090755
0.167133033128723
0.187857253221893
0.191096187316091
0.194482459028865
0.189561809737138
0.176763268282723
0.184952259003368
0.180825718940373
0.17624247087548
0.16886439252115
0.178533180963668
0.186148290902363
0.19158065703491
0.194832494359461
0.176463912577161
0.184992700338235
0.170429715717075
0.185200652286172
0.184822580696303
0.181906414396507
0.169380652676577
0.134567825150722
0.138105213803395
0.152034953676622
0.155203885205592
0.162069817343989
0.165590057703493
0.147497140222659
0.131451200550688
0.137322148999192
0.145127531969771
0.14937334039725
0.146020534641718
0.150847598338851
0.142047162439241
0.148855458517233
0.146183222074598
0.133571781291235
0.13473017921947
0.137176083502935
0.131797688155557
0.124403656617115
0.126012743631517
0.128067977505653
0.123241372370347
0.12665140395709
0.12165204023055
0.126777798752986
0.118054205336246
0.11724749852209
0.118898038675715
0.125608236159636
0.118339666628703
0.118478129230007
0.128908770210189
0.129378479929869
0.139746051017603
0.133254380717985
0.141633139475794
0.136320083965047
0.128830048295385
0.161261588472546
0.172079169860701
0.172280720071218
0.162760983552842
0.167365663245301
0.166349769230515
0.160608753513677
0.148194690854504
0.14363944535818
0.139815365902155
0.149005783439323
0.154437165818015
0.177921440052173
0.186101655806827
0.174937918452588
0.191166554110078
0.187634049105981
0.174127721297434
0.171669225879934
0.17384741602207
0.158806905728914
0.139925502605769
0.14151741403969
0.138439478302714
0.144967691588741
0.149570800358512
0.144186946352954
0.140217148699566
0.147898701045427
0.152554515337919
0.156292824291588
0.159296617084563
0.15789817731438
0.177361936314968
0.170609046600934
0.156461232766243
0.165252685844227
0.174859578259021
0.164112494319822
0.142530946152637
0.132009339956352
0.124811248455771
0.134648090125005
0.135210253525104
0.151630428785756
0.156249659524136
0.137721554943613
0.146546409419427
0.155488234878546
0.145762610237852
0.14805644237563
0.161901465971408
0.179217057774595
0.215313059999268
0.232814886618155
0.203538516787968
0.181148841378212
0.155916549084947
0.172127211681448
0.16604250364114
0.181517609687882
0.189005567674439
0.193650217219974
0.183136924326288
0.156764586034304
0.161015654871918
0.15916576849691
0.183450524982385
0.173555118171354
0.176213135950081
0.175395346825686
0.159272910641964
0.159695654205425
0.157417616014691
0.157572089799018
0.145300485299479
0.148795475287184
0.147531589957351
0.15526316741339
0.138258670525442
0.13438359742117
0.144622715251054
0.144257479510117
0.140637686404483
0.146304101258225
0.141446773810748
0.142490180552009
0.146783929511737
0.139715472362918
0.143646774903299
0.127113960196271
0.144076390394448
0.149564995189538
0.143457796929591
0.140843921567837
0.151140746078622
0.153284708677542
0.154719527645429
0.142234748023211
0.141582585973793
0.14185880147939
0.141243939053963
0.136488129715153
0.146545994075424
0.144927394531433
0.141451015371134
0.144450201286346
0.152610579806562
0.167492431211596
0.171234366951942
0.164926665641159
0.181066378441475
0.172566289966955
0.168978894291191
0.174023758454896
0.196172644836518
0.206361563831227
0.202281359542265
0.218539770939723
0.236331676751555
0.233976036053175
0.226221117149586
0.23510480893474
0.214514506740745
0.177076881929066
0.153367916731872
0.153137867726951
0.166400049829154
0.151595718997768
0.156974984290687
0.133239968312324
0.150137270690823
0.141684003809355
0.142987142459834
0.141043526491688
0.133234029519768
0.131753826017665
0.134562463585882
0.126230583396867
0.142309275237131
0.155252169734368
0.143702710169372
0.128041222243125
0.136023287154316
0.133828327163612
0.142274736387168
0.145357605962309
0.145147165027475
0.158558281461191
0.16638928147876
0.177685997210258
0.170874897306437
0.170797393359478
0.197944838674729
0.197087154517368
0.207466949226393
0.205166347032152
0.204923122329971
0.184476176119876
0.183858612265735
0.173738138688225
0.165168110307888
0.166271043649782
0.152862180665366
0.139327853926779
0.142885102682172
0.138123101726461
0.143631300110365
0.156948141393073
0.147187093806041
0.147450991069467
0.143800208552316
0.142508589571961
0.147143537822536
0.139580489089374
0.127909424924368
0.131573788271904
0.128344351162782
0.144051535723468
0.157725004707925
0.145403619168731
0.14771357495311
0.143701412237156
0.146935779942652
0.158647322620913
0.146216701063674
0.127791726406258
0.125630713611797
0.138740567598345
0.121449449609915
0.144214501148879
0.156748950157787
0.148515999998652
0.163688305961447
0.152301385960482
0.146084112834254
0.152187896855514
0.156238161010895
0.133813842396496
0.135842925114329
0.154296962118646
0.180778068667606
0.164204984842453
0.171296564921635
0.161444814184766
0.161647093733438
0.151215095297262
0.169181879513459
0.163448306401228
0.160527790912712
0.143508524002347
0.148461038981745
0.165553016542211
0.163309820295108
0.177333611952872
0.173466124231295
0.15150130644701
0.151479401516808
0.149351459642044
0.153381020607553
0.165693050591852
0.162403833915163
0.16587722197497
0.172785893482966
0.177939839944664
0.173357926348741
0.16462931375467
0.161952077843598
0.172745275125482
0.174430478306551
0.158923214490488
0.172089307776084
0.165365049947088
0.163416532989533
0.160376111042701
0.14626874760591
0.165493054923946
0.168027566382692
0.174754803757719
0.18188051681896
0.166743580687381
0.161535016888091
0.169380346955516
0.172731434368432
0.154205869155099
0.165938872240201
0.17043865090593
0.155000899460926
0.157088505208184
0.146299886011076
0.136562020351478
0.127484803682551
0.135867644963084
0.124474366229165
0.120355277788822
0.119301234693284
0.107220674665889
0.134439940405636
0.151702246429243
0.151306069129793
0.155596032888581
0.146549246489192
0.15223467796274
0.153500491442763
0.158073085131371
0.16886483753873
0.163939386324868
0.156778673010253
0.146385738491619
0.143093838753958
0.155029093429046
0.160545052212654
0.155809042913239
0.152295958586249
0.155230431165068
0.141899383574557
0.157740368306592
0.150230306069954
0.167776960053131
0.166858601191407
0.153889907378631
0.12900372154009
0.136480949514417
0.143657196335698
0.145757619855269
0.155512571826493
0.159445408858094
0.148475042627973
0.146040913243982
0.142720428047393
0.148351520177618
0.151880799615634
0.142476943441626
0.120822291811842
0.124833358704859
0.123604156187987
0.13697773301771
0.136102880159807
0.132247192112942
0.146987229697364
0.172083126477577
0.165514570699652
0.159159309354243
0.17402892003399
0.163755212260194
0.164576627632608
0.149501695868482
0.140843755304095
0.147699221162491
0.152419880886651
0.13949038226321
0.143004221961144
0.155432460397173
0.175050185608349
0.16838259430924
0.170588222979426
0.192676013246876
0.184233069149056
0.173090800027243
0.167845243942643
0.170007597817385
0.166484724028954
0.165586342163616
0.172795099574271
0.180957523781214
0.175363617388641
0.196659021141544
0.198041621275946
0.210132758246372
0.200766203999278
0.174064508870364
0.170969198153055
0.185152554210177
0.177302369890704
0.176262117303464
0.181846427167066
0.203055956990153
0.18173081712143
0.185442346968307
0.19868302977307
0.205749538874788
0.203978716945949
0.204969853865982
0.191684023232695
0.187862545134185
0.176135122463224
0.165058511261934
0.157888168324207
0.157827114314625
0.145425965864304
0.135346704472364
0.122299668675125
0.125733513348162
0.125487530027385
0.129190858912857
0.136895599720196
0.137642304311371
0.135127061149649
0.135821342508184
0.130258402215681
0.120666416909946
0.131273045022292
0.126094050746753
0.138703031550561
0.126612580360331
0.125743532347305
0.130270894332295
0.130451514851711
0.125744104189993
0.124101239752204
0.130993927277
0.13026530464691
0.149974663309968
0.146227443440668
0.155176833533401
0.144240266534859
0.144119776817497
0.135792293309602
0.131097652525996
0.133659639336516
0.153636676374893
0.145347642180458
0.161972630676256
0.171219888367249
0.148280815210903
0.144403518606186
0.157173332029314
0.154396338865855
0.152918256751845
0.145330820731418
0.145292905158227
0.153251147993109
0.152091799075132
0.162620175250522
0.152473341958923
0.170772514016361
0.173297482885109
0.176902515279143
0.181822440134076
0.166256499816971
0.153830346608266
0.156181787069579
0.159817589728513
0.163120631740409
0.1690036783567
0.169896635760784
0.165397759324479
0.175924655315825
0.16630283739244
0.165780930318615
0.161136981577981
0.156196443884007
0.158284607099737
0.163063009852317
0.169026650322511
0.170103876566267
0.184217293273336
0.20439032272833
0.204559600059651
0.192356008852012
0.168254376831539
0.155652659435945
0.171483152291578
0.157456180571071
0.147027295929872
0.133404751303866
0.138240728750266
0.131881752595012
0.126705118598473
0.138225551684608
0.14760839904052
0.158716103809468
0.138085911921049
0.135120081188325
0.127797111726325
0.130837792070117
0.125173391384251
0.1249800496298
0.141995225939507
0.141930433052227
0.133526721950481
0.145402527773342
0.172630159926318
0.189707913731712
0.184852039623181
0.181108430854436
0.177345417443136
0.168293238561513
0.181962044514906
0.196634185287681
0.195037802265097
0.190193353294179
0.163515463322902
0.157281941470699
0.142172142305814
0.150740163441521
0.13514363644765
0.134848407616944
0.127807184052321
0.135645010976776
0.132461386533077
0.129845324648919
0.120465132476103
0.116534547156827
0.132270633326733
0.140876266495274
0.14011624643811
0.171412182160288
0.163865148677558
0.154412091366027
0.168250577298685
0.159892858212801
0.162683280528538
0.158338087877952
0.168343388854263
0.17577406565289
0.169085519200481
0.165889227770638
0.18750484802595
0.16794177017765
0.142969173218114
0.149436397305084
0.137482074259748
0.13459825628053
0.12975122676635
0.127575332447402
0.137920472637045
0.149289575684915
0.145206661088713
0.139152989140464
0.124841867123047
0.126814379914829
0.130928498058308
0.145742650922783
0.141988588305655
0.144314156578879
0.141311232774656
0.143149112956311
0.128099061772277
0.138570489056674
0.129301325470934
0.126147919967215
0.132485028536177
0.146391887752742
0.15563735448679
0.154078874975109
0.160869752341669
0.161196896805461
0.168629201382121
0.170892827400498
0.184897676426679
0.188709076324918
0.209263580434907
0.202727413892548
0.188518500402761
0.182969115700285
0.178023431161381
0.159147962524174
0.163338400611511
0.165956939749645
0.147681529527346
0.165208742876747
0.16116172569829
0.163018639466392
0.159818122171808
0.164179730417422
0.148093777652844
0.15187102214316
0.166019162990302
0.162057960518956
0.165752305456473
0.155044355840416
0.142604554999899
0.142571769158751
0.143524279222843
0.146387126417979
0.14868173489471
0.147569372366941
0.133391535973003
0.13505005038849
0.145987151429292
0.131184695986905
0.139652757751138
0.127211934667714
0.122697696544848
0.128147247079431
0.134760014923312
0.13117135916064
0.131018661346931
0.133872569827691
0.137987612661675
0.147215500844197
0.143799444222807
0.155661395440263
0.133513967924131
0.138873465229745
0.15533794764695
0.153075653807256
0.143641320707741
0.151751385257646
0.156403703482947
0.16068127108395
0.161871737367578
0.150823457022673
0.158514188075765
0.149711411114499
0.160998964001159
0.147399074714784
0.144424224040876
0.153501168640125
0.161423278792143
0.176638241587681
0.171670957608586
0.189350400601886
0.168506790663578
0.187234564561406
0.181487849578272
0.193771360643489
0.202461793866019
0.193671684952834
0.192048262529656
0.217417805755791
0.215728221338097
0.20389945013401
0.20583052546886
0.211695285336641
0.21983779259008
0.227676889762822
0.218059216534255
0.204099386618725
0.205913631227903
0.195827482514553
0.17877739714747
0.174311221928049
0.157812187448289
0.142182111136771
0.146118510771974
0.132455832847764
0.132130007995217
0.120646429353262
0.121862776495633
0.134185098258135
0.152916636289589
0.164475465503604
0.170024222308113
0.160423875735221
0.163384867259339
0.173952233095843
0.169817909339786
0.17806615125167
0.152488326375096
0.158547699471079
0.150906696319375
0.144924081138703
0.154059108720573
0.169721103366767
0.179812505743669
0.175177481793619
0.15975453793145
0.171097953134514
0.192817282729478
0.194793240506182
0.179776023887635
0.184032503837616
0.1739071611028
0.188173921012445
0.192853777518139
0.193099441311301
0.198662325532163
0.182117653912612
0.174532916486516
0.210357365642167
0.198837777776244
0.18744745289477
0.190288101735319
0.200425166596237
0.183134679427338
0.169734002526394
0.159838401763589
0.146710128709501
0.166727313190592
0.178012496928644
0.189531545359319
0.198210501683202
0.211822946240792
0.215662002486245
0.218645495319946
0.226259353174267
0.2366742163005
0.244325900855514
0.267064849060766
0.260245923347536
0.240907643474472
0.219684257298205
0.219056207341591
0.234924511158219
0.238776462628156
0.233722185549734
0.246298963541633
0.261446766684649
0.275442690507576
0.285678927901534
0.261302116515958
0.233586141842877
0.217171766331705
0.219995243513752
0.2241869824144
0.216699784469566
0.254773520405316
0.258931346422573
0.243490315987224
0.212681387231844
0.199222287925876
0.2070300067847
0.218090306576149
0.217082867106032
0.201883000048808
0.216087079810532
0.223902983689946
0.204216377440062
0.184789488602688
0.181329170819536
0.186997059251494
0.185160094879426
0.216458555579045
0.183244934272436
0.169200759965494
0.175191528643071
0.15362862070302
0.149158710134693
0.172271745048051
0.168358583705159
0.170934298422204
0.16210532025477
0.139092196852477
0.13406705425404
0.132475773347693
0.145121012084851
0.134242455008852
0.145602300047015
0.123542649995966
0.131678184237854
0.139293037326883
0.14122662522265
0.147229943075798
0.160084652920765
0.156070799685647
0.151602778745206
0.13481688410516
0.129617168387022
0.138902204694605
0.122509570366819
0.119174263967296
0.126038423384688
0.12461976278936
0.119642174328284
0.121454692100447
0.135180626465663
0.14167609761345
0.148196381148661
0.149112348783303
0.146865917027583
0.170477928087451
0.168570742094853
0.173319489923315
0.155176907396103
0.150879528637816
0.158910740499919
0.190108869694757
0.172520460205166
0.15654663618088
0.189352313600635
0.161334934995528
0.16301465342087
0.146127352619016
0.155387169159947
0.157567566840378
0.157224513352433
0.169200419163083
0.162564179651962
0.153195128281991
0.140216894794882
0.135821092986533
0.139997568540545
0.128442209470563
0.132722996008837
0.131898837891923
0.120711526131971
0.134826310598809
0.12310605909467
0.118941210681201
0.127049945538034
0.131723317956335
0.138313863726515
0.145887913933462
0.15090249325565
0.169014351934755
0.175634322773792
0.160060757417607
0.158765309617853
0.143941101021273
0.126533621200963
0.130527295733977
0.130376278060679
0.13125754129723
0.120471215113633
0.131022741077572
0.135294053962192
0.128313259696437
0.130693803753395
0.146470800723738
0.133048777946289
0.126194640890838
0.117784187227843
0.123239297141945
0.119874939651742
0.136382451070879
0.140026525033201
0.131952919553828
0.142929164214882
0.149250754556873
0.144635288896379
0.149464338128508
0.145543156368469
0.162197440348208
0.165567816881021
0.158534579117354
0.13393889037461
0.141363928380882
0.147044660329129
0.144251930336741
0.128750809961783
0.141621389007214
0.153724736254826
0.152339147407747
0.150961433795651
0.146277573261576
0.158416799430695
0.155795092802647
0.160074570614701
0.157586844416374
0.154282351080737
0.143419792049459
0.126112333560845
0.135524143879002
0.134865610388339
0.129918855668209
0.142192389394593
0.142866880927567
0.15144454750219
0.141190721086233
0.138857092797921
0.157475840399122
0.158272346011721
0.168521796986029
0.133676048017684
0.141106652234578
0.155830914189025
0.151465179932846
0.153105299102184
0.15321902901652
0.165771418704523
0.174067493054443
0.163197866634414
0.170162484898902
0.188796151619235
0.187223691821194
0.165563858463535
0.164463356897544
0.16815626723312
0.166190476489711
0.164738533036976
0.158163063922657
0.161149116609739
0.154808842660167
0.142034620488512
0.136435875103469
0.142148011332413
0.136911178363297
0.137260396694672
0.148040254095408
0.157216981053766
0.143739937609521
0.148700731081352
0.141633295006765
0.150870199190751
0.149344597475567
0.145226230600535
0.148369615452509
0.140460912209103
0.142102487157302
0.137557961323535
0.16096101658023
0.174938980602134
0.164182668196379
0.169806422650514
0.176210768311272
0.179683188503335
0.189508729613891
0.193307339809963
0.17444645227198
0.168742407426029
0.16580730493954
0.152619145744041
0.163202778623799
0.155432165190338
0.16840989218396
0.165418743330357
0.14413043604414
0.14067531464361
0.139102428611732
0.134807281882591
0.1262617588299
0.145525291739188
0.138352076713107
0.136211250240583
0.129097696023087
0.128102405079583
0.11647130967681
0.126789916962162
0.126464636851237
0.12651467213142
0.129148872897818
0.125676943577901
0.128583969620142
0.131885769188989
0.143743005956079
0.136455266578151
0.135315884237839
0.13891136660191
0.151861974832848
0.144977736626933
0.169066626560969
0.156515026804566
0.156371863460104
0.149531743376128
0.142239466196275
0.126652594521894
0.121056069244201
0.139707665814581
0.121799904757345
0.134468834553481
0.134816832122996
0.146158345991837
0.142825963385451
0.138568755952863
0.140450419205219
0.116514603583938
0.122306885236707
0.109917634223386
0.117140744925648
0.129083072295192
0.124351753394985
0.131827014133238
0.122111007662225
0.119126596315546
0.12165869130269
0.135366828463368
0.131363805720179
0.140136408511328
0.149030681082012
0.133221057638821
0.130894322030498
0.133175532427009
0.127687877794916
0.143025426964053
0.146106204746457
0.148805141752727
0.151187580561365
0.154330577805804
0.161053514042134
0.134008007022531
0.139642343185798
0.15028720094673
0.148591287126266
0.170294815031172
0.189299812046872
0.167903606541144
0.168181757492509
0.161476126136611
0.149045288052162
0.142653723882063
0.143784971106997
0.154468909873924
0.164154638711205
0.167478081407259
0.147014769831527
0.142445924295639
0.141124962059774
0.14550343349921
0.141242630428113
0.136407579045039
0.146681132913308
0.165040707449246
0.161629869129872
0.170077599707486
0.158698230579906
0.169029240151009
0.161905065914429
0.170876667642836
0.18910808907488
0.162380931910231
0.159506491212887
0.160820114691779
0.161057180191667
0.154591098196883
0.153707015540197
0.15594226048528
0.145575034939108
0.144675090408147
0.15257415952762
0.143267902849212
0.149558562266267
0.177604651232563
0.180848895913412
0.186769840112491
0.198859281428289
0.193126562730263
0.185489417037215
0.173716218985186
0.18219876135492
0.173664626017561
0.168122185763912
0.188283427611102
0.194656617908671
0.220202407442629
0.196363272766034
0.208705369372221
0.221372803457167
0.227940949676743
0.212755912736766
0.212213448994593
0.184554809319988
0.185553213577366
0.198472447989719
0.19623240985569
0.196023918389887
0.202203867704453
0.20019147967657
0.21714182000079
0.214888956139376
0.20680398002522
0.210182330705195
0.192021872223004
0.177697918706371
0.157208848615282
0.134565173345556
0.137060693445178
0.139189449318513
0.149278724249918
0.143502128057744
0.132842410506909
0.122586965856131
0.121927351329789
0.13147431123656
0.133688284534905
0.136417909745479
0.158331976290072
0.153578798672969
0.15398372639734
0.157266226693382
0.148224765654791
0.146980280192278
0.12510051651947
0.126677013997927
0.126477685005803
0.124087067377681
0.131695299906745
0.128669517302331
0.132475366381041
0.119764762931796
0.138064621699714
0.14735636304691
0.153678479860671
0.143448972461655
0.127998063250464
0.134130433956431
0.128211193727537
0.127900462450055
0.136909886831666
0.13965785253379
0.136287749306467
0.137399066015905
0.145566199430525
0.140551876716475
0.141229861591171
0.153416022321954
0.156825173397071
0.153661360102502
0.148235090075816
0.142057114363441
0.16271818983722
0.150858402937973
0.141419935179585
0.122343026046404
0.134917553221253
0.135251103459422
0.143962436594485
0.129418298239355
0.1288301410363
0.131200302764751
0.134715790062111
0.142752650511177
0.145780775356414
0.14128656839818
0.14081351735958
0.151982788096646
0.156021363404942
0.155205516442521
0.174869165624314
0.181481421876962
0.202801997891477
0.200969238960713
0.196813466980196
0.206240969194303
0.203741414948859
0.19851562828512
0.182374258976748
0.177197512933812
0.178047117247656
0.193341572105337
0.171117850052394
0.168684826203683
0.164442309636522
0.14593703037788
0.152575535088552
0.163388788146124
0.167711549255092
0.172723424016486
0.168135828068441
0.146970220819994
0.149351989751929
0.147021551912943
0.152159099559615
0.154256091352964
0.16418583814611
0.146643551075906
0.15448181017314
0.160274547318949
0.163198277041648
0.160322740125252
0.143750016281192
0.146584521745087
0.153502670727561
0.162092457998248
0.157592814347019
0.141303372214489
0.144263081564355
0.15344083063205
0.146268397031465
0.147394079725536
0.146378995202889
0.138455064262523
0.138706109203405
0.134888638580188
0.148451673680092
0.158359493447182
0.16570361358808
0.163565922647858
0.170351832277983
0.167540994909621
0.159843725968404
0.174458302292705
0.177032442422568
0.202543416331081
0.184158813182569
0.172895820026711
0.158882672607692
0.156947788674858
0.157603805028542
0.17979498365736
0.163419605680763
0.182186312948667
0.178627510509928
0.189286296527157
0.202309548664074
0.186842131094259
0.198571654296915
0.194455542414074
0.186643477029849
0.193850344267995
0.209611785418873
0.159665770329219
0.165712373879116
0.155679173693766
0.156988837475453
0.153396397771657
0.162282261780818
0.168312506224838
0.16516078618495
0.14187809930209
0.143883031131254
0.141557151382745
0.137380454561866
0.154200522615181
0.157902014994812
0.14394584561689
0.149208143781016
0.147671812880239
0.140251322961016
0.134156583971603
0.121533681893525
0.112079934912595
0.100980494590095
0.110667985982939
0.11580962187229
0.115533021854461
0.121709854694419
0.131721474902058
0.125802967155216
0.129254553397058
0.13599290340226
0.138671966077511
0.141995309181802
0.143346237760568
0.140826849874748
0.156360740872544
0.15034104539348
0.159768736472411
0.157590825572682
0.144926923479501
0.143577104346775
0.154734592063387
0.159667970796247
0.140364820859914
0.148070262785652
0.147363792038615
0.140221975485321
0.119901360852969
0.126517585172301
0.130079324322012
0.135558209268737
0.138594615018409
0.13117706839582
0.13906148130774
0.15276191401036
0.15237273437046
0.148978573936436
0.136325133413005
0.154220543167162
0.14987252893343
0.148546389713359
0.136495542735825
0.125484451383178
0.133664194235549
0.11846045305466
0.132355820848102
0.137204197432722
0.13574229318508
0.126140015314207
0.139601923085697
0.159340864156078
0.17231100812449
0.153947826275307
0.159287188128781
0.16650718145402
0.159310694430413
0.139759111361816
0.142730861163187
0.136632134227643
0.139433286862993
0.141497848011764
0.131484813483703
0.116133698517807
0.133296214178896
0.134009764092252
0.14622816437526
0.158047550900238
0.164835749469416
0.171113899730778
0.18597729980116
0.180547316070358
0.16619395488125
0.163343940316141
0.164839683124422
0.158014263817708
0.143953130322773
0.154079707025108
0.166552139010577
0.172229423661386
0.161684165565233
0.155492810939815
0.15790682406468
0.177532334585672
0.181445967108299
0.185976137025391
0.189356775669617
0.193279849144638
0.190019039788745
0.205919223190097
0.192989304792185
0.183062262210339
0.18629115223146
0.165441514719941
0.153217337591594
0.160812494160445
0.152642740477291
0.147674225790781
0.163964650125818
0.159219348174616
0.151016905508023
0.160200299287187
0.160975600094133
0.156578629032864
0.170293366957348
0.206207753342442
0.190739717878311
0.17547711572909
0.153364613117524
0.139855964968481
0.145429340895103
0.142030405243544
0.139647381457502
0.123299934853996
0.122186937246907
0.118590937360885
0.113538175843375
0.121497834492513
0.145916640565297
0.150721625545901
0.150043638720305
0.155090657211374
0.175717467024393
0.177852263099741
0.163082437557432
0.16374900519297
0.17352032306477
0.204390505533677
0.210926747204472
0.209034943183148
0.168973387070389
0.16626325248773
0.175273071062023
0.161307672813895
0.146541147011201
0.153495789274326
0.15378243065155
0.154859322066517
0.158607471178671
0.163851550465553
0.173887078714139
0.162082638049774
0.148644880719803
0.151350932674913
0.151392877744868
0.17015412194452
0.178792914150104
0.185994158562919
0.195975164231416
0.184245374700122
0.173924553115358
0.17366073025902
0.169114025653867
0.170705164334095
0.143579864953427
0.146597140988994
0.149580999550936
0.136894937975714
0.136217456982092
0.122548951494378
0.134155674934429
0.138515917280381
0.138700831241475
0.135183961568918
0.12916976265583
0.138265223654332
0.142702246501905
0.167749556327859
0.18880212275575
0.180591937587652
0.187772085633193
0.192127605547671
0.172353319821173
0.164054145443929
0.155300042503668
0.14384379523819
0.160551964704745
0.158686870831865
0.150860237876132
0.156499255512499
0.154212214471157
0.15608908900418
0.169222550599538
0.181814654555385
0.201461129369351
0.215569026741887
0.201796735641201
0.179141705657181
0.184891038374375
0.177846259480972
0.178984114708428
0.185489520986027
0.195579073660488
0.201774118221698
0.190069794222548
0.209358788288772
0.215048286729641
0.222223386606693
0.23482731131812
0.237218476424903
0.227122228917563
0.253099752798079
0.235593277241746
0.243375871593921
0.244368137780293
0.228213965088225
0.206606197352371
0.205917877423228
0.19961986582235
0.196708024141425
0.187518489909492
0.201726031605379
0.201626512957052
0.190490854723768
0.17317268473828
0.200439373280702
0.1827933348233
0.165599218211562
0.189294807469047
0.188285867463098
0.201034584003895
0.192962743518658
0.199989554261328
0.202154639397082
0.23306727367555
0.22159631365
0.201153302494134
0.224684473169928
0.200939332360236
0.204849162626274
0.185517692905423
0.159114169235257
0.146719267848155
0.14689709198108
0.149934159240895
0.130947930515124
0.133187810687686
0.13662304384975
0.130427956463425
0.131409085657027
0.147766569496276
0.154523658759152
0.149407375611868
0.141126199281924
0.14967922109088
0.128092470378167
0.141591407098094
0.146706510412195
0.148777387479191
0.16186713689468
0.151511088116035
0.157724925743018
0.149963271482135
0.150679365464665
0.157326208577544
0.167015004696815
0.156012136437787
0.161344723119868
0.141736032467165
0.144198577910635
0.146518722668824
0.13578484173815
0.130539400416247
0.123566599136145
0.126791637418937
0.126054486069521
0.128412575231956
0.138229094245107
0.15554165711991
0.149817383441756
0.163480108609954
0.172436078247863
0.166991810558644
0.180197580316109
0.18101071219677
0.176669010162942
0.169552984029795
0.173283959725456
0.185304674939587
0.201437254780665
0.209259834576655
0.194821332560871
0.182453314287658
0.182103542679982
0.182426129238417
0.17762980232804
0.174121517707686
0.176868721235743
0.156856428256729
0.155030173692923
0.127381759506458
0.151236753605724
0.147477126531855
0.138965609409285
0.135634615674776
0.154375624745193
0.149053442877244
0.154234286792851
0.164493165098884
0.16114415369717
0.144356362207875
0.151520338753829
0.152954139673711
0.172436128829092
0.164934993273587
0.161258063049451
0.15647472647708
0.157465219921888
0.174316733809372
0.177784648202774
0.186361037715334
0.20390198546965
0.18592835445896
0.1545136986911
0.142170285292072
0.135831740425385
0.136129542493399
0.124821616491675
0.116862769144534
0.119002180991949
0.141204783488748
0.150793653080667
0.14886859125124
0.164053242044945
0.156560218903851
0.158771447742544
0.162738677644638
0.169104819752914
0.169943311274101
0.185852853968254
0.199388063532821
0.178168354592747
0.175318215417122
0.192150802716931
0.182908495190741
0.188437315840021
0.187310448334618
0.186794360969941
0.168346073636262
0.164196398922325
0.158700606954433
0.15528311120859
0.145262637928069
0.158535680485722
0.183548770662392
0.182452214855117
0.176798694347042
0.161454449572719
0.157060409579916
0.167328622580512
0.162923791199065
0.161245643052128
0.182412596125194
0.151285844666569
0.158355605320351
0.158073809106531
0.164464331989453
0.160681470637035
0.149765874558393
0.142055844727362
0.171341583314488
0.167788253767261
0.154648299488301
0.157901874734732
0.164567720688977
0.166955479634294
0.173764773682131
0.150636363509837
0.158168920052181
0.147921337261882
0.148948813892298
0.154487413516384
0.136322414488504
0.132265905603219
0.129430359768727
0.128999726397299
0.13213123913602
0.14203633600045
0.137462957168418
0.128304312846706
0.129034034098277
0.140323414275043
0.152041015606636
0.159731147349376
0.163597312187152
0.178202052142792
0.178083086043581
0.181842805706455
0.187013641954084
0.186952970570283
0.168708661778688
0.184702089499937
0.192973338055791
0.195321896669907
0.19151783838116
0.19177495527431
0.182964328615205
0.18242275138808
0.175523399402918
0.191289695293731
0.212806522147111
0.210518376399897
0.185553818218685
0.196114704734205
0.186924764196217
0.19207680499734
0.177650531374069
0.156538967669764
0.159009307243822
0.159110510354807
0.155130916446341
0.161921727454971
0.158410670921953
0.155155389750682
0.159205838494211
0.163466174146876
0.165284782864755
0.162549087198485
0.178447430183298
0.17432526392974
0.158894694133991
0.16676234767069
0.184751619276639
0.187643173046476
0.181230214776225
0.18223620077379
0.186677080132746
0.181827419528319
0.183510832800057
0.182823767093957
0.186964827945523
0.192632072833516
0.168869679945835
0.161972053179803
0.151354980676062
0.158787413039728
0.156487152873789
0.1733327673794
0.174805160581335
0.18378227105213
0.166486531933017
0.173185884857708
0.184883583762665
0.189965615033881
0.18704111714688
0.168970932499322
0.153920287857113
0.156953952624478
0.151532400430935
0.15686999371818
0.175205290189315
0.189343361297296
0.172990929769148
0.172851416402189
0.165066370241015
0.166738587256298
0.170287663528084
0.181090218393229
0.179711582532086
0.164870892813077
0.176929414990571
0.152534473830007
0.144546461021399
0.137357714658338
0.138908148274909
0.144280162427913
0.143133490424669
0.173908183140449
0.169637601894474
0.179395507246741
0.17311904546965
0.168368378605248
0.163546272479614
0.167769999872934
0.1602675606191
0.152635977380447
0.166281759081893
0.172103774206666
0.166938539937876
0.168277843607602
0.173002503919107
0.18918007403892
0.185260860053507
0.176705743611922
0.192717495472075
0.190476395574958
0.158679553086993
0.154322319556494
0.139068987901526
0.154307900416357
0.156540741387662
0.15586244433313
0.15446164353889
0.154069048391172
0.17408759249138
0.174378967848542
0.15783101010926
0.1584099042502
0.173517967763515
0.170499716384908
0.16711350350649
0.151175332903818
0.158739966124049
0.155731030311453
0.148352784185833
0.152874074888546
0.163669075356392
0.157906162090054
0.163249445077673
0.151360221419118
0.156430956580503
0.153311791973918
0.16714347950562
0.166080524222188
0.159998928984267
0.151938196245247
0.150983671789951
0.143284752365449
0.135284371957597
0.130819727200579
0.136576307659314
0.134811585992803
0.144609002157568
0.133428481293956
0.129703339978932
0.137681843492872
0.143335815884989
0.137767663671945
0.128372025594336
0.140523954212812
0.147663498434024
0.1484105898893
0.156802342189702
0.153769217701694
0.146214325959823
0.153144436039118
0.134298467370404
0.140338859818355
0.141572974585425
0.140193459324616
0.127696057242016
0.135824988386873
0.131994109816741
0.122440367009442
0.131511866438917
0.14226739364094
0.158294239257295
0.15630142577013
0.140086756915931
0.144889200332876
0.15888493945956
0.165995904008188
0.14675308379596
0.141196088397029
0.154207196235593
0.161523611539013
0.17833572998742
0.191911586430499
0.186796821041311
0.188371049889608
0.164529510445994
0.165518688304595
0.179798762579541
0.171527785941475
0.149909872510166
0.132172832802923
0.138470394781348
0.150788762733023
0.144065607103131
0.14250240315075
0.145413914186871
0.142055257556764
0.142691424486381
0.148810765594743
0.145721613141869
0.149100827968304
0.149943425062313
0.141150120487497
0.136431379706596
0.13277184870961
0.130198376797649
0.129674341195784
0.132196305167351
0.126898039231489
0.131979608921432
0.133059006157809
0.126029554301684
0.134669955212193
0.140986126338754
0.147087173671286
0.142898622762489
0.156002514064143
0.157641411145354
0.151466249548265
0.158731662964001
0.148423773141399
0.142048389584489
0.129630341523471
0.154351471243256
0.16225237135415
0.155812038095881
0.133921501004665
0.137395352138358
0.161291832040257
0.168621147520456
0.199570983052271
0.179209444547543
0.167191914330297
0.146563395253145
0.143745154468512
0.145148200412788
0.159447258652714
0.175710643563333
0.172198104040066
0.168889573814219
0.142306946047335
0.142404295967761
0.151935383397591
0.161821540219387
0.176321012961922
0.156626018460329
0.149179127173874
0.143957570569187
0.141514088501806
0.150034923755316
0.179025888167286
0.188289930905526
0.191646420827843
0.196405147289107
0.188320905206422
0.1715005986828
0.174060253796514
0.173399596960602
0.167106708630719
0.167580725397833
0.190333196482093
0.186942669945534
0.18018422224272
0.177273974638633
0.186878991509684
0.174134934170051
0.178313098242063
0.189628166415816
0.182551425931351
0.174582545108771
0.148904335067113
0.132142237941987
0.127998195884084
0.135078807337539
0.147460523483612
0.12593077298688
0.127652787699202
0.130668141456559
0.136518432879435
0.129327491303556
0.135580889875801
0.123236113410817
0.112481867758146
0.116228316696335
0.121924975063007
0.118137986803005
0.127192169078099
0.115260436449912
0.122796151761711
0.128792851264708
0.142205037119297
0.15351397457739
0.129920087240479
0.140033364098834
0.135884312438064
0.140171721727457
0.135388233855582
0.141342318720064
0.147688598677895
0.161660433190195
0.16624772992289
0.168182648583757
0.155009133801213
0.166221332277448
0.149886228128209
0.145714384080491
0.146435162167786
0.148328602170893
0.143920244824412
0.138519633207456
0.128387031369836
0.128238690572241
0.136001504528878
0.143114289343697
0.155378685822802
0.162418447126076
0.168163783951276
0.168655070403354
0.180385620448826
0.20670073759436
0.190348849929128
0.188669634113592
0.180599776272389
0.182880318916494
0.166451521807894
0.172803881632676
0.169070315052807
0.166500744495666
0.179616508892382
0.187868513240264
0.186606559802729
0.196024914133823
0.187427911990624
0.180037154214622
0.170466360591413
0.174058750951413
0.161535320488103
0.158132599932548
0.156853868266685
0.1620907469871
0.153659079986766
0.146516593743695
0.134547941063316
0.141966277972656
0.144809782495554
0.158960233889805
0.153375002375635
0.155000247131389
0.148267699702361
0.138402946004616
0.128880788836661
0.134852571005789
0.129587698344806
0.123268597568086
0.13466116194283
0.126051196761665
0.127695744525965
0.127219570278327
0.137068241390387
0.129827548842586
0.13704556509184
0.146365384978366
0.157071590112293
0.153631437025224
0.157267921233747
0.152333782181872
0.159704306765453
0.171095567683077
0.164475434558105
0.163719337936323
0.168948442356753
0.168245834890176
0.175174573886323
0.151642537845154
0.146017162437923
0.16027504898762
0.151188845931975
0.153384004323177
0.122881795744144
0.127212218736296
0.121666001743294
0.123202744417182
0.135163392944298
0.144355955061801
0.14169804796428
0.143533463867639
0.137253097616117
0.154595046528561
0.146007204325379
0.151894664986151
0.159300641144694
0.160872897593699
0.182560292779839
0.167261923176381
0.194678064271005
0.189296246019998
0.192899156016011
0.177039016612673
0.179231729179746
0.171471348859207
0.174668895029743
0.176854958588466
0.181346648201037
0.205113399561185
0.19643714777681
0.192503751243397
0.194959880067152
0.158514667113088
0.16038565651039
0.157135229558621
0.161410803873994
0.153503907716997
0.14548831123416
0.156369192842796
0.132533315029163
0.114003044322294
0.12433436304387
0.133026332468202
0.127650861377499
0.13173897970923
0.140730194827656
0.1486112676699
0.168492624946804
0.167871862529955
0.177390498846309
0.162136237489174
0.155784451749992
0.152072220463868
0.16287266318853
0.143002537102244
0.140072889703752
0.139683350512058
0.13971101072168
0.146395767324254
0.138376136482031
0.145216170487303
0.155388850729953
0.154913476345313
0.152667453017243
0.133891226917372
0.15268542492786
0.172224461762516
0.164042622974552
0.163131149945551
0.163224943268925
0.139155277405836
0.145232526770329
0.145430281866986
0.150687878811544
0.161004323181034
0.160874470147632
0.166429501569046
0.169284043511005
0.174064205011712
0.162892916208681
0.178005049677964
0.172248208888545
0.170571087513701
0.17675674471375
0.18189167066466
0.184142915138936
0.184056779808515
0.200387453601852
0.187096651175129
0.182351147617375
0.15239799042936
0.168071191225882
0.18970621844375
0.200798548941746
0.209708852215074
0.218947995313674
0.21457469707159
0.196042807147113
0.188035766331763
0.193370887845016
0.180402324301379
0.178808206832897
0.170215080872616
0.204029852582527
0.194420104123018
0.19083810867499
0.179952549436322
0.178236158589209
0.158640908922257
0.167628650044119
0.159563399717364
0.163432885583939
0.166396787158905
0.147759901768742
0.141093578393452
0.151042230247087
0.148241876760933
0.148824256233525
0.140691245183136
0.146535099466705
0.150608681618089
0.146157343808685
0.146808799000501
0.166039244088334
0.16502167339112
0.158908972512895
0.167280636489709
0.170768097272785
0.173536069527911
0.169624301956381
0.161450221760736
0.152130270976904
0.15431622818639
0.166398957955789
0.168905106272272
0.159566243574096
0.164942521067522
0.150679204802921
0.162826110231019
0.16907333313201
0.191035174769856
0.18408905085141
0.197260960727118
0.194354986641808
0.172930998234232
0.160936145969386
0.152288484988102
0.157780551626572
0.159198488116071
0.159668581907998
0.158817901634615
0.154148709923968
0.157518162922958
0.162256300132727
0.180333391553996
0.173958325851986
0.1686911180422
0.150496627007133
0.175406130995708
0.179386579551555
0.185812041607124
0.161683605772866
0.155980495956906
0.16802689660677
0.164049394978124
0.147244956304406
0.15292921016221
0.155727490524013
0.173157469454375
0.163263960157683
0.174230285524234
0.171080853026231
0.16964233560161
0.158817477060567
0.158652082005565
0.166269102159272
0.155193885490371
0.144427114823759
0.136626511230482
0.137276383550102
0.142241471671682
0.141079815040751
0.132440784432083
0.140789620183854
0.147122062647452
0.168497662093119
0.175176559393208
0.174060818310556
0.158524550041784
0.16540834119742
0.180547467220418
0.184982239921642
0.171007301650608
0.159563950440096
0.154937669771638
0.158948886847236
0.158708341957235
0.158699077920866
0.148899260231521
0.137304230630816
0.13340231923549
0.142194052901283
0.149695705156985
0.161895119951696
0.196988790461132
0.186986169679709
0.196006698751144
0.196208858219212
0.202816975875053
0.214332382120913
0.212311335707145
0.217696873482515
0.202969086469009
0.180990862413866
0.187689218034243
0.172354628301048
0.1711076130642
0.175627516958225
0.18408571588912
0.179312285794166
0.183616032568994
0.177093125769042
0.185447852985531
0.195100802196783
0.183962592483091
0.198941647706674
0.192124981059741
0.178516982677869
0.179948435457481
0.16553433322703
0.16590804706572
0.166828829977895
0.174774278245939
0.166480856606377
0.173693387517116
0.183289999583707
0.159314040387573
0.143441806330748
0.139742005449119
0.139152961186798
0.147547040845388
0.132885043814672
0.13854367365004
0.143452324501975
0.160779075401016
0.156205190833361
0.166437037598767
0.158335156907671
0.169622750817825
0.161824715177238
0.172811865749238
0.157963170281711
0.158530746352078
0.150235693868096
0.162049986006999
0.154219813757676
0.168565368041868
0.166050482877013
0.152918974968784
0.16233091248104
0.142303382649157
0.143498525720077
0.146142578488994
0.15748720384991
0.159587550627629
0.160562565407465
0.160278814450266
0.160128262655002
0.150763894986366
0.166363941982043
0.16929632029259
0.170758161796717
0.175568364760703
0.187325608909979
0.161929272430779
0.138221858153377
0.129121814269804
0.124154927198163
0.134965061037736
0.131353123413852
0.120419492281062
0.13226966507428
0.134320049503828
0.142311814977242
0.143510617316073
0.152566114023889
0.164683996760919
0.169837274003725
0.186612366227806
0.169404764657259
0.1669568337622
0.182112501850976
0.170318874758669
0.183020096148701
0.178316852033967
0.183850116933874
0.175776102139418
0.164146401184819
0.174248260592582
0.165235438605877
0.150723845984862
0.147064972235531
0.146502696909067
0.133389643577563
0.132915700644368
0.147238690816506
0.166250443838791
0.162725022791143
0.162857981316163
0.16029064652613
0.166988289948088
0.171695539844711
0.172033355780535
0.175600517501966
0.177733185694285
0.196097558218325
0.190719737616245
0.178024872212938
0.173041502850739
0.165660298424389
0.161774326155211
0.141256198415702
0.155809496462582
0.164174985149771
0.160456864146311
0.154435204066177
0.150641936743176
0.153544469436922
0.175150004609738
0.179368393928709
0.193486787947828
0.211018821779032
0.223819544332838
0.230615030765905
0.233444466612922
0.246567956139045
0.203965584730892
0.189316691945394
0.184799725863648
0.185562756211027
0.178594426839619
0.169068875202107
0.165840638378549
0.162164965180073
0.158845041047181
0.169844577535059
0.168410961463587
0.161301695175683
0.152110294592316
0.153657415725309
0.159133111478538
0.182922498098526
0.181387429105764
0.166181795360171
0.163492169878082
0.172024872024684
0.166717372536133
0.146887304415964
0.151409362426658
0.167424486468932
0.166905185365122
0.161130295421828
0.166442683553891
0.152175266985323
0.159364320529252
0.16874367232832
0.156359446142653
0.153006756796042
0.16563783661854
0.165656637699774
0.170367693423318
0.159549586732224
0.167091507862626
0.151879389795511
0.144635292677821
0.128795224841351
0.130072961019429
0.126608273217064
0.128351250459937
0.127118301585005
0.128299648077587
0.138195510441478
0.130997113713989
0.136128599892633
0.14221115652746
0.14264425816716
0.150378124937598
0.169485451064635
0.183576931668533
0.178075704040273
0.177030840065753
0.175564834418872
0.154103649304237
0.151945388943292
0.145222996598693
0.157804065267624
0.159024820320121
0.15017494693351
0.162043607178324
0.155739735016871
0.161867791307916
0.164622395855982
0.161818458795894
0.172460454309169
0.193474408239993
0.187373467269628
0.177902546867932
0.183691154883545
0.182585839056837
0.173181258789117
0.174805022253126
0.169092548556851
0.17195440797855
0.167853144203426
0.154475496803036
0.160531451472858
0.164128695546378
0.16311478726288
0.159723012818859
0.165426890742745
0.161732187302447
0.164023509456073
0.16992723896889
0.168758391650379
0.159441238040243
0.17703157620104
0.174455914417749
0.182942941982636
0.194377216963639
0.200188189053796
0.184056621872789
0.186655490015861
0.173501781603814
0.165110033855741
0.166231732868927
0.154111583288938
0.14398501192484
0.139569162830764
0.157287523767733
0.149480923257787
0.150507320401673
0.144225199498142
0.136400873692693
0.12662631669468
0.128978225456521
0.12364371379477
0.125533070861
0.125334361940153
0.149642373627251
0.138687934321684
0.141936571349805
0.141431415622769
0.139908817447015
0.142822473900375
0.14273201714782
0.137478471847549
0.130758040899699
0.121759737690331
0.138256207991785
0.124269644805925
0.141873616547445
0.138268413516732
0.129499322299685
0.132544854338536
0.128743519828383
0.132871814028323
0.121907820405583
0.11994193772466
0.127989818022749
0.115093136819188
0.137172704828986
0.135145465020768
0.14657076010168
0.140471595815057
0.148988097381753
0.148617071623275
0.153614113336334
0.13582722340187
0.145108706553598
0.133807453138923
0.144714163198555
0.151754552797156
0.146498753631956
0.153886625275417
0.156842689681634
0.167617459651508
0.159455483916439
0.164679661345974
0.172244752592272
0.190220711031193
0.197469376251219
0.188507382092566
0.167091731255203
0.173990464604194
0.177885085936491
0.176703153065085
0.183649287272141
0.187278663248661
0.169668264753063
0.198135781859511
0.215502623798569
0.188245257538731
0.171953720589929
0.173859333456066
0.162240641752156
0.168532990088756
0.191607252761845
0.189723616901361
0.202338396092301
0.214512367736779
0.19977865473737
0.220734273148929
0.214426363284264
0.212942603380945
0.204081449888401
0.218821787776361
0.21184033138405
0.212458951764886
0.214630124714011
0.233179287551933
0.210308491865671
0.203491958719966
0.185999095816833
0.177089459561725
0.186263648634891
0.192883782727716
0.165599874441911
0.16033459297795
0.157451755830974
0.139248972777493
0.148711110165816
0.147854025416875
0.153031879090334
0.151571253434985
0.141344358128814
0.130693230504566
0.142261830513288
0.151252415205925
0.137197000482414
0.150608309182272
0.133653333514012
0.152104909168708
0.160574342309033
0.1592375835535
0.168928563237358
0.149473076397978
0.159542655496225
0.167315205203286
0.163821177699612
0.168388087142547
0.157046414017286
0.170834495709646
0.157719833156659
0.156223376130121
0.15889224416234
0.156052179517484
0.137025545484616
0.125958448436139
0.123643414263523
0.136914100827345
0.143016485562811
0.129369115697116
0.123539537840318
0.132287851033217
0.134663500037272
0.128485942709705
0.137743858497107
0.134860121901953
0.133320193348339
0.141454764555857
0.145592980133329
0.14815048156766
0.152828007142003
0.167751635089431
0.169225661565715
0.174395929886881
0.168527330049578
0.170448801840744
0.163735599519272
0.156447126188627
0.154626313523992
0.141538795949079
0.13359124298394
0.122701833079996
0.133428520263099
0.139122945372053
0.127294331821114
0.129051665673264
0.12970059279401
0.12951916535347
0.125653813096056
0.12038593203712
0.148573328713583
0.149493268982079
0.167525691964965
0.181313214708936
0.177942391471659
0.163127253068513
0.142488597514591
0.135284184618666
0.12683600711679
0.123514007571377
0.124067352008199
0.136592220356497
0.150469704953547
0.155057058011541
0.143030143493973
0.150861994328122
0.16229713178727
0.167075040330825
0.170322717489373
0.157794459304656
0.163118171899213
0.16419194325661
0.170091346897811
0.163428838405595
0.172126908540768
0.133289272975365
0.13377277925528
0.14193463023669
0.147666709115524
0.155796442442451
0.164767637049672
0.180775737444876
0.197750093417377
0.185848808282194
0.172821434302235
0.153248596101681
0.169675580051413
0.160480420111242
0.130556946334039
0.157750664873536
0.148060716347061
0.154969248657001
0.151470120274594
0.154712773026896
0.146613403920578
0.128372245304728
0.134088589371522
0.149902514473158
0.160708343897825
0.149945217649464
0.170598754144284
0.165101682183218
0.159961897288146
0.176547859892124
0.161647863628455
0.165692883597072
0.169722050112901
0.168936732112372
0.162441756552519
0.151038584303907
0.140745402166667
0.153726202667173
0.154933377977366
0.146490915496374
0.159666282936123
0.145680232504515
0.139631905293451
0.127758970540664
0.117280176510733
0.120878155268852
0.124092898981931
0.126205857590441
0.119641387853868
0.13545658528739
0.145219526165382
0.152462064857877
0.163543336769408
0.164512926999041
0.179924107529638
0.177828911668315
0.172706615267752
0.16225027074121
0.175902570816606
0.17414585592341
0.158672237605489
0.161872744788222
0.153450235498956
0.139291094524381
0.14867236131355
0.161531249298305
0.160437268023415
0.161165034423838
0.157666372251298
0.146790411056311
0.162571274018208
0.159337476639692
0.166919320099199
0.158435219015294
0.166821107115176
0.180902608053914
0.175538283327904
0.158601405021157
0.158009373970663
0.162342859883492
0.161567245683971
0.161005546542126
0.171957365591091
0.187824267206664
0.190665674622203
0.204124650402545
0.176480592309432
0.173817430210599
0.188230000711885
0.172112932621542
0.168662043230517
0.157590176723489
0.16985193998664
0.17420177216586
0.195226128346862
0.180626721696125
0.160552390064838
0.142221482046236
0.144356553844264
0.142891769669962
0.151545967418593
0.144529720101813
0.146351518405259
0.150243058487605
0.153110642479347
0.16157734790565
0.193786222938347
0.203084355150592
0.187326362667902
0.15082168459183
0.163769644241973
0.17155574032084
0.164873918877118
0.156697520448424
0.160673031788507
0.190826981537584
0.19910163684796
0.207192202032389
0.196136695634437
0.206344755684941
0.204888380053303
0.205124081027162
0.198114226681979
0.184778313124712
0.177246942203055
0.167245042871096
0.169882606514571
0.161981684109515
0.139711370023422
0.148111753836541
0.148033872656244
0.138564937660153
0.138783379200399
0.137681567004091
0.127259587916305
0.126967642490444
0.132129235649492
0.152891245181645
0.168439872966908
0.156649616584986
0.146483147278353
0.148962083232635
0.142167485779841
0.145689262173606
0.153415011073677
0.143867393307134
0.148799160264647
0.149150932923078
0.155529027401752
0.159583573206617
0.140763191315454
0.160751980532278
0.150248918480747
0.16636676647786
