"Pop. Q" "Orig. Data Q" "Model Q" "Weighted Sampler Q" "Hybrid Sampler Q" "Weighted Hybrid Sampler Q" "NZ Sampler Q" "Orig. Data L" "Orig. Data U" "Model L" "Model U" "Weighted Sampler L" "Weighted Sampler U" "Hybrid Sampler L" "Hybrid Sampler U" "Weighted Hybrid Sampler L" "Weighted Hybrid Sampler U" "NZ Sampler L" "NZ Sampler U" "Model M.Frac" "Weighted Sampler M.Frac" "Hybrid Sampler M.Frac" "Weighted Hybrid Sampler M.Frac" "NZ Sampler M.Frac" "Model RE" "Weighted Sampler RE" "Hybrid Sampler RE" "Weighted Hybrid Sampler RE" "NZ Sampler RE"
"Same race household, $n_i = 2$" 0.941926116737896 0.940756602426838 0.904032833690221 0.897466095645967 0.915838686652391 0.910478229835832 0.894996431120628 0.932015370534938 0.949497834318738 0.890797002888637 0.917268664491805 0.88351676572063 0.911415425571304 0.901079512754838 0.930597860549944 0.894025500514436 0.926930959157227 0.880644031785878 0.909348830455378 0.32056228290217 0.351077181883957 0.513915576061983 0.586085417254553 0.37389560166212 0.99362959656333 0.993027414674452 0.989826257374799 0.98841409821653 0.992577592080256
"Same race household, $n_i = 3$" 0.907756356524169 0.921810699588477 0.866518518518518 0.845415637860082 0.89124279835391 0.872460905349794 0.845909465020576 0.90671495677627 0.936906442400685 0.842716161682496 0.890320875354541 0.820708383183262 0.870122892536903 0.865320664700872 0.917164932006947 0.844110433723816 0.900811376975772 0.818739370968996 0.873079559072157 0.354097299584997 0.322768482354255 0.543129944160204 0.561465101300872 0.441120633574904 0.992967855277431 0.993586034868741 0.989254129200937 0.988895394938102 0.991254741606964
"Same race household, $n_i = 4$" 0.901040239021983 0.898270600203459 0.821668362156663 0.7970498474059 0.859064089521872 0.83763987792472 0.795666327568667 0.87937336945856 0.917167830948357 0.792501402112597 0.85083532220073 0.765718907840867 0.828380786970934 0.818489958555475 0.899638220488268 0.790317859103628 0.884961896745813 0.762569364392862 0.828763290744473 0.326583682539204 0.355655837954322 0.711881122859746 0.76205020365725 0.419491903780573 0.993510712258966 0.992937122314545 0.985962241843581 0.984987796974316 0.991679965665241
"Spouse present" 0.696089788177464 0.6946 0.708768 0.708672 0.683972 0.685168 0.654688 0.681833701503887 0.707366298496113 0.695149004466508 0.722386995533492 0.694907552755756 0.722436447244244 0.653732120339825 0.714211879660175 0.649463999571184 0.720872000428816 0.640487396587994 0.668888603412006 0.144848535121186 0.16262837600461 0.817337944309229 0.869153862570916 0.13857681483713 0.997111397494406 0.996757977377389 0.983916159771987 0.982913931202413 0.997236123886226
"Black HH, own" 0.0516183603470128 0.052 0.050624 0.05154 0.051168 0.050916 0.05182 0.0458458379282808 0.0581541620717192 0.0436122040218491 0.0576357959781509 0.0444591136720841 0.0586208863279159 0.0440580911434933 0.0582779088565067 0.0438451767843609 0.0579868232156391 0.0449535135314384 0.0586864864685616 0.248609566103202 0.250587172437189 0.261734532102327 0.257043597962926 0.199111417780763 0.995052409046739 0.99501324886857 0.99479256865011 0.994885421434273 0.996033566886799
"Spouse present, HH is White" 0.599775502957163 0.6022 0.617444 0.618648 0.591432 0.59248 0.57576 0.588633561392725 0.615766438607275 0.602916650621567 0.631971349378433 0.603601398158638 0.633694601841362 0.560573924111157 0.622290075888843 0.556115255106833 0.628844744893167 0.560906754467133 0.590613245532867 0.139986567630274 0.199159755205929 0.80393619304557 0.858833328348877 0.149244637613365 0.99720808525863 0.996032607793096 0.984175710519934 0.983113389117596 0.997023990317465
"Spouse present, HH is Black" 0.0394226382924393 0.037 0.037784 0.037188 0.039156 0.038712 0.032052 0.0317678872481539 0.0422321127518461 0.0319717915131823 0.0435962084868177 0.0312321966853928 0.0431438033146072 0.0327175008621289 0.0455944991378711 0.0326068122829442 0.0448171877170558 0.026724157975769 0.037379842024231 0.172975967641186 0.224194022329145 0.302225423636362 0.232631615112053 0.160133868257143 0.996552407659599 0.99553613499045 0.993991808094153 0.995368914436048 0.996807547031718
"White couple" 0.579721054444523 0.5828 0.591484 0.589276 0.57174 0.570696 0.547036 0.569132313450095 0.596467686549905 0.576837965903518 0.606130034096482 0.574184214320666 0.604367785679334 0.543452714458213 0.600027285541787 0.538046691505055 0.603345308494945 0.531745189669786 0.562326810330214 0.134449593576553 0.183379792082765 0.763707497649615 0.822378509168436 0.18556977498894 0.997318219414664 0.996345806264095 0.984955639859737 0.983818574940957 0.996302328023355
"Non-White couple, own" 0.058092599710335 0.0564 0.044916 0.043744 0.045872 0.044092 0.037092 0.0500056470126076 0.0627943529873924 0.0381752739823423 0.0516567260176577 0.0368192939703617 0.0506687060296383 0.038857680443022 0.052886319556978 0.0376182333099389 0.0505657666900611 0.0308966161107791 0.0432873838892209 0.274219017466093 0.329214208565219 0.316014782566229 0.227042273878724 0.284638822160534 0.994545534016733 0.993458785046773 0.993719399600071 0.995479680594356 0.994339447814924
"Same race couple" 0.656125856659702 0.6546 0.654372 0.648724 0.6364 0.63304 0.597556 0.6414200957267 0.6677799042733 0.63952403546895 0.66921996453105 0.633638808023479 0.663809191976521 0.610130248943009 0.662669751056991 0.601537590097587 0.664542409902413 0.58194711819213 0.61316488180787 0.21155694815754 0.230327644721165 0.74115758151044 0.81910891266444 0.241321854820575 0.995786688144804 0.995414570130813 0.985393364739071 0.983881871796058 0.995196745509246
"White-nonwhite couple" 0.0343953940867373 0.0344 0.045796 0.051284 0.040544 0.045164 0.050624 0.0293482606020932 0.0394517393979068 0.0381564600285034 0.0534355399714966 0.0431101099842915 0.0594578900157085 0.0328368987857267 0.0482511012142733 0.0362442518888622 0.0540837481111378 0.0425076184337519 0.0587403815662481 0.423913712548667 0.43964399661456 0.495837736124767 0.582384925367109 0.438603252876161 0.991593002578791 0.991283760911475 0.990180621644187 0.988486408337084 0.991304214934795
"Only one parent" 0.0200956772349625 0.0198 0.016824 0.01672 0.014132 0.014164 0.013948 0.0159385267284706 0.0236614732715294 0.0126907231385787 0.0209572768614213 0.0126596035557356 0.0207803964442644 0.0101116497786637 0.0181523502213363 0.0100213575589888 0.0183066424410112 0.0104089667252446 0.0174870332747554 0.255758995153701 0.233555155478101 0.337161915746601 0.374188514251066 0.156191551195402 0.994910852004476 0.995350614648809 0.993301928378264 0.992571820503963 0.996885896907942
"At least one biological child present" 0.43740216490691 0.4444 0.4443 0.442016 0.39566 0.396104 0.451916 0.43062691484791 0.45817308515209 0.429780419639333 0.458819580360667 0.427536106618706 0.456495893381294 0.35811721842876 0.43320278157124 0.35266044151197 0.43954755848803 0.436967942009617 0.466864057990383 0.100165284502682 0.0961826443690715 0.868819934312121 0.901973790386468 0.148217747504785 0.998000699519974 0.998080040448354 0.982920383538796 0.982280180448389 0.997044406478191
"One grandchild present" 0.0277934786800957 0.028 0.029452 0.02908 0.0219 0.022448 0.02562 0.023427273389672 0.032572726610328 0.0239811764254885 0.0349228235745115 0.0233272624208217 0.0348327375791783 0.0138188094957766 0.0299811905042234 0.0136834514900184 0.0312125485099816 0.0206412590227951 0.0305987409772049 0.265846564217624 0.343918090783879 0.746777108515724 0.779363117764182 0.22596487031788 0.99471118896052 0.993168626840611 0.985284245600093 0.984651971393246 0.995501034755603
"At least three generations present" 0.0232609791422564 0.024 0.021656 0.021176 0.015512 0.015784 0.018688 0.0197577757858421 0.0282422242141579 0.0168160114119981 0.0264959885880019 0.0165931053960402 0.0257588946039598 0.00970380880297757 0.0213201911970224 0.0092338110575247 0.0223341889424753 0.0142835452186041 0.0230924547813959 0.30462425913133 0.241446708305185 0.650948060482338 0.72056944519906 0.273291677182839 0.993944408419351 0.995194272376212 0.987148353872764 0.985793348673311 0.994563879386739
"Couples with age difference less than 5" 0.487601459230778 0.4784 0.356052 0.339176 0.346676 0.345036 0.31878 0.464553899941528 0.492246100058472 0.341109621741421 0.370994378258579 0.323653358392939 0.354698641607061 0.329086232096317 0.364265767903682 0.327375379649739 0.362696620350261 0.303521527364245 0.334038472635755 0.210787043195791 0.28488330558343 0.436717651433089 0.442451531699681 0.282949538520406 0.995801956997518 0.994334613369744 0.991341275329389 0.99122858786073 0.994372853201389
"HH older than spouse, White HH" 0.321560094852661 0.3224 0.323044 0.32696 0.321064 0.32066 0.30216 0.309444705074748 0.335355294925252 0.30668898494284 0.33939901505716 0.3110004801078 0.3429195198922 0.301841812432208 0.340286187567792 0.296499457782495 0.344820542217505 0.287583140048644 0.316736859951356 0.371189257356641 0.335637654515423 0.545625454165746 0.712032144293348 0.237262287459051 0.992630921309796 0.993332007496972 0.989205288306097 0.985959305628547 0.995277165262282
"White HH with Hispanic origin" 0.066294455534823 0.071 0.070416 0.070404 0.06966 0.069168 0.068584 0.0638813093569932 0.0781186906430068 0.0622682655786809 0.0785637344213191 0.0623353754342587 0.0784726245657413 0.0618937962714179 0.0774262037285821 0.0607918501798262 0.0775441498201738 0.0608786411758015 0.0762893588241985 0.242112614328581 0.227342596235161 0.174286974016771 0.2944877856461 0.173198946179809 0.995181082129506 0.995473728362205 0.99652636869345 0.994144730394687 0.996547978805067
"Only one adult female in house with at least one child less than 5" 0.0776576233902511 0.0778 0.06998 0.069148 0.055716 0.05554 0.06898 0.0703755301786356 0.0852244698213644 0.0620273729565984 0.0779326270434016 0.0614193222992874 0.0768766777007125 0.0454100815683955 0.0660219184316045 0.0431831843733335 0.0678968156266665 0.0610258509374983 0.0769341490625017 0.209117401948234 0.171926978662377 0.618198036384191 0.734824936788828 0.219850919306522 0.995835071143073 0.996573243464707 0.9877870398322 0.985516360060287 0.995622230745771
"Only one adult Hispanic male in house with at least one child less than 10" 0.0179344942100244 0.0212 0.018184 0.018368 0.016108 0.016608 0.01706 0.0172071959290157 0.0251928040709843 0.0140205891408722 0.0223474108591278 0.0142482616419133 0.0224877383580867 0.0118708447548949 0.0203451552451051 0.0122826092197352 0.0209333907802648 0.0129893000070041 0.0211306999929959 0.208434179707443 0.183597875986612 0.321240916683771 0.328747246979844 0.222224408855748 0.995848622186436 0.996341476423426 0.993616196444447 0.99346800258376 0.995575177892428
"Only one adult Black female in house with at least one child less than 18" 0.0270739709776394 0.0326 0.030568 0.03072 0.026496 0.026604 0.029512 0.0276776223473133 0.0375223776526867 0.0251979470119096 0.0359380529880904 0.0251774871133549 0.0362625128866451 0.0204079232541903 0.0325840767458096 0.0203447137755849 0.0328632862244151 0.0244211385191253 0.0346028614808747 0.210238657305951 0.254929065888591 0.464394775447452 0.491172894908124 0.150815348077578 0.995812832941487 0.994927282345691 0.990797575646872 0.990272103681758 0.996992763785976
"HH over 35, no children present" 0.462490507419175 0.4544 0.456216 0.45698 0.494324 0.493936 0.448164 0.440598717962739 0.468201282037261 0.441961657282394 0.470470342717606 0.44257996402874 0.47138003597126 0.462808941561038 0.525839058438962 0.459083228023197 0.528788771976803 0.433668250346221 0.462659749653779 0.0619251904405861 0.0805484589121598 0.805543149295053 0.840933287678677 0.0956906831198982 0.998763028185492 0.998391621869352 0.984144581489309 0.983459523000486 0.998089842024034
"Male HH, own" 0.476283509974026 0.4698 0.46454 0.465736 0.464956 0.464644 0.465552 0.455966264849501 0.483633735150499 0.450072815736845 0.479007184263155 0.45109516718016 0.48037683281984 0.450494269263773 0.479417730736227 0.450167476540597 0.479120523459403 0.451049254061249 0.480054745938751 0.086878834669519 0.108084684450337 0.0860831866535639 0.0880282861891391 0.0910880383635399 0.99826543724243 0.997842969150967 0.998281295298481 0.998242528420441 0.998181552009935
"Black HH younger than 40, own" 0.00544884114041306 0.007 0.009468 0.009644 0.009464 0.009252 0.009336 0.00468907030558501 0.00931092969441499 0.00637834004276694 0.0125576599572331 0.00652077493397265 0.0127672250660273 0.00646280388979392 0.0124651961102061 0.00627381048847899 0.012230189511521 0.00643703570115785 0.0122349642988422 0.244858302949911 0.247391063701736 0.200146042596169 0.20575149377137 0.154329930939948 0.995126699303767 0.995076539130398 0.996013038638845 0.995901834199277 0.996922899156415
"White HH younger than 25, own" 0.00307220479237348 0.0036 0.00498 0.004956 0.00494 0.00486 0.004788 0.00193991166209851 0.00526008833790149 0.0027499364262025 0.0072100635737975 0.00272556943105365 0.00718643056894635 0.00277016205870415 0.00710983794129585 0.00272543292473018 0.00699456707526982 0.00267524801744082 0.00690075198255918 0.234170718027684 0.238082640387735 0.197633741311267 0.184292368739276 0.179647207443928 0.995338417760649 0.99526091307879 0.996062887300032 0.996327688206 0.996419918882625
"Hispanic HH older than 50, own" 0.0290316703085371 0.0294 0.028716 0.028924 0.028236 0.028188 0.02866 0.0247177252113497 0.0340822747886503 0.0231453057244788 0.0342866942755212 0.0235838719273782 0.0342641280726218 0.0231288958931903 0.0333431041068097 0.0228913878198199 0.0334846121801801 0.0233307808779751 0.0339892191220249 0.308966081839702 0.242943932450416 0.191541913230313 0.249447423523833 0.246564153423446 0.993858627876846 0.995164615895576 0.996183781052962 0.995035817579816 0.995092915155938
"2 generations present, Black HH" 0.0567001328628826 0.0596 0.059148 0.059352 0.052708 0.052668 0.059144 0.053037904765262 0.066162095234738 0.0520681898118446 0.0662278101881554 0.0521063399502659 0.0665976600497341 0.0444969881449364 0.0609190118550636 0.0435887558332578 0.0617472441667422 0.0522036964366228 0.0660843035633772 0.146879995384288 0.182781124832091 0.430176962267576 0.533877599711492 0.112354758840744 0.997071004309783 0.996357692404942 0.991469850232938 0.989435253634395 0.997757942938793
"3 generations present, White couple" 0.00542357192350609 0.006 0.00696 0.006576 0.004568 0.004672 0.005572 0.00385941781719927 0.00814058218280073 0.00426665221649889 0.00965334778350111 0.00387730135021066 0.00927469864978934 0.00193188128751883 0.00720411871248117 0.00158349845576109 0.00776050154423891 0.00314758985481225 0.00799641014518775 0.267589084563985 0.310334481500785 0.496255703710684 0.624221471257074 0.275312670262774 0.994676707408548 0.993831595740734 0.990172425721573 0.987669509710653 0.994523899392363
"At least 2 generations present, Hispanic couple" 0.0272069668560971 0.0268 0.027312 0.028244 0.02638 0.02628 0.02356 0.0223235726966424 0.0312764273033576 0.0223977954549388 0.0322262045450612 0.0231244967485751 0.033363503251425 0.0214368463427662 0.0313231536572338 0.0210152852224607 0.0315447147775393 0.0190086068962074 0.0281113931037926 0.154681378599992 0.195222932592995 0.192207385077266 0.290229652411807 0.146656444590962 0.996915913443207 0.996110726854323 0.99617057318076 0.994228905805009 0.997075449192649
"At least one stepchild" 0.0185635647151295 0.0222 0.024304 0.024368 0.018532 0.018804 0.024864 0.0181161987988097 0.0262838012011903 0.0188994004060203 0.0297085995939797 0.0186800476848045 0.0300559523151955 0.01287010159487 0.02419389840513 0.0133486195033358 0.0242593804966642 0.0196075006831097 0.0301204993168903 0.375579922770184 0.434567132949936 0.562933307814211 0.522623925180529 0.325273727640318 0.992544404980628 0.991383545896124 0.988866680174838 0.989655645637992 0.993536573106374
"At least one adopted child, White couple" 0.00774169008502427 0.0074 0.007252 0.00744 0.006656 0.006668 0.006912 0.00502443956136177 0.00977556043863823 0.00430232904464468 0.0102016709553553 0.00410979792432298 0.010770202075677 0.00401421608621932 0.00929778391378068 0.00404241629005778 0.00929358370994222 0.00397852741799631 0.00984547258200369 0.363601407486299 0.487424291349527 0.271734165682956 0.261431837880263 0.386422981738378 0.992780472457789 0.990345629665385 0.994594692819082 0.994798559684421 0.992330811379914
"At least one biological child, Hispanic couple" 0.0253676338570268 0.0242 0.024212 0.025324 0.023552 0.023448 0.021188 0.0199405730076207 0.0284594269923793 0.0194399109680956 0.0289840890319044 0.0204293607105652 0.0302186392894347 0.0188278065577294 0.0282761934422706 0.0184381707793771 0.0284578292206229 0.0168583921927119 0.0255176078072881 0.202690350590715 0.208197440226661 0.208069456117531 0.298575718423392 0.149866625861857 0.995962559990805 0.995853317767989 0.995855856272279 0.994063932941266 0.997011624637411
"At least two biological children, Black couple" 0.00560710623577775 0.005 0.004716 0.004816 0.003192 0.00328 0.003432 0.00304494206566899 0.00695505793433101 0.00252408304553735 0.00690791695446265 0.00258366921969482 0.00704833078030518 0.00084821168401761 0.00553578831598239 0.0009805966606008 0.0055794033393992 0.00151517759286531 0.00534882240713469 0.249064023272383 0.260694857943282 0.553859370882404 0.523869041460466 0.284373037558477 0.995043409700984 0.994813146561541 0.989044172338672 0.989631256445729 0.994344703525565
