"V1"
22491
25728
23829
23663
25008
24833
25050
23736
27071
24748
25973
27071
25209
25840
25029
26491
25322
24710
23365
24466
25390
25502
23541
24284
24746
25701
25389
24270
24706
27423
27109
24449
28272
26955
25948
25673
27310
26032
25343
25976
23454
23885
26282
23736
25199
24792
24431
26260
23832
25517
27281
25655
27021
25872
25852
24997
25697
27749
26259
25936
24967
24980
25840
24859
25549
28021
26684
27807
25593
25359
23827
25283
24004
23339
23010
22479
23011
26231
25207
25447
23423
24088
26279
27724
24669
26048
27201
25344
26231
25239
26175
26124
23699
24310
24255
22597
24042
23227
25452
23924
26425
25970
25936
27443
25132
25494
24556
27038
25220
24469
24699
28025
26750
25784
25787
24145
25256
27272
25327
26210
25706
24849
25829
23243
22242
24264
26385
25563
25846
26206
26594
27895
29693
26949
27766
27581
28099
26427
27153
26523
26987
27039
28468
27498
25990
28680
27260
30209
30079
27721
29461
27743
31316
27862
28307
27653
28325
28017
28919
25554
28718
28386
25754
26846
26507
26371
26381
27352
29204
27947
28789
29567
28904
28474
27257
28203
28686
28637
27715
28326
27497
26858
28581
28317
27889
29688
28421
27905
28344
28250
27062
30405
30676
28966
31769
31218
29774
31916
30412
30700
29993
31537
30949
29059
30814
31417
28776
27958
29101
27532
27622
28779
28936
30274
27742
28496
30328
30580
29002
29243
29819
28867
27755
29679
29042
30452
28869
31943
30064
29546
32309
32289
34407
28973
32281
30604
31691
32417
31967
33546
33982
35781
34675
31012
31574
34227
30734
32746
32620
32172
33110
33518
32169
35569
32265
32710
32975
35113
33735
30975
31199
32760
29990
32146
31105
32509
33509
30672
29314
31724
30752
29345
29576
29621
31838
31155
32119
29731
29487
30530
29802
31847
28954
30678
31661
30164
31371
33304
32354
31007
30701
30321
29411
29387
30299
28469
28742
28570
28641
29642
29504
30095
29200
29908
30511
28724
27665
28796
29343
30243
30132
30502
30689
30830
31369
32539
30375
30917
32821
30873
29798
31835
31780
31241
30845
32600
32190
33693
34560
33077
34009
35997
36134
33812
34927
35431
37293
33529
34573
35362
33486
34390
34738
34734
36690
37238
35214
35336
35706
37865
38082
38490
35898
38029
36495
35145
34489
38530
40753
37573
37032
35608
38285
38312
36089
33654
34776
33445
33117
32537
33431
33850
35211
34705
34414
35058
33280
33213
35957
34025
34067
36929
37665
35336
39128
36105
36435
38392
37915
40678
39075
39007
39736
39316
36365
36414
36073
38724
36749
39853
41112
37094
36554
37451
37664
36682
35408
35867
33993
35505
36207
33573
34541
36182
34863
37789
37274
37291
38635
35864
36400
34425
38463
38531
36901
38616
36147
36978
37826
40345
41043
37566
40427
37918
40048
43697
45855
44919
45026
42908
45040
43891
43125
45583
44790
44957
45005
43997
44843
43135
44987
40106
42844
45772
41919
45005
44609
42592
40666
40094
39655
42108
41233
45844
42554
45653
44322
44427
45156
41839
44456
43971
42479
42440
44182
44380
41270
44154
41597
40495
41327
43020
44162
42405
41210
41770
41478
41362
45555
42181
41112
44151
39608
39535
40011
42051
44563
40900
44614
38703
40510
43661
40239
42663
43654
42680
43525
43372
41157
44706
45589
44724
41933
40656
46091
40071
45231
42114
42844
42032
44621
45635
44267
42433
41089
40029
45196
41560
46110
46744
42232
42786
43984
38845
41291
41626
45908
40083
40598
43735
39440
43066
44340
43283
39905
38673
44788
42866
41970
42276
40372
38594
42093
42685
39153
38286
38938
38431
37222
38953
40953
37834
37791
38323
37067
38097
38569
40852
39926
37263
37708
40385
43545
38795
38631
39716
35739
38448
36255
37110
37453
34953
34660
35651
36420
37526
38112
34950
38566
34019
36308
35625
34862
33953
35109
33832
35459
34183
34944
36569
36996
35641
35734
38092
36348
36058
33678
34255
39712
35520
38726
37783
36771
34525
38156
37563
40924
36713
38826
37518
36199
34269
37485
36751
36917
37711
36270
35164
34499
38538
35945
35093
36124
36019
36917
34059
36412
35314
36685
35722
32006
37232
34844
34287
36805
35758
33968
34841
32054
33286
32804
33129
33688
33713
34525
35100
33516
32805
33988
33174
33442
33472
34676
33698
32710
33528
34666
32817
35160
35061
34323
36730
36131
37253
37877
38317
32892
35245
36631
39464
37520
39609
42071
41326
41244
39907
40428
37909
39348
38410
40424
41839
41934
42942
41631
38222
37947
41294
41279
39948
39696
41125
37548
39086
44044
40538
38464
39546
39017
41883
43273
38854
37152
38503
41637
40576
41816
41684
43041
41694
40641
41770
42088
42044
41539
41903
41852
41170
42881
41548
39837
42098
41618
41381
39562
38914
40352
39780
40483
38985
43627
39687
43710
40818
44080
40335
42315
42276
40491
40700
41972
41124
39746
41652
39600
38245
41474
42443
40949
39983
46000
43558
45693
39910
39847
44647
43084
39756
44290
43873
42415
43476
40416
44417
41675
42430
42976
42335
41252
37846
39850
39107
42836
40534
42424
36684
38835
40103
41415
41434
37624
36552
40082
39286
38696
41621
42651
44025
38569
39951
42855
44892
45858
41373
43391
43373
42516
44097
43643
43182
44065
42806
47812
42032
40278
39653
39443
42754
40969
41265
42456
42223
42061
43659
42277
39427
42545
41936
42344
45256
41394
42530
43022
38912
43547
42724
41517
41443
42984
40388
43190
45246
43651
42466
41526
44081
41262
41867
43469
40341
38234
41793
41037
42242
41913
45598
40738
40661
38718
40107
43747
36327
38112
37741
38971
38593
36690
38663
38964
38035
36674
36840
39297
37619
40958
40265
39172
40890
40197
40265
38465
37903
39436
41403
37177
38499
42060
40453
40490
40716
39708
41086
35281
38601
42859
39091
43604
39001
38621
36225
40778
37778
36219
38378
36596
36806
34968
39499
38714
35658
37445
38767
37165
38166
36128
38349
35625
35241
35201
36237
33086
35969
35153
36980
38230
37755
39247
34702
39657
37514
38598
38773
38838
36279
33966
36367
36775
35562
34847
36241
37059
37730
37279
35314
36169
37370
37458
37431
38766
39043
37001
36890
38727
42530
35415
37876
35797
39160
37748
37297
38651
38070
36589
40852
38941
37552
37318
38931
37770
39233
38800
36714
37022
40336
37742
40967
40608
44261
41685
41825
40648
40246
41152
39466
39534
41445
41390
39665
38916
39753
38487
37665
33308
36499
33814
34912
37174
36331
35295
37681
39909
35923
35640
31985
34710
36382
36066
35248
34240
36852
34675
33899
32192
34739
37565
35795
35501
35283
35326
35473
35118
33936
33387
33262
34615
32648
31497
32561
32946
37041
33477
32561
34175
32669
31628
33426
31152
31153
31574
31025
32161
31760
30878
32705
31205
34104
33721
34107
32569
32293
35066
29647
34900
34373
29104
30967
32569
32543
30856
30790
29364
30585
29432
31308
31065
30601
32000
31644
33417
32886
29608
33786
30571
32224
31759
31658
32962
34474
36146
35207
36956
37097
33857
33048
34653
34616
34859
34216
35784
36658
35451
37218
33900
36765
38877
38218
40067
36246
37086
39597
36458
35696
34259
33426
35591
35381
34256
37224
36645
37411
36962
34545
34248
35714
37585
35203
36293
36380
36215
31752
37252
35706
34554
37317
38110
33565
37099
35654
38418
37112
32319
32818
35357
35856
37902
32681
34984
35178
37188
37546
34382
35230
34843
35024
35554
34023
35499
32067
35270
35612
38989
38361
35707
36314
34764
36594
37052
36345
33091
35887
34561
36708
36626
35904
36439
33829
36207
35156
33585
32860
34961
29962
31773
33254
31449
33377
35136
36862
34441
34235
35420
34781
37380
35208
35199
34157
32941
35613
39712
37835
36982
34402
33678
33460
37066
36664
37441
35150
38142
36491
37139
36366
34649
35705
30986
33822
36789
35381
39186
35536
34259
36949
34580
37344
34587
33982
32375
35659
31987
34769
33283
36451
35341
35939
37341
36853
37868
37051
36101
37039
35723
36188
36601
33256
35183
37169
36027
36079
36253
35421
36733
38048
35515
38978
36539
37311
39810
37794
36659
38751
37188
40122
38844
36701
37399
37501
36432
36796
38052
41340
35571
38364
39120
37491
38786
37909
41684
40128
40511
39427
39016
39302
39452
40948
43245
42739
39642
39437
37761
38176
40532
42027
39878
41468
39570
45503
41839
45677
42270
40353
42173
44040
44054
41598
42988
39995
39330
42527
41127
41038
40845
43967
44546
40692
42217
40541
44793
45904
42786
45197
43057
43911
43855
39364
42791
42421
41183
43429
45336
42589
39670
41325
39434
44181
44624
40295
45433
45455
43089
44553
43245
44720
39796
42244
44615
39643
41445
40768
39393
42735
42150
42025
38972
39936
41149
41963
49870
46200
43922
41554
43967
45721
45455
41548
40728
44694
43330
40437
42042
43388
42579
42521
44335
44425
44490
41899
41313
40551
40951
39581
40661
42823
39817
41682
41637
40735
38191
34432
38302
40881
41402
40429
40338
40207
42788
38990
37340
37299
40049
37430
37072
41307
37766
40066
38022
38904
39467
35305
36361
39132
39102
40746
41918
40324
41002
38839
38401
39092
39014
38679
38806
39304
40183
38122
35389
36444
38187
40053
37545
36932
37187
38766
36608
36871
37743
38637
37127
37705
36938
39115
40211
40831
39484
37730
38434
35735
38551
37595
38705
36727
35112
37205
36997
39609
38627
40264
40551
36224
39062
35002
34803
36486
36224
36013
37961
38212
39119
36716
38972
37329
40185
37164
41998
40183
39671
37357
39660
38917
37965
40458
41601
42267
43561
38755
38692
40203
42483
41696
42552
42212
43349
38957
40072
44452
42689
39441
42478
43699
42651
46641
48302
47050
48168
46008
44669
47343
47223
44992
45277
44231
46861
45880
49065
48191
50550
48794
42304
49038
47777
48257
50097
46523
47313
49611
47046
44699
46166
47260
44971
45918
48639
43441
39948
44267
42478
44811
43923
44586
48947
46919
45125
47295
44473
46115
47538
48719
49411
49421
47940
49947
48616
48176
50923
45842
48124
52366
50169
48432
53689
49096
50119
51654
49124
52759
47381
53290
50118
52007
48631
52300
49841
51403
50574
53532
54757
50739
49373
51947
49301
51276
52269
49246
50782
51191
54771
54227
48729
52081
57109
54483
50613
50130
48568
45546
48214
48125
47633
45963
47867
55398
52059
48974
48655
49057
53284
48885
50257
48268
53140
51764
51923
48236
54231
56178
54347
53688
53216
50230
56743
60834
55869
57396
51621
52962
49184
51408
52483
53458
54008
54951
57333
57184
56697
52249
49655
51186
55725
57007
55279
58416
53202
57575
59290
55805
56261
62440
54465
54535
54044
55100
59732
62522
58591
58020
60115
62856
61786
61764
58994
63813
59186
57562
62616
59382
59875
62402
66723
59950
59392
58127
62494
61216
55552
60599
61602
57332
56341
54412
58923
53503
57753
57195
52624
54344
55829
56183
51148
52747
54398
53825
54029
53298
55355
53976
57517
53000
54995
52244
51541
52446
52545
56462
52209
55999
55045
55308
56840
57700
54314
52285
52470
51034
55346
57745
56628
51637
51155
54983
57509
56024
51239
54238
54777
51218
52630
49865
50889
50043
53211
57446
52369
51130
50990
51005
52175
48654
47853
56227
55524
54910
52173
49908
48238
46424
47074
47996
48113
50246
47225
39377
43660
45059
43641
46698
44493
42617
46802
45363
42289
46183
44578
45823
44580
46841
50327
45085
44794
42966
41438
45343
44649
45327
43387
43509
43841
40743
46879
44351
45242
44216
47715
45827
50086
50952
50497
51966
46073
48486
48310
46405
49475
45872
42677
44437
46308
41719
45824
45364
43106
43091
44080
42520
46319
45942
42425
42377
45828
46086
46120
48127
48893
49936
48975
45677
44455
49814
45331
46547
49190
46032
52096
48236
51783
42956
48091
49818
46387
45528
46636
50198
47260
48972
49661
44982
50981
46659
48475
49930
48056
43331
45945
46222
47529
50053
45888
47738
48956
47161
50731
45420
48066
47722
47647
47392
49682
53164
48606
51053
50522
50653
49981
48140
52514
50961
54902
49921
50148
54433
52510
52891
53424
57141
52033
51174
55650
53627
49078
50260
45867
50580
55807
49165
52438
50131
52296
50655
50858
51302
50418
54975
53721
49700
47651
54049
48631
47512
51419
53590
46882
48802
50153
53103
45359
45329
50318
51008
50900
53881
47843
52613
47038
49998
50826
43385
49037
49261
48516
47936
48379
47942
43913
45133
46368
47245
45417
48777
46358
48577
51141
48944
46023
46596
46522
49545
44446
44570
47832
44955
48412
47578
48510
43756
45567
42004
47446
48887
49612
50700
46684
46400
49852
52700
51742
47651
48897
44505
45266
47063
44385
47034
46700
48224
44593
45139
48783
43738
49825
44623
41446
44182
42435
44289
41471
43707
46413
44799
45437
45171
47036
46658
46138
46353
46884
47706
47592
44263
47055
43907
50269
44065
43376
47708
50600
49395
46064
46158
46457
42892
45716
47145
52218
46500
50009
43862
46858
44627
47604
44826
42704
44345
46199
44400
45031
41148
41792
43341
39731
41724
40958
41773
39862
38092
38561
41281
43696
40181
42224
41584
38496
40564
40358
43176
44203
43299
40845
40275
41557
42303
41193
42136
41145
42143
41970
43984
40489
40166
42914
43076
45496
39574
41511
40602
43396
41295
46093
46278
37575
41741
44919
43280
41825
40836
40404
40968
39793
41491
40498
40065
46242
46041
42386
46798
39207
41796
41780
41843
42679
42027
39417
39811
40665
38577
38896
41682
41740
39876
39780
42269
39840
39737
37806
39143
42551
39923
40946
43679
42008
41840
41453
40983
40564
42131
40650
43365
41498
41509
39680
42602
41604
42597
42517
45322
43600
45907
48588
46668
47377
48446
44359
43747
39766
42280
43123
45551
42941
46014
42040
45372
44218
47117
43902
47640
46401
44170
45165
41655
49060
44473
48802
46480
46278
45476
44758
51393
48279
48056
49171
46828
50186
46038
46738
47550
49022
46860
50656
45110
48670
49529
49401
47337
45606
47000
46955
48095
46187
49035
48685
46471
46342
46582
43680
46977
47820
52367
46174
48647
49028
49252
50849
47454
48159
54813
47013
53296
50887
51303
52592
50601
52148
47864
52167
49918
48719
47658
46265
47498
47854
47141
46624
45489
44398
44325
44097
40972
40757
43197
45440
38213
41249
39943
42658
43522
40918
42333
44679
40306
42429
42477
42711
43405
42242
42407
39706
45641
42787
46127
44227
45641
42560
44126
43224
43634
45132
47733
45876
46889
46869
49004
48208
46701
46952
48016
47004
46701
46430
43560
48043
44253
49303
42674
49399
43275
41066
44019
43588
43831
49052
44721
43420
43409
44649
44349
49074
43508
44802
42494
44801
43907
40840
40978
43806
42560
45514
44785
41726
41546
45690
42763
42981
42762
44545
42746
42686
47902
44808
47277
44349
46819
47330
50101
49477
49241
46332
48175
46861
45521
49064
47080
45906
45812
44416
45063
50048
49060
46700
43002
47501
45544
46410
45269
48420
45586
45236
47964
45187
47802
46117
46930
45759
43143
45375
48884
44129
43358
42868
45809
44454
46888
44401
44783
48354
45940
45886
48425
50083
47022
49085
50396
43628
47859
46418
45561
45116
44360
44807
41416
41609
43606
41364
40645
40286
44374
43041
38962
44536
39087
38878
41364
41293
37823
41997
42395
45360
42063
42007
42308
44040
45417
41485
42830
47692
45201
43448
44285
44630
43704
45077
42803
46550
41165
46128
43049
41278
43294
44257
44719
44348
42682
48075
44719
45350
46194
43249
42461
46483
42549
43660
44950
45364
43964
42314
43554
46665
45458
44814
45947
44236
45762
44327
45675
44753
46649
45524
47471
44181
47318
49028
46282
44804
44170
44820
45680
41268
39357
42589
44464
42355
40333
45147
39659
41361
40675
38323
41707
38208
39688
39136
39079
37829
39936
41572
39594
39261
36519
37165
37985
40634
36234
35984
33687
34715
34621
35100
36599
38587
38045
36880
39360
39646
37170
38557
39579
40292
38222
38345
37885
36905
36514
37263
37011
35163
36402
37336
34484
37765
37296
35820
36552
37484
35614
35685
36699
38238
36830
38033
39095
39394
35980
35610
35799
35119
37464
35910
36827
39094
39195
35137
38428
36436
33734
37418
33502
32375
35462
34790
34761
37932
34792
34442
31604
32596
34498
38240
36425
35439
36306
39521
40374
36702
38770
37267
35620
39382
36601
35867
35964
34970
36290
35486
35810
35402
36084
34813
38361
38906
36234
37963
38026
35895
36626
36046
35726
33064
35779
33866
35092
36555
36828
35989
35258
34812
36523
37643
35432
33824
32998
34808
36442
34737
34593
35393
38704
34933
35461
37197
34925
36081
36268
39103
41032
38683
38275
36581
37911
36496
40200
37354
35763
40941
39356
35811
36545
37532
36529
37879
36527
34534
35013
34300
32901
35135
34190
36544
35066
33872
36588
38703
39122
35928
35443
36781
34978
32817
34888
34284
37321
34866
32867
35159
32905
35629
34498
34065
36860
33959
34202
37047
37300
35673
34717
34945
35105
35161
34032
37047
35772
37259
37335
33107
36145
33320
36077
35334
34341
32545
35900
35503
35460
33379
35310
33375
33250
33460
33491
34372
34320
33429
35570
37198
35839
38034
34849
37438
36705
34073
34498
34816
35689
36539
36678
32821
33943
33109
32923
36837
36440
33229
33999
33126
32582
34885
31143
31722
37927
34811
33370
33634
34008
33159
34767
33372
34375
34115
34677
34489
34711
36797
36361
33583
33682
33824
36744
37570
34386
33875
32835
33307
35025
35975
33866
33897
39187
39522
39168
35578
39074
38656
37814
37860
39797
39486
40494
38222
39490
38170
38715
36455
38231
40496
38792
36730
34195
36328
36174
31213
36161
36174
33958
36614
33819
35459
33813
34260
33547
33500
34387
34617
36594
34938
33351
36278
36841
36790
35613
33626
34067
33850
33141
34009
30596
33142
33109
34148
34512
34907
33286
32764
35951
33208
36747
34753
34714
35749
36018
37382
39119
36982
40431
37382
38028
37278
39960
34858
35728
37563
37018
36657
38649
34655
35224
35438
36206
37820
34916
35704
36653
37200
36870
34765
39335
36556
35316
36519
36565
37023
37656
37071
38901
36128
38915
41014
36264
35094
37885
37094
38808
38242
37918
37397
36682
37797
38384
36962
35102
36438
35129
37497
33273
36660
33194
36755
36874
34645
34670
37155
34841
35802
35293
36845
37134
37909
40407
38298
38501
38516
39068
37071
36257
39249
38299
37512
37779
35774
36436
34938
38042
38700
38506
36646
36268
36665
37147
37173
36668
35571
35611
38596
37545
38472
36528
34082
37282
38962
36567
39406
37097
36628
38883
38879
37998
35794
38958
34780
37550
37734
40991
36622
40418
38879
36976
37776
40193
40685
36874
38979
37890
37599
35795
38868
33009
36165
34736
32560
34456
35124
35074
36242
35040
38537
35094
36395
37657
37072
37082
37352
37157
37096
37126
38854
41119
38689
36179
38511
40748
40860
38670
39371
37190
35697
34959
38813
39888
41009
40537
40757
42581
42484
39368
41797
43526
43903
45488
44101
42329
42122
46467
44192
44418
43919
45181
45507
44050
46619
43541
43219
44466
44251
41789
46766
39564
37553
43540
46558
40346
44010
44382
42902
42031
46230
45491
42234
43896
45321
42504
42106
47693
48305
45972
49449
45877
47954
46180
45835
47156
48724
45142
42987
42696
48558
45440
42767
42150
45101
47961
46102
48259
47334
47349
43965
44509
45465
46168
45480
49437
45708
46753
42400
45442
46863
45354
46148
43239
44068
43165
44429
47248
45941
43959
42794
45218
45772
44321
44994
44123
45230
45243
46138
44909
42485
48264
46557
46468
45701
46679
43177
46564
44544
44255
40388
39558
37755
43967
46578
43089
43024
45661
44032
45292
42040
45679
43307
45056
44435
44841
40595
42740
41399
41939
39214
40848
38532
43460
41097
41556
40625
42470
42904
41079
39220
41857
38404
39978
38931
44735
41555
41366
41934
42926
44495
42992
43745
43851
44143
43772
42594
43956
41864
40003
36982
42056
40686
42741
41170
43174
44026
41917
41142
40247
43059
42409
41776
42208
45313
43072
41401
42501
41351
42884
45744
42523
45418
41752
40855
40766
37391
41665
41325
42405
40594
41650
42925
40754
43658
43129
44486
43351
46199
43785
45009
39640
43810
41462
41496
39929
44406
39010
43229
38393
40357
43160
41113
41139
42991
39194
39307
40052
42240
40567
43093
39748
41871
41507
44580
46762
46439
44745
47019
45593
44138
51684
50474
50456
48246
46644
48392
43571
45981
51868
48411
45466
44936
44265
45172
47523
40469
44166
41691
45964
43645
42828
39693
42914
40546
40636
39542
37313
38968
40866
39123
41449
43797
42139
39881
35449
36677
37901
36553
37240
35611
37930
41558
41413
38038
39054
39895
41566
39402
40288
39813
40911
39686
38393
40395
42111
38105
43743
43543
40933
39231
43309
41877
39996
43321
41684
40233
37658
38038
40840
38611
40282
37966
38095
38473
41038
42389
42181
42462
40987
41023
43342
43236
40269
41909
41888
46270
40192
40802
42578
42739
44691
43164
43464
42440
43046
40395
41187
37754
41002
37944
40440
39616
38264
41559
39053
38729
39450
39658
37573
35473
36403
35130
34793
35400
34931
34752
37141
38079
36605
37676
38569
36469
38363
36373
37149
36599
37181
34298
36369
37492
33742
35354
38247
37162
36193
36239
38014
38337
35384
37415
35797
35543
35136
35927
37995
35604
37274
38517
37330
36532
36792
34146
39053
35490
36300
35618
34729
33715
32841
33331
31876
33856
32588
34641
32734
32867
32444
34431
33835
33926
33852
35083
34139
33341
34330
33618
35757
39060
35557
36532
37988
37860
33595
35634
36787
33852
35048
32334
35683
34126
35794
33381
33769
32840
34769
37492
37125
36699
36140
34095
38162
35529
36657
33263
32817
33533
35985
34291
34912
36647
38606
36786
37653
36431
33320
35161
33957
36275
38084
35377
34310
34998
34647
36235
37758
33781
33556
38487
39418
37437
36925
37936
36218
37356
38473
37791
37026
37461
34534
38323
36536
36373
33764
36740
38829
38257
39048
39174
38538
34485
36847
38452
34825
36797
39079
33841
34192
34811
34427
34132
34309
38026
37971
40361
39664
37813
38315
39646
38259
38220
36631
38526
37275
35580
38819
38619
39154
38256
40777
37791
38431
36890
41732
38915
34064
37775
39763
41325
37563
37565
39006
37809
36826
35845
38126
36638
39176
36356
39411
38138
40727
39811
38200
36884
37710
35215
37860
36256
35997
37186
36494
36567
37532
36550
34788
37055
33317
34457
35739
34534
32584
34169
36933
35342
34787
38850
37001
36942
36875
33728
35307
35914
37791
36576
36504
35951
35348
34568
35075
37485
33657
34916
34472
32664
31650
33174
28899
30937
31044
28787
31380
32406
31244
30870
29666
29371
31447
30262
30403
31011
31614
30902
35019
31865
32058
34065
35390
33688
32718
34701
32755
33464
33507
32551
31254
35411
33346
30648
29544
33224
35992
30509
33017
32239
31440
30399
31302
32129
33907
29319
31931
31904
32740
33647
31443
33430
31892
32212
35094
30475
33126
31321
33447
33068
35216
33580
32759
33635
31447
31338
35313
35316
34614
33171
34893
31116
30009
33218
31079
29674
30121
32051
30596
32439
34018
34699
34032
33638
34406
35591
31546
29926
32880
33884
31992
34088
30990
30980
33945
33742
34099
32472
34103
34366
34322
30826
33028
33806
30292
31426
32646
30280
31280
33145
30924
31348
30414
32972
31842
31751
35442
32144
34299
35963
34655
32807
33712
36057
33670
32307
33868
32608
33857
30806
30441
32561
31561
34125
31235
33801
33353
33666
35270
31798
32645
33297
28581
31134
30500
29771
28798
29040
30732
29285
29038
31030
30351
31222
32073
28218
29960
30610
29808
28950
31093
31324
30832
32840
32382
31801
31165
31119
29468
29613
30375
32567
32821
33971
32960
32813
30422
29370
30449
30948
31082
30675
33324
32064
30981
32341
32727
31001
30235
33507
34523
30278
29824
31292
32881
33134
31093
31159
29513
31777
30996
30324
33102
29754
31873
31690
33415
32072
27756
31119
31122
34363
30670
34383
31538
33114
33756
31364
31033
33150
32220
36293
31961
35483
31890
33682
34372
31014
35390
31806
32424
32241
30732
33254
33675
34199
32086
31708
34214
33026
33488
31433
32750
33195
31656
30856
31587
30676
32606
30248
31983
31793
30339
29556
30199
30340
30564
29325
30609
30472
28131
28944
30445
28101
28800
28472
26652
30946
30146
27662
27170
28748
30706
26523
29486
27972
28939
28697
30105
29562
27975
29855
27760
29652
28989
30362
29456
29056
29034
28745
29272
29712
27429
27580
26452
26072
28095
28707
26211
27537
26236
26577
29555
28650
30029
29054
27769
28066
27433
25905
26366
29480
28872
27364
26970
29485
28879
26939
26161
27798
25075
28852
29526
30411
30009
30119
29326
28754
27489
27490
26101
30519
29311
27822
27763
29313
29921
30235
30648
29231
30557
33492
35053
30943
33210
33286
30092
30308
29399
33932
31772
32784
30554
30753
31196
31781
31411
30257
30918
31129
29740
32766
34061
31958
32411
33439
32780
33429
33454
34567
31555
34142
33860
30398
33601
32450
33132
34473
32073
35172
31927
33406
34000
34739
35439
32174
33178
34336
34905
33900
36685
35363
35504
32518
36955
36749
33097
33267
32179
31029
32809
29604
31076
31896
30955
31162
32785
29958
31376
31259
31396
28099
28935
29566
31520
31981
31557
31313
31463
30300
32100
31393
33572
31266
31620
32581
31954
31709
31893
30579
32592
31310
33007
31582
31358
33586
32642
29270
27932
28401
28731
29021
28969
28839
27396
29916
28475
29682
28295
30433
27987
28593
28149
28293
27093
28361
30125
28007
27842
28328
28989
29589
30415
29349
30481
31691
32115
30712
31595
28385
31688
31434
31446
29557
28723
30057
29296
31488
31856
30021
33531
35263
34195
32092
32209
33025
33631
33233
32321
30490
29960
33063
34590
31781
31531
31467
33775
31224
30948
30351
32402
33009
31818
28909
29864
31797
30960
28884
31526
29493
31612
32016
32397
33290
33100
29762
31698
29198
31040
30349
32604
29864
31745
31696
30647
29896
34238
32156
31892
32714
32902
32542
31528
30788
32933
32039
31269
32981
32177
35538
33838
34201
30891
32757
30637
29879
35021
32697
33964
31275
31662
34581
30615
32761
31316
32189
31950
32475
32844
31761
30153
33788
31464
31028
31794
31552
31519
34825
31812
33246
34687
35607
34469
31711
32850
33172
33536
32841
33826
33384
32179
31446
33138
33289
35736
34884
37188
33945
32854
34899
32748
34075
32638
31268
32831
31394
31824
32361
30930
33098
35714
34597
36712
34068
37452
37428
38287
39023
34458
36781
37927
32401
33395
35702
33615
37621
33781
34353
36602
36739
35483
36533
35806
36816
36313
38785
39224
37706
35702
38452
35373
40956
38834
37752
38102
38593
37614
37663
35028
35847
34971
33187
34907
34415
34610
31302
32035
33550
33427
36527
34445
35256
33501
33004
32954
32099
33511
31440
33019
33042
33218
32769
31936
32794
31570
32951
33972
31023
35584
34069
34017
34933
34257
33436
34747
35240
33538
32944
36326
37920
34979
34865
36442
34754
34023
35238
35361
36445
37279
39331
37288
37325
37497
37203
41769
40990
39217
39263
37580
36669
36098
39586
39042
41749
38830
39202
41017
40879
46063
41853
37668
38443
39317
41780
43153
41948
39689
36717
39078
38496
38530
40613
36437
39028
40187
41274
37318
36037
38628
36407
40084
38640
39352
36271
36999
37945
37975
34864
36203
37257
33517
34954
35901
35280
36044
35767
33468
38126
36893
38088
34154
32999
34309
38134
35122
36277
37556
38030
35079
36038
35878
36826
34756
37117
34234
37915
36329
36189
36143
33928
36270
38162
35906
39636
38933
39570
34861
43604
40186
35389
37863
40788
38615
37171
37488
39627
38594
38192
37743
37258
37727
36773
37151
36896
36437
36589
39862
39151
41435
40097
40881
39173
39031
40170
36923
40040
34736
37890
37027
38286
36150
37619
40400
41035
42588
39995
39404
38386
38027
39230
42887
39746
38841
36637
40149
38562
37483
40211
39545
37981
41212
40461
38936
42213
41080
40238
40662
41151
37802
38881
40346
40525
38958
38735
41594
39432
39851
39160
42102
41734
40319
42555
42436
41291
42719
42809
43853
41603
47519
40555
43344
43740
44893
41021
41174
39710
45196
40245
40676
41465
40251
39369
34929
39896
40289
41615
37681
40322
40950
40564
35348
39616
38193
39990
39454
38242
39580
41272
39514
37943
41337
39137
40509
39761
38423
38567
40650
34950
37024
36670
35645
33763
36065
36402
36598
37044
36401
36253
36556
33832
36299
36251
34957
36373
36468
39028
38157
37219
35500
34564
38858
38513
33844
36695
37583
34534
35444
36340
33165
30107
32594
31185
31235
32276
32228
33389
33264
34522
33601
32968
33659
34108
34676
33285
33877
35684
33449
32122
32578
35076
32809
34092
30515
33476
33177
30501
30677
31196
34557
32354
32218
33201
32338
31355
31238
31253
33820
34516
34563
33453
36069
34355
34805
31517
37639
35109
31817
34149
33587
34235
33141
35756
33709
34015
32590
31916
32254
31498
32735
32104
31093
31519
31536
35719
33921
33992
31013
34675
34443
31570
31839
27047
31710
28572
27257
30572
31114
30493
28160
28896
29911
27998
29662
30981
31291
30525
29028
31191
30038
31260
30677
34052
35839
33408
32206
33607
36514
36460
37568
34716
35578
34985
35056
34230
36177
33577
31338
35665
34614
31644
33707
34419
33604
30757
32446
31728
31760
32617
32321
33907
30568
29471
28994
30436
29623
30037
30024
30959
33167
29414
31194
32622
30705
30343
31049
33808
32527
33939
34209
32994
30566
32902
33303
32046
31874
30416
33608
33047
32824
34289
34037
37145
35792
32174
31230
32934
33413
32635
33197
30739
30263
31816
32179
32008
30879
29999
28175
29625
29673
31711
33369
31948
31207
33835
30043
31580
29844
33330
32214
33044
33045
31014
33010
31707
32195
33464
33924
34896
33966
31149
33198
32270
35926
34495
32156
34233
32222
33228
32366
33031
32003
33502
31559
29737
28473
31594
32186
32862
31190
32045
30007
30885
30199
31424
29178
31853
30473
31387
30767
32595
33173
31401
34293
30936
32494
33775
35171
31231
30884
31789
31031
31814
30459
31681
32341
34655
34635
33586
32531
33428
33694
35093
34482
37619
35592
32953
35530
35556
35860
37313
36600
35792
38360
36044
35348
36814
34388
34035
36335
32637
33145
34253
33604
33591
31946
33367
33660
35074
33052
34347
32233
32627
32029
33263
32536
33631
32933
32098
31712
37515
33111
32168
32745
34211
34818
30664
31439
33943
32856
32973
32611
31864
33336
34499
31147
32967
31334
32767
32413
31961
30127
33772
32965
31230
34096
33585
31338
33167
33492
31107
31671
32740
30873
32106
32217
34521
33064
32689
32845
30754
34639
31998
30761
31313
29217
28399
28861
29979
28454
28321
27307
28133
28804
29661
28024
28456
30627
27659
27754
31124
28652
32885
33092
32944
32836
31391
34023
29854
35288
31833
32896
32655
32063
32813
32042
31269
29714
29799
33374
32162
33946
33841
34606
31915
34907
33737
34391
33954
33090
32729
32643
33513
32785
33760
31146
32153
35714
33391
34904
34909
35174
36666
34292
33875
37243
32929
37456
35881
38071
34118
36755
35935
35110
33850
40494
38277
35420
36660
37528
34120
38228
34656
34669
32356
34934
31497
34821
33595
32823
36051
36650
35201
35856
33369
35323
33937
32962
35453
35014
34563
38293
39700
36267
39823
42502
42406
41010
40894
40512
39110
39430
37351
37314
37669
37082
38088
38812
37136
37462
40255
40111
40532
43374
42037
40623
45324
39670
41708
41656
38671
43348
37416
39543
38933
38210
39460
40829
39864
38733
37729
38684
40145
38996
39806
39784
41515
43909
41339
39923
38336
39352
41476
41361
42480
40420
41509
42915
41134
41566
43342
42710
44012
42030
42409
43065
40589
38362
40129
40035
39610
40606
39268
38639
39055
39089
40656
39540
39789
41110
40202
39307
39497
40215
42829
45031
44111
41089
40100
40267
40237
41688
37839
36561
40157
40182
41710
41954
41715
39198
38637
40227
38459
40297
38972
42821
40418
40290
39657
41778
44744
43522
44937
45724
42569
43951
45310
45681
41930
41310
44314
45944
45096
42959
40730
43484
44569
40980
40566
42631
42396
41863
43436
40391
44063
42372
45735
44010
43989
42958
42396
41256
40309
44363
43403
45132
41652
41405
40061
44202
40545
44395
42999
41730
43464
43601
43923
44338
47233
46091
49931
43892
47468
45345
45587
47866
46512
43666
