"V1"
95145
94092
93694
95452
90884
91117
88783
95539
89178
88360
92528
93135
89252
86243
94176
90718
86899
90111
84725
92592
95293
91875
89978
96110
95682
97260
90426
89111
93769
92168
89757
92007
88048
95720
91517
90739
91529
89483
87738
90690
85277
84306
87597
84290
88085
88782
86272
87815
89576
88481
85531
82381
79645
83992
81180
82685
83836
83140
82258
80500
84953
78146
80478
78985
80869
79545
80367
79770
84528
79328
81243
77407
83402
77632
80894
84175
79992
80684
80998
82172
80837
82338
82213
80219
86107
86473
83789
86774
81886
86073
84813
88440
87793
91374
84080
94485
88743
90365
90048
91563
88682
92038
93783
93846
91783
88829
92801
95589
95881
91885
91303
94721
89126
89235
89495
88149
88696
87597
90038
91713
89294
95240
94441
94021
94446
92873
89988
98996
97387
97375
93590
93998
92091
98367
94970
95833
96714
96728
97585
97597
100244
103979
102144
100628
97153
99424
95333
98754
94570
96510
97465
99296
95478
99213
97647
106172
99816
106613
100749
101974
103910
102423
101294
99830
99801
99635
97097
100788
101863
101923
100959
100139
97853
97020
99386
99302
97106
101490
104842
98366
97845
100569
105008
100085
100403
97975
100640
106330
105029
104011
101067
101137
100666
99085
100307
103352
102303
100793
103227
106374
109511
100733
101659
99821
98762
103079
102567
105773
97911
100261
101097
105408
102867
104423
108920
105077
107202
106437
100315
101195
95981
101269
98542
104597
100032
100877
97520
97419
93580
98276
93849
96382
98678
101029
96084
99106
104716
101644
100035
96884
99252
102132
102719
100957
100581
100612
101310
98434
99115
98408
102019
105008
100653
104630
100824
104297
106403
106702
100144
101889
101058
100574
104680
104005
105367
101646
100301
101663
97848
96259
94457
94871
96529
96949
97583
101000
103080
104555
101441
103602
113764
104744
107624
108668
106708
106012
106426
101007
101496
105963
101126
100949
100529
98288
98001
102528
100141
97951
102696
99300
99040
103760
105319
103633
101780
98478
99828
102675
97676
101843
100909
100683
100375
101324
100847
99699
101085
98361
102037
101561
99032
95519
99448
100292
99071
100164
103158
105419
102022
107295
105633
104998
109758
103728
98275
97322
104527
99098
97445
97814
97164
94372
94634
95851
95634
95883
94325
95579
92963
95738
90885
97243
91608
93009
96030
90835
98003
98508
94362
95513
97481
100962
100650
104528
103949
101267
106030
100993
95239
102584
103601
96752
101765
97466
99689
100407
99591
103534
103544
98657
99645
99372
97101
93368
97676
97558
99397
99001
100709
98708
108129
107647
99915
105965
105378
105592
108142
100408
101401
106736
104432
99600
100578
98806
100044
104320
98746
103581
103718
104065
106055
106305
101991
103663
99875
98847
97241
97007
104511
98718
95783
102911
101671
105025
102414
102679
105115
101735
102342
99439
98758
96805
97036
99627
102544
104199
101584
101174
96993
95592
98858
96276
101022
101065
101187
105432
103997
102696
98227
99026
104292
104054
93813
100149
99589
98570
94927
97577
94347
93629
95641
100438
94790
99508
100592
99601
101624
100921
97594
105577
101225
104575
103916
96876
95885
99986
100271
98839
99713
100559
93978
96118
95558
97944
99928
102444
98611
102076
98777
103758
101289
95881
100357
104396
101098
98706
102952
96461
104042
107328
103472
106805
106654
106972
104885
109128
108669
108934
109061
107365
107897
109563
110028
110064
105432
114216
111605
112240
107405
114135
108055
111205
111003
108523
108113
109285
104075
102960
104339
106043
101609
101634
106548
110584
103068
103819
99733
102852
106847
110370
109553
114346
108932
112252
107962
109162
106772
106265
103935
109829
109845
108976
107557
106755
110311
113533
109060
114919
113218
111279
114885
110426
111475
111892
116671
119835
117842
119718
114097
122570
117499
109652
116406
117192
111728
113950
106126
108415
111652
110471
108286
111551
108967
108728
107525
113349
114648
116891
117108
119912
121216
122809
119263
117422
115291
117991
125161
128643
131737
131297
125613
126059
131762
124104
127843
126692
129598
118368
123221
122362
124134
115552
111794
114525
118598
120679
116801
114263
118726
129961
116600
124552
117165
123988
125989
119136
126332
126854
130253
127462
138671
133609
134510
132672
135208
134681
132635
124104
132901
133406
128302
127575
129831
129127
123659
116548
120848
122082
123131
123263
123119
123317
121918
118860
120015
126117
120941
122456
117071
118001
115948
116129
119819
117639
116526
117586
118133
119014
119197
119178
114471
116377
119323
120867
123472
115978
121532
122003
119312
120408
117951
117275
119305
118376
116238
117178
114341
110697
109985
109685
116185
114799
113698
117259
117594
121551
114474
112643
117551
117696
119253
123090
122624
116322
122378
114661
123099
119543
119011
117999
124394
123104
122950
124465
119061
121937
124492
122985
121624
118480
114490
117650
123405
126138
115567
124318
123028
121673
128471
123665
122672
116054
119402
121046
126816
120508
120566
128489
122965
125926
128954
124281
126897
122266
121180
119911
120404
119960
122588
121622
120669
125604
117207
124877
128143
124793
125077
127184
118927
122133
119752
118708
116860
121622
121975
120757
122125
119118
122230
117072
116317
110311
113311
117505
108528
113308
115276
114639
116094
119481
114583
110735
112161
117384
113790
114446
113651
116461
108538
117827
111739
109847
113340
109865
117831
121425
112546
116398
111307
112624
115332
113331
114241
115169
115657
114602
113502
113811
113822
112412
108315
106326
110472
112774
108405
110385
111593
104024
114850
107241
107443
109998
112857
108645
103355
105975
106065
106846
106009
106939
105894
107649
105740
108637
112265
108271
109860
107516
111122
104942
106965
108692
111202
114725
114509
118193
112911
113029
107349
115643
113943
114509
120895
121141
116184
115696
110767
110304
107689
114181
116052
116565
120836
115417
118122
113118
111888
116577
118435
115807
116049
113860
113785
112758
107191
107910
107972
111061
115652
117228
112873
109666
112695
107974
112948
116693
107709
107072
109383
105100
109872
107847
108580
101793
103888
101099
101817
104756
105779
104732
105949
108041
104197
106893
104324
106890
106252
95336
95925
93979
94597
95028
100168
97681
100560
99737
103211
107084
101705
95060
104350
107411
102441
98730
98705
101767
103432
102002
102772
103733
103643
106792
104169
110362
108202
101893
102324
108255
109264
107390
110363
111228
114121
110681
113090
108164
108395
107235
109484
112017
101956
106622
109193
108786
105540
112255
109378
116255
116420
125715
118040
114951
114367
110006
108721
114227
114064
115243
115416
115636
114785
116421
116801
123366
118451
120841
118378
125816
122366
124727
117468
124089
117321
125297
125219
120014
122555
126288
131159
124034
122053
125902
122214
128399
127880
134938
123478
126568
123693
123020
122349
121189
123148
122159
124064
119078
114966
121437
121952
120424
124464
123728
121622
111889
119168
121348
117672
111478
119084
114869
118284
113246
114882
116425
110082
108892
114101
110928
113560
112485
113243
117592
117596
115101
124589
117042
124620
121154
126355
119253
124587
124647
128912
116327
123543
126404
132842
127805
127487
122231
125842
120113
125488
119496
122145
123546
121690
118273
113134
122354
122532
125494
120935
128001
135785
119890
123312
123044
127524
129892
125784
135677
138703
128658
143811
130128
135791
134266
133753
132596
134058
129792
130605
129444
130814
130017
130819
133232
134179
128987
137940
133585
136558
139758
145188
132199
134108
134807
132537
141180
149544
133793
138061
135770
134311
129903
133142
131918
128173
130840
132985
135076
136267
134623
130998
136794
129476
122671
136584
136634
134814
136033
133300
134949
128299
135885
134477
136409
139222
127141
133098
124865
129151
121899
134720
136254
128272
130854
133720
135935
122003
131144
123321
129058
123619
129998
129609
126534
123154
131538
131782
128830
127526
132741
127752
129592
125141
133700
129570
134091
133046
135753
126820
139237
142518
134185
133685
134364
132950
139345
133604
136111
126870
137874
130421
133038
127310
130204
128655
136589
137102
130416
125192
125991
127369
124484
130170
135654
127399
124756
124573
119396
123212
119888
122647
125030
119759
125812
123241
131002
117834
119225
121346
121878
121580
125690
126836
123008
120210
121064
118672
120205
124331
122254
124484
119064
118881
118568
120554
117140
120707
118668
121232
119126
117238
117476
118445
123419
118644
123004
118164
123215
124690
122253
125077
125781
119054
120899
123224
119485
118767
115687
124017
113741
121971
124683
124856
119656
118364
126133
121451
118053
122708
121661
115024
115417
116218
114577
112779
118672
116846
117241
116977
119370
117414
120381
118992
119692
121474
124508
128530
123570
123632
117271
122516
122308
123298
119214
122559
127712
124394
117848
121865
120762
120091
123964
116740
123606
125956
121698
118015
123123
117266
115687
126417
117439
121363
120907
122664
123785
127308
126850
119979
129002
125025
124293
123927
128794
116441
119885
123894
119375
119555
122767
122175
114823
109002
112548
112391
111646
113225
109743
116643
109729
109690
112072
108303
114301
119720
112960
111165
106080
113917
110284
109355
113739
114229
113771
115908
115499
114262
115036
116738
115721
115217
111034
109894
111810
113726
118565
116762
112473
115304
122781
118112
113670
107827
107255
109939
107188
113976
116268
113417
113927
110659
110948
105645
111448
115667
112629
106941
108121
115149
111627
115839
113002
107447
107373
107776
109750
107837
108755
112003
109227
109576
107304
105270
107112
110446
105153
102147
102157
102158
103708
102984
105154
109902
106753
115393
103919
102137
102170
97563
97380
97797
101890
101959
96964
95448
96547
97410
97755
93967
97268
94867
93032
93106
88854
91417
93714
92076
92216
90660
96543
92336
94489
97489
97558
97543
95863
100635
97766
96764
93422
94522
100583
100035
97405
99103
106522
100422
98719
101926
106576
94696
98273
98861
101951
105541
100283
101894
98414
102332
102141
98307
104221
104611
103487
103247
102664
105462
107240
102919
98214
103043
104545
101029
98162
101002
94272
96506
97124
96730
99851
92221
92401
94699
92379
90749
91173
89781
91613
91162
94222
94489
96461
90730
91396
92364
88298
93815
96653
90424
97538
94311
93600
99992
99300
96062
94822
93884
96922
95922
93046
92055
95211
99763
93827
95113
95899
99080
98836
97867
96957
97638
90485
94667
98811
98171
95868
94364
97034
93754
96095
98862
97725
99573
104997
106333
100147
104304
100157
98203
97644
99546
98948
96054
97053
92451
98078
92763
96305
90558
88911
89525
94926
84639
86209
86454
88479
88969
90778
91282
92098
91740
92161
88650
89572
95399
93479
91703
93262
90825
99433
91831
90993
97377
95873
94196
94224
96856
98788
100791
100578
99311
98717
96633
93605
105259
99742
95014
98622
100342
92805
90053
94503
95342
94436
94941
92587
92656
91468
94549
93803
93066
90768
89355
92805
94173
91869
96071
98158
93889
96431
94256
98473
97604
98735
100214
98663
100152
96858
99305
97261
98072
98811
93399
93092
92996
90082
93166
90942
93843
91424
93951
95103
91109
94121
95673
103256
98209
98670
96786
95252
94396
96636
99868
99164
95939
106072
103458
100907
100673
102504
104788
101680
103018
104580
103830
100130
104483
96010
101999
95288
95290
100653
103583
97792
93597
94075
94098
93268
96432
99868
100055
99596
99950
100877
103594
103404
100200
107064
102858
100893
98299
102348
99645
97509
95428
101007
94567
96016
95230
101904
96997
99226
97594
97282
94424
101271
98041
96785
91205
95246
97491
97068
100606
99169
103203
92730
93093
94181
96590
95551
99003
100804
96436
98130
100612
92529
98913
96335
101772
102405
97626
105597
110222
104644
104554
106246
102628
103391
104705
103318
104570
104699
103512
108393
103411
105395
101354
103461
103539
103943
107467
108337
107369
108349
109670
108447
109305
107359
109979
105084
103288
109132
101632
100776
100036
104698
106835
102915
106083
104837
101907
103001
107396
109271
107146
113302
114388
106759
106161
108807
104148
108206
105279
106967
103811
106095
105270
100242
107553
107930
99966
105829
101588
103074
100746
101507
102072
101199
102809
99769
101263
100271
97800
101678
103901
102744
98718
98415
103829
99858
95124
100812
101952
95830
95131
93392
88997
93226
92759
93229
91264
96571
103979
101238
96232
103522
97952
102219
101466
101494
98490
101775
101894
96861
103573
98915
96081
99391
94346
95465
95964
99322
101547
103845
101997
102508
110445
104255
102863
110046
114014
106386
102432
105706
101742
100351
105513
104099
104013
104725
106143
98249
106401
104857
103808
105503
107312
103021
101270
106306
107225
102929
101074
94790
97281
99339
96868
94458
93010
92152
92042
88302
92651
91235
93099
100503
97351
91824
91180
97662
88085
88079
91794
88995
88760
88878
83282
84899
86516
90203
90972
86080
88977
91459
88067
93076
92850
90997
95105
91899
93639
93332
101421
92764
98233
97176
96308
96169
98026
100995
98436
99571
94682
94435
89085
96745
93255
94741
97010
93576
101400
94843
98582
93218
95814
96355
97670
101748
95713
95033
96024
94269
93218
95894
99546
96770
97958
97052
98160
98331
99600
96747
97577
100239
94983
93994
96962
95590
99537
98522
99697
98711
95579
96511
95941
93508
94824
93053
91463
93248
95567
95488
93362
98261
96157
103596
97233
89925
99556
97352
97795
100296
95157
99310
100423
98490
91418
100997
95025
90059
91051
93852
95142
98447
95917
97066
94456
96972
99686
99077
98035
102054
101182
99998
103817
108059
103244
107422
102045
100939
95870
92292
94759
96368
87585
93316
98427
94166
94513
95526
94872
101026
94535
96750
98993
96538
94317
100266
96442
97077
94181
96807
95984
97087
96672
84708
90961
89595
95669
91938
90300
89131
94846
89251
93936
95682
93613
94610
97674
94072
93028
92853
94173
95611
100691
101995
100704
100672
109877
109265
109026
111610
105876
108354
105067
110538
111167
107432
106029
105938
108434
111275
110706
109056
111758
109952
108721
104226
104878
101993
103691
102000
100003
98961
95536
96850
95928
97718
101477
98989
97040
98564
101122
103686
98796
104950
107517
103362
109349
101855
106881
107805
100166
101329
104501
96190
105866
104659
109264
102191
103415
101237
106010
108630
106481
112180
109189
106771
106234
104138
108196
107786
101716
104859
108975
105831
104796
107884
106023
101523
109262
104287
106332
102056
107844
108620
105375
105962
106671
105771
109873
107608
112852
109560
110387
110396
106278
107170
103067
105148
109142
104755
107189
108806
110913
112138
114006
114641
117394
115021
113354
114512
116938
112986
116124
108734
113732
112843
110962
110146
111760
114826
114104
120524
116134
121364
112180
108629
108680
112507
107765
107334
107733
103653
107907
107887
109644
115403
108691
109038
111574
113628
119529
111360
110578
119849
122965
121491
121938
119694
123233
130856
118433
122343
124629
117313
120161
121517
116997
116577
112620
114104
120464
117958
116964
114482
117174
113011
109754
114904
108607
114203
115096
118717
118226
115663
114256
115902
113052
111335
108366
114426
117243
118243
115833
112777
113549
117291
124407
122831
116529
123309
120573
123708
123981
121931
125046
128824
115698
123014
125999
118674
122756
117170
116827
121604
117224
117447
123065
113427
121044
119299
124191
118373
117093
116092
121088
114288
114054
114877
110801
112683
115441
118045
122072
119701
118588
116312
116220
115604
116740
121416
116487
115231
122758
113329
115336
109868
112079
115072
118026
119372
117427
112323
118766
108831
117743
116945
116774
122931
114258
117318
112627
117225
113406
115116
119169
113399
115252
122352
122847
118935
113306
114198
120102
120766
123855
123567
127128
127631
130805
132849
128252
119375
124754
126562
128599
124999
115257
121019
123849
120874
120155
121261
116917
122849
117333
125580
126683
124394
124373
122995
123110
121373
123702
123962
121522
123051
124529
125653
130287
125342
120309
132962
126316
131885
127409
130809
122790
130682
133639
129335
130140
127225
131590
134045
138483
134845
138308
133768
137185
131168
135642
128293
137358
132435
127348
134291
133798
133970
132873
135657
137988
135995
130453
139648
134877
135985
146172
132880
134585
130833
129139
133721
131174
126263
123334
122856
119994
130378
124228
128299
130549
126713
128427
126421
121897
121548
122860
117431
124874
131025
127055
124072
124734
131012
130343
126675
133728
128670
125550
128697
122033
128392
121364
124061
129781
127590
126719
126784
125061
125925
125402
117206
119829
118474
121194
121328
119796
115428
120269
121395
120947
120125
123123
121684
125478
127704
124499
125557
123839
118705
126425
120568
117465
121584
115756
118440
117363
121183
119564
117136
123267
115552
121755
124514
121164
119342
123689
120547
121569
124057
127372
125830
124223
119977
119202
125638
123401
116572
121006
124746
126046
120988
120001
121518
122152
120865
120573
124445
123516
126910
124372
125969
131215
129557
131658
130565
133751
137303
133379
128673
128277
132869
132113
124586
136517
127829
121209
131903
127437
122474
127748
121127
125714
120009
129966
125039
121805
126779
127876
127596
132220
133515
133843
132959
134399
131007
137267
130832
133679
129298
132877
131065
132842
124948
128241
131194
125190
129577
128490
129310
132718
136572
132271
129228
131988
135754
133113
137363
131492
132850
136192
135654
140773
137180
140099
137450
129576
130231
128461
127109
129869
129763
135841
137194
129676
128770
130161
125511
132448
132926
127840
132922
127598
123592
124986
120180
128650
123617
123700
128059
138389
133071
129082
128687
133296
133274
141071
132847
137546
143919
139601
138812
128264
137753
129650
136627
139625
128306
129849
132444
127444
130423
130541
124586
128227
130556
127787
128755
126798
121809
127066
128227
127073
133513
127564
130340
127858
125557
129023
132339
124830
123127
128770
127454
127196
130155
128062
125435
119256
119243
121983
119331
122077
121254
124978
118108
135905
127131
130000
125140
127783
125969
125802
122679
137665
129796
122984
127376
120978
121581
121798
121532
122721
120577
119689
126596
119315
122814
128613
128708
135485
128102
122794
121930
116901
125057
123555
124478
123359
126464
132067
130157
123826
128431
131245
133945
140696
133245
138762
131100
130563
120067
128982
136697
138787
140110
133781
138045
136416
131806
133973
136095
140858
143209
146177
140927
145434
133282
146528
139370
134912
141256
141210
141104
145637
150437
141140
139578
138982
142373
143185
131034
134453
137545
134733
134824
131175
121602
130045
130749
126639
132044
135694
136693
128085
129013
137732
132956
139255
130085
139418
136491
139728
141670
137580
133771
148548
139664
139745
138979
144843
131833
136915
134711
130217
141483
146753
140327
142638
139408
138881
137179
139306
136098
138229
129979
134008
136714
131827
130858
130593
128951
128853
125577
129234
128306
127360
135036
127276
131101
128093
132957
125459
122971
125178
129945
132385
128260
123582
126597
125587
125824
126574
130986
132957
132202
140152
139029
128868
136631
137191
130366
129255
132234
129568
133547
131084
136718
133595
142032
136593
142339
138803
141081
134141
132084
124739
125464
125995
130407
129562
126012
123270
125514
127524
129168
125503
123485
141945
134051
137336
131900
134568
127415
130629
137543
136779
138770
132988
136043
127560
134134
133714
126639
129676
121771
122951
125202
123067
127386
120898
122695
118351
118103
117621
119198
118490
115205
118150
120932
123740
116145
120191
113663
117969
114034
118044
114819
119002
118004
112433
118729
108220
105354
113290
112921
111582
110089
114066
114707
111883
121951
114418
118290
114953
121847
112820
115470
113184
116297
115557
108362
116281
121097
120619
121051
113908
127227
119272
121124
123819
129101
121172
116410
111802
113585
105583
109408
112488
116520
115926
116944
114573
114535
115995
113668
113835
113414
116791
114452
117009
116418
113599
115790
114560
117794
114480
113195
114576
119882
116284
122014
116117
114590
120219
120223
120627
118655
120500
120705
123531
111628
109983
116851
114669
109166
116600
114176
109952
115908
115471
114413
107339
108189
106745
109013
108273
110881
114391
114506
107438
113126
108225
113789
108769
111846
115267
114215
113066
115596
110137
116067
115849
110615
109071
115969
112708
113146
113606
114105
108271
116630
112388
116631
122149
119971
117741
117632
118510
114699
110023
122961
116656
111561
118021
117501
114354
117963
126630
111530
117329
120871
122040
119044
125286
121303
121627
116940
127659
121108
116395
122953
117422
122522
123017
118170
120220
126039
122150
120697
121469
119186
119458
121368
116741
120848
124127
121997
120848
122285
120405
117142
121630
120898
125553
122043
122220
124491
123059
119829
125262
118491
118102
120066
119430
124553
122544
129199
124591
120275
126385
129357
128975
128468
131707
129152
128591
132254
134811
131799
128646
131208
127357
128534
135875
142873
130236
138287
131620
140712
134202
133140
133392
134852
132303
127391
126104
123897
131791
127447
130294
125200
127421
121986
126438
119754
121025
122067
120835
115721
117413
118811
117515
117254
119660
120990
119149
114103
117304
116166
120808
117777
119010
119129
117443
121153
122927
115992
122191
115468
123550
119457
120071
113903
117386
117266
120420
112923
115869
115426
119933
113510
117660
109361
114787
122155
116060
114668
107025
107853
109548
109915
108059
104595
108571
114103
109620
111178
110351
109459
106923
113746
110050
104822
104985
100127
107165
109714
112072
109411
110324
110888
108007
110836
111887
109321
108484
110063
108475
113310
111887
108000
113986
106456
107229
105911
103930
103700
112994
109008
112459
111708
114186
117006
112608
112589
112540
116651
113320
115364
114797
119873
116897
120237
119010
121011
119336
114956
115217
115006
120621
119946
119735
117710
120137
120135
117474
115728
125100
121639
120963
123796
117234
115453
108950
111707
114302
115850
120372
115734
117833
118607
127303
121513
117220
123203
113496
116953
116528
115126
114928
117697
112989
116352
116999
113602
115223
115442
114459
118990
120359
118636
117722
116442
121102
115958
123492
120642
123304
120915
123824
127476
129353
124502
119981
125066
124417
123670
127055
124745
118155
116170
123200
127749
128379
124029
121170
130461
124352
123398
117988
126022
122682
121360
124741
121603
127205
126410
124655
123989
124777
118019
118532
119796
112042
118651
115108
113574
113302
113594
119124
113831
116981
120265
122723
117896
122313
115481
117752
119664
111877
114594
115962
117648
112398
114144
109662
111467
115841
107139
116099
113175
117339
120401
121813
113849
117490
114799
119933
113476
113042
113971
119882
113210
110699
117323
112256
114377
116397
116687
121624
116120
120698
119743
120265
115237
116151
113288
114642
110384
120652
120781
121797
116420
120655
120358
124129
119836
121422
125849
119210
129367
122026
122511
123921
122067
122699
117998
122386
125900
126810
125217
126169
124923
126359
124534
124546
124980
124526
122556
118339
119781
126000
116449
124066
129349
121227
124148
124214
124235
123046
117868
124626
124638
116760
118317
113105
118995
121167
118216
113270
118842
119244
118678
111806
109790
112760
115924
115286
117302
111254
116423
115214
114360
114837
121451
110202
115184
117870
118630
124644
114047
111739
121365
119441
114198
118260
108384
122427
119192
112549
117148
111803
115490
117278
114169
118216
120950
124098
125986
115105
120140
120534
120035
116526
112151
121272
117349
118694
117076
124579
123268
117803
120213
122436
118141
121020
122968
124502
120190
118175
124259
123331
119018
115593
120046
117489
116497
122118
121422
120655
122818
120073
120719
123783
119894
122168
122189
124524
123734
123293
123413
120632
123495
115657
116227
120973
122469
121049
115746
116234
108632
115785
108629
113677
111323
107002
110590
109509
111052
114046
115033
112501
115075
112554
111245
116049
109757
110858
113151
116175
121056
114906
118879
120028
116195
119017
114310
112679
123128
119568
119696
118104
116150
120484
121114
124187
121251
122281
120532
119882
124086
118290
120415
123491
116940
121152
120044
126791
123988
118768
130060
131906
129608
127050
128263
127043
128563
127551
133379
128249
123949
138579
132952
132402
129583
134466
135912
133412
127845
128664
128047
121398
130401
129214
130773
122987
128342
130112
127480
136087
128708
133653
129052
122637
124020
119068
113326
120681
115943
114353
116619
116270
116436
120361
114873
115061
117413
118680
114260
119481
110025
109019
118778
117268
119612
113225
118009
116310
117163
114476
115720
119364
123235
124754
127219
127764
122381
119021
119249
122383
126196
125179
129768
121260
122686
122246
125466
119487
122930
131938
134623
134270
124831
126262
119494
131901
126458
128053
129064
118000
124548
119678
118700
123386
120346
121824
126429
125591
128878
128564
126958
132610
134613
126767
137008
132391
134764
131454
129780
135218
130194
136657
131783
130978
139978
132777
131761
130602
134502
134607
132113
128375
135655
132908
133358
135085
130780
128349
125223
131758
123804
122244
129141
127897
128522
135061
126874
126030
138723
129766
130807
128471
132344
131311
129204
128256
128152
130245
136388
130562
134033
135203
129118
136630
140891
136513
138766
144517
150023
148124
143145
138258
138145
137798
138645
131802
135189
133195
130033
134469
128814
133844
132312
126663
130054
122869
127100
119262
123632
124012
122433
128079
123628
127968
124966
130311
122126
123365
130167
133169
139896
128889
134757
130551
136816
132713
131952
128624
129959
130457
134281
129926
129912
135004
138041
132543
133052
129592
135647
132898
131188
126756
125013
129948
132826
131585
131221
130493
126229
123453
125886
124643
123807
124964
123234
122878
125179
125928
130855
127001
123294
120937
128927
127295
128609
128247
125668
137343
124313
122318
125869
130989
122800
117832
122175
120240
120003
123633
121602
122115
122739
121825
120529
132503
130785
122050
131541
127101
137224
133063
131629
130398
130905
124639
125637
129310
126398
128207
122680
124339
123427
128152
123575
118307
121089
123637
121352
123200
122659
124438
127019
123935
117982
124426
117715
125719
119658
120278
125143
127640
120562
121665
120631
115896
119643
118637
118022
118356
117983
118785
118068
119460
118290
120968
122820
120184
114395
120050
119760
114631
114001
116118
118369
116222
115211
113563
111891
112473
111163
119159
110133
116939
113625
112675
113727
108806
106168
112642
109947
107941
109815
107092
106960
107878
109920
114462
118075
116810
117485
112663
111834
117615
116903
120324
119998
116308
118941
124861
114689
119937
128262
126885
121891
117962
117715
120985
117814
119488
124275
122595
120235
127365
129129
126566
123980
122982
119056
122534
120843
122538
130181
132280
132365
132092
129713
133967
134350
135246
130099
129292
123844
125444
134705
126483
120408
126390
123060
124333
123490
128129
129030
126048
129774
139336
134232
130542
129598
124497
127357
132190
125586
129760
129467
129035
123588
124641
124103
124658
124092
126672
126752
140472
139783
134862
135631
138237
139623
139816
134571
128054
129756
127550
139235
132365
130610
137537
125729
124980
122144
126103
131120
133352
128658
135286
128852
127610
126274
122052
120874
125739
128792
122507
126559
124803
122360
123364
126546
117479
125828
123498
130614
127070
125682
130718
129862
121341
123745
130753
124493
129832
130787
128105
126893
122886
128781
127993
133333
129909
126150
133616
128071
141159
140937
139989
136525
139177
140083
140826
145438
145945
141814
146046
141356
145315
141777
144949
134943
145744
145279
146842
145907
142120
142367
135172
132801
137577
141981
135441
141867
136881
134582
139212
139890
143668
140207
143000
137619
145177
142741
139405
138753
138862
139127
138515
132615
131880
135420
138935
131722
132116
134851
137252
135034
128662
125645
133082
126056
127079
130264
129617
133324
143167
138749
140899
139286
135680
136417
129767
135676
144310
139532
142755
138653
140001
129817
141150
135157
134714
136678
139182
133815
128406
129056
121482
125492
125106
131028
133368
134354
133921
123870
135349
129808
133428
140915
131074
141557
137136
135712
140934
137679
135677
135605
134635
132164
131171
135399
130559
129432
125392
129201
130954
133851
124186
130063
126097
129601
126189
130651
134239
133302
139398
138971
130481
135057
132572
135027
135840
138391
137282
137562
135233
137682
144163
136053
136239
134831
129482
128840
126083
136163
135654
140630
135090
137512
129291
126207
135141
133120
129804
126195
129462
122040
124814
123106
129202
124880
126528
119276
125524
126933
126237
126903
128912
128811
129990
129864
131438
138007
135742
139140
133656
137043
133370
130732
136701
133257
132071
133574
127873
127022
133063
126614
132876
131808
125451
122553
129523
122495
119633
123604
127894
122325
121592
117987
127793
125893
116690
122327
119399
132708
122485
120158
127826
126889
131954
127826
125421
131760
128527
124936
126153
128242
128346
122828
126006
133058
131115
123231
129940
123145
112301
118326
118206
116926
119617
123313
123512
118686
121076
128121
126879
120537
117928
123993
122198
121107
124038
122631
116633
118699
121888
124525
122368
126000
118669
113926
119577
118702
117967
122703
124728
122684
121538
124503
120160
119316
117441
116025
114117
115052
117794
117972
123487
115312
112688
110804
112095
108985
110471
111425
108215
113379
114325
112246
109678
115254
114611
114825
112164
114510
116415
109715
113754
110915
114502
121655
120257
115984
118700
114929
113584
112132
110807
111707
121700
115101
115072
117021
114379
112152
113104
111589
112531
110642
117665
119126
112245
115937
117640
116705
112667
115902
116203
113586
114233
112047
107624
117630
121473
112254
116107
115621
107858
113829
116849
117388
115239
118107
112160
113050
112775
117092
120328
119150
117377
117119
115352
121600
125247
118250
118071
116040
118218
123071
124312
122845
129964
126203
126517
122236
122432
126874
123471
117754
120382
122133
118349
121468
116599
125200
114490
122414
121273
114883
118718
121095
116002
122205
119408
121066
116400
119328
121449
120317
119981
125517
118509
118126
112566
118425
116615
121906
123982
124170
125587
121933
127716
124584
125322
126555
123485
126202
126854
127359
131984
131705
123155
124023
123109
126566
124950
124952
120049
115372
118810
120585
120247
123495
115962
127284
123353
122268
128999
123782
116847
115304
118340
116033
115740
116857
116828
122009
117463
119246
115800
122509
118405
115854
124360
117159
114943
123288
118510
123292
119657
121662
125715
121410
129791
125133
123886
128820
120688
119981
121020
124108
121907
125330
130181
131141
126278
122144
121997
126252
123861
131139
130419
130228
124484
128235
120060
129273
128125
130136
130252
124540
128643
127116
134751
131733
121585
132867
132057
126477
123998
117006
126231
126943
124366
127667
123315
125047
122992
121395
128954
129522
127778
125318
125943
119698
118671
116503
119715
128333
118358
118170
127085
129099
122546
130133
121388
123562
129793
128268
129782
135174
135945
133187
131761
139442
127226
128241
125256
125239
119467
120982
123428
124827
123577
120871
123339
124030
129131
136751
130142
127937
136171
128122
133373
128068
127135
129447
126468
131859
126829
124858
132794
138608
130910
130371
132466
133482
124932
138871
136444
131286
130706
130929
138020
138171
133546
132414
132733
127322
138455
125818
128755
129285
123590
122823
127229
131770
131304
131134
132197
126584
126557
134445
127684
129154
132805
130802
132497
133643
129298
126960
128824
123106
124487
128002
130365
127777
126858
128152
130348
123539
124535
128153
127771
129796
131976
127527
129081
128738
132182
130109
128423
129393
132906
134090
133043
125916
126115
122228
120535
120904
124976
128890
130188
118476
124813
121780
125315
125164
124210
119253
125830
125081
122060
124883
122110
127464
124602
124141
128008
124943
123142
119051
121223
125976
132876
127430
130039
127874
123999
118327
118120
119097
115010
109901
110789
110592
112750
115154
110445
119892
110210
123189
117053
118770
113475
119846
119098
111342
118353
113747
115013
113388
118876
116860
119373
119302
116669
119064
118685
119578
121893
119373
117993
116894
113186
116578
114814
116204
113298
117920
115136
116405
114999
112776
113950
112412
115315
107203
112965
113399
110813
107669
110202
108188
110276
107358
105831
112319
112381
111605
111836
106818
109586
116422
105727
110937
110992
117487
115282
117278
120701
115206
119795
121095
120943
121202
123531
124915
126622
122059
122376
127583
126590
125516
124802
121032
123917
125187
123920
123032
115982
113726
118838
128486
129044
128352
124530
123762
120956
123222
123557
120681
122842
115863
108942
106418
117746
112710
118649
115569
114349
115129
116024
117822
125471
117665
103183
110872
109418
116737
113487
112190
118904
115972
112293
115629
119856
121506
114644
118448
117161
114255
114579
117202
115881
113767
115465
112692
113920
114738
108869
111123
115044
119347
115455
117299
124016
116559
117492
109740
106321
102867
104538
105089
111691
113997
113662
112256
116662
112810
114633
115476
117513
106918
113626
104480
110426
107243
108228
110964
111935
113095
116499
106391
103215
108542
106903
105598
103894
114355
107885
111772
106367
109416
119352
112689
118477
108338
113458
112064
111819
114370
123544
118914
119924
120729
116945
121846
121055
121230
120075
117416
122786
113586
115309
115712
114967
115621
120322
116201
117038
119478
116387
124371
115938
115846
110754
109955
111443
113014
121555
108316
113628
113732
112671
117388
111038
114341
113318
113502
110125
107942
106781
107871
107144
110532
104702
113518
110872
119388
109563
113973
114043
111009
114636
118826
115190
110983
113880
118681
113317
119011
125027
117481
115795
120398
120588
115076
110776
109821
116438
116533
115616
123868
122659
118240
115449
119193
115120
114767
118215
113159
110664
116441
113261
117798
123499
111413
115093
111693
113763
116824
116308
116711
117293
112770
116608
111403
109331
105739
109572
115402
108430
102332
110357
108144
107061
108927
113512
112272
112743
111977
116880
109415
113235
112839
112258
111370
113534
111540
108329
106649
107083
108899
109525
105865
106780
104960
104534
106247
106175
110132
106786
98973
99735
95216
104515
103263
101398
102972
98832
97429
102022
95194
104096
105749
104052
103963
106329
109580
105265
106414
112268
110448
109910
112225
108091
111250
112140
109584
109402
115605
111334
107252
109153
113553
103862
107103
106893
106166
111184
108780
105021
111248
115073
111457
110745
110395
109323
106632
98864
106536
112955
110748
106111
103311
100453
99727
110228
102159
104014
102116
100927
105776
97287
101756
99413
97588
101549
105913
100611
98474
103378
100271
100817
96260
