"length(which_indiv)" "ownership" "headsex" "headrace" "headhisp" "headage"
1 1 1 1 1 68
2 1 2 1 2 51
1 1 2 1 1 48
1 1 2 1 1 30
3 1 1 1 1 39
3 1 1 1 2 58
3 1 1 1 1 77
3 2 2 7 5 56
2 1 1 1 1 56
2 1 1 1 1 76
3 1 1 1 1 48
1 1 1 1 1 77
1 2 1 8 1 29
1 1 2 1 1 67
2 2 1 1 1 49
1 2 2 1 1 28
2 2 1 3 2 58
3 1 1 1 1 47
2 1 1 2 1 57
2 1 2 1 1 42
1 1 1 1 1 62
2 1 2 1 1 53
2 1 1 1 1 87
1 2 2 1 1 52
1 2 1 1 1 62
1 1 2 1 1 39
1 2 1 1 1 32
3 1 1 1 1 66
3 1 1 1 1 47
1 1 2 1 1 78
2 2 1 1 1 41
1 2 2 1 1 49
2 1 1 1 1 37
1 1 1 7 2 52
1 1 2 1 1 64
2 2 1 1 1 55
1 1 2 1 1 59
2 1 1 1 1 54
2 2 2 1 1 42
2 1 2 1 4 39
1 2 1 2 1 44
1 1 1 1 1 56
2 2 1 1 1 47
2 1 2 7 2 60
2 1 1 1 1 29
1 1 2 1 1 54
1 1 2 1 1 65
1 1 1 1 1 53
1 1 2 1 4 49
3 1 1 1 1 37
1 1 1 1 1 67
3 1 2 8 1 35
2 2 2 1 1 21
3 2 1 1 2 36
1 1 1 1 1 77
1 1 1 1 1 84
1 1 1 1 1 75
2 2 2 1 1 28
1 2 2 2 1 51
1 1 2 1 1 25
1 1 2 1 1 70
1 1 1 1 1 82
2 1 2 2 1 75
3 1 1 1 1 47
2 2 1 1 1 48
1 1 2 1 1 77
1 1 2 1 1 58
1 2 1 1 1 41
2 2 2 2 1 43
2 1 2 1 1 44
3 1 2 2 1 44
2 1 1 1 1 66
2 1 2 1 1 65
3 2 2 1 1 25
1 1 1 1 1 70
3 1 1 1 1 29
1 2 2 2 1 45
1 2 1 1 1 29
2 2 1 6 1 31
1 1 1 1 1 93
2 2 2 1 2 35
2 2 2 2 1 34
3 1 1 6 1 27
3 1 1 1 1 51
1 1 1 1 1 76
2 1 1 2 1 84
2 1 2 1 1 41
1 2 2 1 1 37
1 1 1 1 1 59
1 1 2 1 1 25
1 1 2 1 1 53
1 1 1 1 1 69
3 2 1 1 1 36
2 1 2 1 1 46
1 1 1 1 1 68
1 2 2 1 1 55
2 1 1 1 1 62
2 1 1 1 1 65
1 1 1 1 1 72
1 1 1 1 1 43
1 1 1 1 1 80
1 1 1 1 1 54
2 2 1 1 1 28
2 1 1 1 1 60
2 2 1 1 1 49
2 2 2 1 2 35
1 1 1 1 1 52
2 1 1 1 1 38
1 1 2 1 1 50
1 1 2 2 1 69
2 1 2 1 1 53
1 2 2 1 1 27
3 1 2 1 1 45
2 2 2 1 1 34
2 1 1 1 1 53
2 1 1 1 1 40
1 1 1 1 1 77
1 1 1 1 1 80
1 2 1 2 1 67
1 1 2 1 1 82
2 2 2 1 1 30
1 1 2 2 1 63
3 1 1 1 1 62
1 1 2 1 2 53
1 2 2 1 1 26
1 1 2 2 1 54
2 1 1 1 1 56
1 1 1 1 1 72
1 1 1 1 1 66
2 1 2 1 1 52
1 1 2 1 1 59
1 1 1 2 1 62
1 2 2 1 1 86
1 1 1 2 1 33
2 2 2 1 1 20
1 2 1 1 2 76
3 1 1 1 1 44
1 1 2 1 2 52
1 1 2 1 1 43
3 1 1 1 1 43
2 2 2 2 1 37
2 1 2 1 1 50
1 1 1 1 1 73
2 2 2 1 2 70
1 1 1 1 1 63
1 2 2 1 1 31
1 1 1 1 1 50
1 1 1 1 1 74
1 2 2 1 1 41
2 1 1 8 1 30
2 1 2 7 2 52
1 2 1 1 1 22
1 1 2 1 1 81
1 2 1 1 1 68
2 2 1 1 1 30
3 1 2 1 1 52
3 1 2 1 2 47
3 1 1 1 1 47
1 2 1 1 1 25
3 1 1 1 1 46
3 2 1 1 2 26
1 1 1 1 1 85
1 1 1 1 1 65
1 1 1 1 1 67
2 1 1 1 1 51
3 1 1 1 2 30
2 1 2 1 1 29
1 1 2 2 1 40
1 2 1 6 1 34
1 1 1 1 1 62
1 1 1 1 1 45
3 1 2 1 1 24
1 1 1 1 1 61
1 1 1 1 1 64
2 1 2 2 1 37
1 1 1 1 1 57
1 1 1 1 1 30
1 1 1 1 1 56
2 1 1 6 1 65
1 1 1 1 1 62
2 1 1 1 1 31
2 1 2 2 1 51
2 1 1 6 1 38
2 1 1 1 1 49
3 2 1 1 1 44
1 1 1 1 1 58
1 1 2 1 1 67
1 1 1 1 1 81
3 1 2 1 1 57
1 1 2 1 1 62
1 1 2 2 1 80
1 2 2 1 1 63
1 1 2 1 1 37
1 1 1 1 2 67
1 1 2 8 1 72
1 1 1 1 1 25
1 1 2 1 2 63
2 1 1 1 1 53
3 2 1 1 1 65
1 1 1 1 1 78
2 1 1 1 1 35
1 2 2 1 1 43
2 1 1 1 1 55
3 1 1 1 1 50
1 1 2 1 1 50
2 1 1 1 1 66
1 2 2 1 2 40
2 1 2 1 1 53
3 1 2 1 1 40
1 1 2 1 1 56
1 2 2 1 1 26
1 1 2 2 1 52
1 1 2 1 1 34
1 2 1 1 1 56
3 1 1 1 1 39
1 1 2 1 1 46
2 2 1 1 1 51
1 1 2 1 2 72
1 2 2 2 1 51
3 1 1 1 1 50
2 2 2 2 1 24
1 1 1 1 1 62
3 1 1 1 1 33
1 1 1 1 1 59
3 1 1 1 1 35
2 1 2 1 1 34
2 2 1 2 1 62
2 1 1 1 1 56
1 2 2 1 1 24
2 1 1 1 1 62
1 1 2 1 1 42
1 2 2 1 1 54
3 2 2 2 1 27
2 1 1 2 1 61
1 2 1 1 1 33
2 1 1 1 1 76
2 1 1 7 5 29
1 1 1 1 1 51
1 1 1 1 1 53
1 1 1 1 1 26
1 1 1 1 4 79
3 1 1 1 1 41
3 1 2 1 1 59
3 2 2 2 1 44
1 1 2 1 1 78
1 1 1 1 1 50
1 1 2 1 1 32
1 2 2 2 1 48
1 2 1 2 1 45
1 2 2 1 1 58
1 2 1 1 1 41
1 2 2 1 1 33
1 1 1 1 1 38
1 1 1 1 1 57
1 1 1 1 1 65
1 1 1 1 1 54
1 1 2 1 1 26
3 1 1 1 1 33
2 1 1 1 1 34
2 1 2 7 2 46
1 1 1 1 1 85
3 1 1 2 1 73
2 1 2 1 1 34
3 2 1 1 1 21
2 1 1 1 1 71
1 2 1 1 1 28
2 1 2 1 1 69
1 1 2 1 1 58
2 1 1 1 1 36
1 1 1 1 1 60
1 1 1 3 1 51
1 1 2 1 1 69
1 1 2 1 1 60
3 1 1 1 1 53
1 2 1 1 1 25
2 1 2 1 1 52
3 1 2 1 1 32
1 1 1 1 1 79
1 1 2 1 1 44
2 1 2 1 1 64
1 2 1 1 1 33
3 1 2 1 1 38
1 1 1 1 1 78
1 1 2 1 1 64
3 1 1 1 2 45
2 2 2 2 1 35
1 1 1 1 1 78
1 1 2 1 1 77
1 1 2 1 1 61
1 1 2 1 1 56
2 2 2 2 1 45
1 1 1 1 1 66
3 2 1 1 1 38
1 1 2 1 1 57
1 1 1 1 1 83
1 2 2 2 3 30
2 1 2 1 1 47
2 1 1 3 1 71
3 1 1 1 1 43
1 1 1 1 1 54
2 1 2 1 2 50
2 1 1 1 1 58
3 1 1 1 1 33
1 2 1 8 1 43
3 1 2 1 1 36
1 1 1 1 1 52
1 1 1 1 1 71
3 1 2 1 1 48
1 1 2 1 1 58
3 1 2 1 2 31
1 2 2 1 1 84
1 1 1 1 1 37
1 1 1 1 1 72
1 1 1 1 1 52
1 1 1 1 1 52
1 1 2 1 1 43
1 1 2 1 1 58
1 1 1 1 1 58
1 1 1 1 1 38
1 1 1 1 1 76
2 1 1 1 1 36
1 2 2 1 2 59
1 1 1 1 1 65
1 1 2 1 1 68
1 1 1 1 1 80
2 1 2 2 1 41
2 2 1 1 1 29
1 1 2 1 1 56
1 1 1 1 1 75
3 1 1 1 1 43
3 1 1 1 1 41
1 1 1 1 1 74
2 2 1 7 1 45
2 2 1 1 1 42
3 1 2 1 1 44
2 1 2 1 1 30
1 1 1 1 1 76
1 1 2 1 1 52
1 1 2 1 1 31
1 1 1 1 1 68
2 2 2 1 1 37
1 2 2 2 1 24
1 1 2 1 2 53
1 1 2 1 1 53
1 1 1 1 1 65
1 1 1 1 1 79
2 2 1 1 1 44
1 1 2 1 1 57
1 1 1 1 1 69
1 2 2 1 1 66
3 1 1 1 1 40
1 1 1 1 1 62
1 1 2 1 1 30
1 1 1 1 1 61
1 1 2 1 1 69
1 1 2 1 1 53
1 2 1 1 1 46
1 1 1 1 1 57
1 1 1 1 1 63
1 2 2 1 1 28
3 1 2 1 1 63
2 2 1 1 1 26
1 2 1 2 1 36
2 1 2 1 1 59
2 1 1 1 1 55
1 1 2 1 5 36
2 2 2 2 1 35
1 1 1 1 1 60
1 2 2 1 1 47
2 2 1 7 2 31
1 2 1 1 1 82
1 1 1 1 1 66
1 2 1 1 1 25
2 1 1 1 1 46
1 1 2 6 1 63
1 1 2 1 5 31
1 1 1 1 1 86
1 2 2 1 1 56
3 1 1 6 1 39
2 1 1 1 1 51
1 2 2 1 1 31
1 1 1 1 1 52
1 1 1 1 1 75
2 2 2 2 1 39
3 1 1 1 2 47
2 1 1 1 1 44
1 1 2 1 1 59
1 1 1 1 1 48
2 1 2 2 1 77
3 1 1 2 1 38
2 2 2 1 1 23
2 1 1 1 1 58
1 1 1 1 1 65
2 1 2 1 1 51
1 1 1 1 1 65
1 1 2 1 1 59
1 1 2 1 1 48
1 2 1 1 1 56
1 1 1 1 1 70
1 1 1 1 1 81
1 1 1 1 1 62
1 1 1 1 1 66
2 1 1 1 1 60
3 1 2 1 1 57
1 1 1 1 1 53
1 1 2 1 1 54
2 1 1 1 1 74
1 1 1 1 1 53
2 1 1 1 1 51
1 1 1 1 1 63
1 2 2 1 1 42
1 1 2 1 1 42
3 1 2 1 1 44
3 1 1 1 1 55
1 1 1 1 1 65
2 1 1 1 1 30
1 1 1 1 1 68
1 1 1 1 1 55
1 1 2 1 1 55
1 1 1 1 1 64
1 1 1 1 1 63
1 1 1 1 1 69
1 1 1 1 1 63
1 1 2 1 1 72
1 1 1 8 1 54
1 2 2 1 1 28
1 1 2 1 1 64
1 1 1 6 1 51
1 1 1 1 1 72
2 1 2 1 1 55
3 2 2 1 1 41
3 1 2 1 1 31
3 1 1 1 1 45
3 1 1 2 1 53
1 1 1 1 1 62
3 2 1 1 5 32
3 1 1 1 1 53
1 2 1 2 1 27
3 1 1 1 1 55
1 1 1 1 1 67
1 2 2 1 1 83
2 1 2 1 1 55
3 1 1 1 1 38
1 2 1 1 1 22
1 1 1 1 1 80
2 1 2 2 1 34
1 1 1 1 1 66
3 1 1 1 1 46
1 1 1 1 1 37
3 2 2 2 1 34
1 1 1 1 1 56
1 2 1 1 2 88
3 1 1 6 1 42
1 1 2 1 1 26
1 1 1 1 1 68
1 1 1 1 1 58
1 2 1 1 1 20
1 1 2 1 1 73
2 1 1 1 1 47
1 2 2 2 1 26
3 1 2 1 1 42
1 1 1 1 1 72
3 1 2 1 1 48
1 1 1 1 1 43
3 1 1 1 1 63
1 1 1 1 1 71
1 1 1 1 1 48
3 2 2 2 1 22
2 1 1 1 1 60
1 2 2 1 1 40
1 1 2 2 1 63
1 1 1 1 1 68
1 2 1 7 1 35
1 1 1 1 1 65
1 1 1 1 1 69
1 2 2 1 1 28
1 1 1 1 1 71
1 1 2 1 1 74
1 2 1 3 2 25
1 1 1 1 1 86
2 1 2 1 1 49
1 1 2 1 1 49
2 2 2 1 1 61
2 1 1 7 3 50
1 1 1 1 1 56
1 1 2 1 1 95
1 1 1 1 1 62
1 1 1 1 1 74
2 1 2 2 1 48
1 1 2 1 1 59
1 1 2 1 1 63
1 2 2 6 1 32
1 1 1 1 1 80
1 1 1 1 1 85
2 1 1 1 1 47
2 1 2 1 5 56
3 1 1 6 1 40
1 1 2 2 1 44
3 2 2 1 1 23
3 1 2 6 1 45
1 1 1 1 1 62
1 1 2 1 1 48
3 1 1 4 1 63
1 1 1 1 1 52
3 1 1 1 1 62
1 1 1 1 3 72
3 1 1 1 1 66
1 1 1 1 1 82
1 1 1 1 1 71
1 1 2 1 1 85
2 1 1 1 1 65
3 1 1 1 1 29
1 2 1 1 1 49
2 2 1 1 1 49
1 2 2 1 1 23
1 1 1 1 1 78
1 1 1 2 1 46
1 1 1 1 5 75
1 1 1 1 1 59
3 1 2 1 1 54
3 1 1 6 1 43
1 1 1 1 1 37
3 1 1 1 1 41
1 1 1 2 1 62
2 2 2 1 1 28
3 1 1 1 1 48
3 1 2 1 1 51
3 1 2 1 1 41
1 1 1 1 1 88
2 1 2 2 1 75
1 1 2 2 1 67
1 1 2 1 1 29
1 2 1 7 5 39
3 1 1 1 1 41
3 2 1 1 1 57
2 2 2 1 1 23
1 2 1 7 5 59
2 2 1 4 1 56
1 1 2 1 1 54
1 1 2 1 2 56
2 1 1 1 1 32
1 1 2 1 1 57
3 1 1 1 1 46
1 1 2 1 1 54
1 1 2 2 1 86
2 1 1 1 1 47
2 1 2 1 1 47
1 1 1 1 1 59
1 1 2 1 1 57
1 1 1 1 1 94
1 1 2 8 1 66
1 2 2 1 1 21
3 1 2 8 1 51
1 1 2 1 1 75
2 1 1 1 1 61
1 2 1 1 1 28
1 1 1 1 1 59
2 2 2 1 1 34
1 1 1 7 3 39
2 2 1 1 2 40
1 2 2 1 1 39
1 1 2 1 1 69
1 1 1 7 2 83
2 1 2 1 1 30
1 2 1 1 1 58
3 1 1 2 1 51
1 1 1 1 1 67
1 2 1 1 1 23
2 1 1 1 1 28
1 2 2 1 1 26
3 1 1 1 1 56
1 1 1 1 1 64
1 2 2 2 1 24
1 1 1 1 1 64
1 1 2 1 1 58
3 1 2 1 1 46
1 1 1 1 1 85
1 2 1 1 1 59
1 1 1 1 1 32
3 1 1 1 1 63
3 1 1 1 1 53
1 1 2 1 1 35
1 1 1 1 1 35
3 1 1 1 2 54
1 1 1 1 1 66
1 1 1 1 3 59
3 1 1 1 1 79
2 2 1 1 1 30
1 1 1 1 1 67
1 1 1 7 2 66
1 1 2 1 1 61
3 2 2 1 2 39
2 2 2 1 2 32
1 2 1 1 1 40
1 2 1 4 1 31
3 1 2 1 1 33
1 2 2 1 1 49
1 1 1 1 1 56
1 1 1 1 1 83
1 2 1 1 3 33
2 1 2 1 1 57
3 1 2 1 1 47
1 2 2 1 1 34
3 1 1 1 1 69
1 2 2 7 5 39
1 2 1 3 1 79
1 1 1 1 1 61
3 1 1 1 1 45
1 1 1 1 1 69
3 1 1 1 1 55
1 1 1 1 1 79
2 1 2 1 1 54
2 2 2 2 1 61
2 1 1 1 1 62
1 1 1 1 1 87
2 1 1 1 1 53
3 1 1 1 1 35
1 1 2 1 1 58
3 1 1 1 1 39
1 1 2 1 1 52
1 2 1 1 1 43
1 1 1 1 1 75
3 1 1 1 1 46
2 2 2 7 2 33
3 1 1 1 1 41
2 2 1 1 1 37
2 1 1 1 1 55
1 1 2 1 1 49
1 1 1 1 1 67
1 1 2 1 1 51
1 1 2 1 1 49
2 2 2 2 1 56
1 1 1 1 1 70
1 1 1 1 1 76
2 1 1 1 1 56
2 2 2 1 1 38
1 1 2 1 1 80
1 1 2 1 1 54
3 1 1 1 5 55
1 1 1 1 1 76
3 1 1 1 1 59
1 1 2 1 5 51
1 1 1 1 1 62
3 1 2 1 1 36
1 1 1 1 1 86
3 2 2 1 1 32
2 1 2 1 1 34
1 1 2 1 1 72
1 1 2 1 1 60
1 2 2 1 1 24
2 1 2 1 1 55
2 2 1 1 1 26
2 1 1 1 1 36
1 1 2 1 1 28
3 1 1 1 1 41
3 1 1 1 1 54
1 2 2 1 2 53
1 1 1 2 1 67
1 2 2 1 1 52
1 1 1 1 1 59
3 2 1 2 1 69
2 1 1 1 1 53
1 1 1 1 1 54
3 1 1 1 1 63
1 2 1 6 1 30
2 2 2 1 5 24
1 1 2 1 1 54
1 2 2 2 5 57
1 1 2 1 1 72
1 2 2 7 3 25
1 2 2 1 1 42
1 2 1 1 3 35
1 2 1 1 1 39
1 1 2 1 1 35
1 1 2 1 1 57
3 1 1 1 1 47
3 1 1 1 2 40
1 2 2 1 1 37
1 1 1 1 1 63
1 1 1 1 1 59
1 2 1 1 1 64
2 1 2 1 5 39
2 1 2 4 1 43
1 1 2 1 2 68
2 1 2 2 1 35
1 2 2 1 1 51
1 1 1 1 1 59
1 1 1 1 1 68
3 1 2 1 1 50
2 2 2 1 1 57
2 1 1 1 1 55
3 1 1 1 1 61
2 1 2 1 1 76
2 1 1 1 1 61
1 2 2 2 1 43
2 1 2 1 1 65
1 1 2 1 1 68
1 1 2 1 1 56
2 2 1 1 1 33
1 2 1 1 1 20
1 1 2 1 1 49
1 1 2 1 1 65
3 1 1 1 5 67
3 2 2 7 2 38
1 1 2 1 1 84
1 1 1 1 1 77
3 1 2 1 1 48
2 1 1 1 2 48
3 1 1 1 1 54
1 1 2 2 1 70
2 2 2 1 1 55
2 1 1 2 1 71
1 1 1 8 1 57
2 1 2 1 1 58
3 2 2 2 1 31
1 1 1 1 1 72
1 1 1 1 1 69
3 1 1 1 1 46
2 1 1 1 1 60
2 1 1 1 1 41
2 2 2 8 4 57
2 1 2 1 1 61
2 1 1 1 3 55
1 2 2 2 1 33
3 1 2 2 1 43
1 1 2 1 1 56
3 1 1 1 1 50
1 1 2 2 1 50
1 1 2 1 1 66
1 1 1 1 1 49
1 1 2 1 1 61
1 2 1 1 2 23
2 1 1 1 1 48
1 2 1 1 1 61
1 1 1 1 1 72
2 1 2 1 1 52
1 1 1 1 1 62
1 1 2 1 5 46
1 2 2 7 5 20
1 2 2 7 2 48
1 1 1 1 1 44
2 1 1 1 1 38
1 1 2 6 1 47
1 1 2 1 1 68
1 1 1 1 1 82
1 2 2 1 1 58
2 1 2 1 1 49
1 1 1 1 1 74
2 1 2 1 1 38
1 2 1 1 1 25
1 1 1 1 1 68
1 1 2 1 1 52
1 2 1 7 2 54
1 1 2 1 1 67
3 1 1 1 1 47
3 1 2 1 1 38
2 1 2 1 1 28
1 1 2 1 1 66
3 1 1 1 1 52
1 1 1 1 1 69
1 2 1 2 1 28
1 1 1 1 1 61
1 2 1 1 1 46
1 1 2 1 1 76
2 1 1 1 1 61
2 2 2 2 1 26
1 1 1 1 1 50
2 1 1 1 1 39
1 1 1 1 1 52
1 1 1 1 1 75
3 1 2 1 1 48
3 1 1 1 1 68
2 2 2 2 1 33
1 1 1 2 1 38
2 1 1 1 1 51
1 1 1 1 1 77
3 1 1 1 1 58
2 1 2 1 1 64
2 2 2 7 2 47
2 1 1 1 1 61
3 1 1 1 1 48
2 1 1 1 2 47
1 1 2 2 1 40
1 1 1 1 1 67
1 2 2 1 1 20
2 2 1 1 1 23
3 1 2 1 1 43
1 1 1 1 1 65
1 1 2 1 1 71
1 2 2 1 1 51
1 1 2 1 1 42
3 2 1 1 2 30
1 1 2 1 1 67
1 1 2 1 1 51
1 1 2 1 1 56
2 1 1 1 1 54
3 1 2 1 1 50
3 1 2 1 1 42
3 1 1 4 1 42
3 2 2 1 1 24
2 1 1 1 1 38
3 2 2 1 1 38
3 2 1 3 1 42
1 1 1 1 1 53
1 1 1 1 1 73
3 1 2 1 1 41
1 1 2 1 1 59
1 1 1 1 1 70
1 1 1 1 1 46
1 2 1 1 1 82
2 2 2 1 1 25
2 1 1 1 1 54
1 1 2 1 1 48
3 1 2 1 1 59
1 1 1 1 1 56
2 1 1 2 1 48
3 1 1 1 1 42
2 2 2 1 1 40
2 2 2 1 2 42
3 1 2 1 1 59
1 1 1 1 1 88
1 2 2 1 1 61
1 1 2 1 1 56
2 2 1 1 1 25
3 1 2 1 1 38
1 1 1 1 1 58
2 1 1 1 1 58
3 1 2 2 1 63
1 1 2 1 1 64
1 1 2 1 5 52
2 1 2 4 1 62
1 1 1 2 1 82
2 1 1 1 1 66
2 2 2 1 1 40
2 1 1 1 1 55
1 1 1 1 1 60
1 2 2 1 1 45
1 1 2 1 1 75
3 1 1 2 1 51
1 1 2 1 1 58
1 1 1 2 1 66
1 1 1 1 1 86
3 1 1 1 1 46
1 1 2 1 1 60
3 1 1 8 2 58
3 1 1 1 1 63
1 1 1 1 2 81
2 1 2 1 1 49
3 1 2 1 1 74
1 1 2 2 1 60
1 1 1 1 1 66
1 1 2 1 1 64
2 2 2 1 2 54
2 1 1 1 1 52
2 1 1 1 1 40
1 1 1 4 1 88
1 1 1 1 1 76
1 2 2 1 1 28
1 1 2 1 1 65
2 2 2 2 1 80
1 1 2 1 5 54
2 2 1 1 1 26
1 1 1 1 1 84
3 1 1 1 1 46
1 2 2 2 1 54
1 2 2 2 1 72
1 1 2 1 1 76
2 1 1 1 1 40
3 1 2 1 2 45
1 1 2 1 1 87
1 1 1 1 1 60
2 1 2 3 1 49
3 1 1 1 1 60
3 2 1 1 1 56
1 2 1 8 1 75
3 1 2 8 1 59
1 1 1 1 1 62
1 1 1 1 3 47
1 1 1 1 1 68
3 2 1 1 1 37
2 2 2 7 2 58
1 1 2 1 1 61
1 1 2 1 1 75
2 1 2 1 3 53
3 1 1 1 1 54
2 1 1 1 1 66
1 1 2 1 1 79
1 2 1 1 1 67
1 1 1 1 1 75
1 1 1 1 1 76
3 1 2 1 1 43
1 1 2 1 1 43
1 1 2 1 1 58
1 1 1 1 1 59
1 2 2 2 1 30
1 1 2 1 1 23
3 1 1 7 5 66
1 1 1 1 1 63
1 1 1 1 1 63
1 1 1 1 1 34
2 1 1 1 5 56
3 1 2 1 1 49
1 1 2 1 1 69
1 1 1 1 1 63
1 1 1 1 1 58
1 1 1 1 1 37
1 1 1 1 1 81
1 1 1 1 1 59
3 1 2 1 1 37
1 1 1 1 1 60
3 1 1 6 1 52
1 1 1 1 1 63
1 1 2 1 2 79
1 1 1 1 1 77
1 1 1 1 1 79
2 2 1 8 1 35
1 1 2 1 1 70
2 1 1 1 1 48
1 1 2 1 1 72
2 1 1 1 1 52
3 1 1 1 1 56
1 2 1 1 5 61
2 1 2 1 1 58
1 1 1 1 1 95
1 1 1 2 1 64
3 1 2 1 1 49
3 1 1 1 2 38
3 2 1 7 5 38
1 1 2 1 1 71
1 1 1 1 1 80
1 1 1 1 1 75
3 1 2 7 2 31
1 1 2 1 1 52
2 1 2 1 1 57
1 1 1 1 1 59
3 1 1 1 2 40
1 1 2 1 1 70
2 1 1 1 1 36
1 1 1 1 1 61
3 1 1 1 1 29
2 1 2 2 1 63
2 1 2 1 1 28
1 1 1 1 1 67
2 2 2 1 1 33
1 2 2 6 1 51
1 1 1 1 1 70
1 1 2 1 1 55
3 2 1 1 2 35
3 1 1 1 1 38
1 1 1 1 1 59
1 1 2 1 1 63
1 1 2 1 1 51
1 1 1 1 1 67
1 1 2 1 1 54
1 2 2 1 1 39
3 1 2 1 1 38
1 1 2 1 1 33
1 1 2 1 1 46
1 2 1 8 1 41
2 1 1 1 1 39
1 1 1 1 1 68
1 1 1 1 1 61
3 1 2 6 1 40
3 2 1 7 2 41
1 1 2 2 1 74
1 1 1 1 1 60
1 2 2 1 1 46
3 1 1 1 1 39
2 2 2 1 1 24
1 2 2 1 1 52
1 1 1 1 1 76
2 1 1 1 1 72
1 1 1 8 1 69
2 1 1 1 1 56
1 2 2 1 2 30
3 1 1 1 1 50
1 1 1 1 1 40
1 1 2 2 1 56
1 1 1 1 1 55
2 1 1 7 1 52
1 1 2 1 1 67
3 1 2 1 1 39
1 1 1 1 1 72
1 2 2 1 1 66
1 1 1 1 1 79
1 1 1 1 1 70
3 1 1 1 1 48
1 1 1 1 1 79
1 1 1 1 1 48
3 1 2 1 1 29
1 1 2 1 1 36
1 1 2 2 1 46
3 2 1 2 1 37
1 1 1 1 1 75
1 2 2 1 1 27
2 1 1 1 1 55
1 2 1 1 1 51
2 2 2 1 1 47
1 2 1 1 2 51
2 2 2 1 2 24
2 1 1 1 1 69
1 1 1 1 1 83
2 1 2 1 1 30
1 1 2 6 1 32
1 2 1 2 1 74
3 1 1 1 1 31
2 2 2 1 2 34
3 1 1 1 1 56
3 1 2 1 1 51
1 2 2 2 1 56
3 1 1 1 1 32
1 1 2 8 1 72
2 1 1 1 1 63
3 1 1 1 1 34
1 1 1 1 1 85
2 1 2 2 1 58
3 1 1 1 1 46
2 2 2 2 1 31
1 1 2 1 1 29
1 2 1 1 5 31
1 1 2 1 1 59
1 2 1 1 1 63
3 1 2 1 1 38
1 2 1 1 1 56
1 1 1 1 1 79
1 1 1 1 1 76
3 1 2 1 1 47
1 1 2 2 1 69
1 1 1 1 1 54
1 2 2 6 1 50
1 1 2 1 1 60
1 2 2 1 1 36
3 1 1 1 1 42
2 1 1 1 1 50
3 2 2 2 1 40
1 2 1 1 1 48
3 1 2 1 1 39
3 1 2 1 2 62
2 1 2 1 1 45
1 1 1 1 1 70
1 1 2 1 1 56
1 1 1 1 1 75
2 1 2 1 1 77
1 1 1 1 1 63
1 1 1 1 1 94
1 2 1 1 1 61
3 1 2 1 1 48
1 1 1 1 1 39
3 1 1 1 1 46
2 1 1 1 1 54
2 1 2 1 1 47
1 2 1 1 1 75
1 2 2 1 1 40
2 2 2 2 1 33
1 1 1 1 1 63
1 1 1 1 1 67
1 1 2 1 1 65
3 2 2 2 1 36
1 1 2 1 1 54
1 1 2 1 1 43
2 2 2 4 1 23
3 2 1 1 1 48
3 2 2 1 2 42
1 1 2 1 1 30
1 1 2 1 1 49
3 2 1 2 1 30
1 1 1 1 1 50
3 1 2 1 1 60
1 1 1 1 1 24
2 1 2 1 1 52
1 2 2 2 1 63
1 1 2 1 1 54
3 2 1 1 1 54
1 2 2 2 1 55
2 2 2 1 1 28
1 1 2 1 1 72
3 2 2 1 1 47
1 1 2 1 1 44
1 1 1 1 1 79
2 1 2 1 1 58
1 1 1 1 1 58
1 1 1 1 1 54
1 1 1 1 1 55
1 1 1 1 2 69
2 1 2 1 1 63
1 1 1 1 1 51
2 2 1 1 1 25
1 2 2 1 4 46
3 1 1 1 1 61
2 2 2 4 1 50
2 1 2 1 1 57
1 1 1 1 1 63
1 1 2 2 1 40
1 1 1 2 1 55
1 1 1 1 1 51
3 2 1 9 5 40
1 1 2 1 1 46
1 1 1 1 1 57
2 1 2 6 1 41
3 2 2 1 5 43
1 1 1 1 1 58
2 1 1 1 1 54
1 1 1 1 1 68
1 1 1 4 1 44
1 1 1 1 1 79
2 2 1 1 2 22
2 2 2 1 1 26
1 1 2 1 1 75
1 2 1 1 1 87
2 2 1 1 1 28
2 1 1 1 1 65
1 2 2 2 1 49
1 1 1 1 1 55
1 1 1 1 1 60
1 1 1 1 1 63
1 1 1 1 1 57
1 1 1 2 1 86
1 1 1 1 1 31
1 1 2 1 1 50
2 2 2 1 2 47
2 1 2 2 1 57
2 1 2 6 1 54
3 1 1 2 1 63
1 2 2 1 1 30
1 1 1 1 1 68
2 1 1 1 2 70
1 1 1 2 1 56
1 2 2 2 5 58
1 1 2 1 1 30
1 1 2 1 1 68
1 2 1 6 1 83
2 1 1 1 1 60
1 1 1 1 1 70
2 1 2 1 1 39
2 1 2 1 1 68
1 1 1 1 1 69
1 1 2 1 1 37
2 1 1 7 2 63
1 1 2 1 1 25
1 1 1 1 1 61
1 1 1 1 1 63
1 1 1 1 2 66
1 1 2 1 1 72
1 1 1 1 1 74
1 1 1 1 1 85
1 1 2 1 1 71
3 1 1 1 2 38
2 1 2 1 1 66
3 2 1 2 1 49
2 1 1 1 1 85
2 1 2 2 1 40
1 2 2 2 1 43
1 1 1 1 1 73
1 1 2 1 1 65
1 1 2 1 1 60
1 1 2 2 1 55
3 2 2 1 1 47
3 1 1 1 1 45
1 1 1 1 1 54
1 1 2 1 1 59
1 1 2 1 1 70
2 1 2 1 1 58
1 2 2 1 1 51
1 1 1 1 1 59
1 2 2 1 1 31
2 1 2 8 2 49
1 1 2 1 1 73
3 1 1 1 1 35
3 1 1 1 1 75
3 1 1 1 1 47
3 1 1 1 1 31
1 1 2 2 1 75
1 1 1 1 1 66
3 1 1 1 1 44
1 2 2 1 1 39
1 1 2 2 1 68
1 2 2 1 2 53
3 1 2 2 1 46
1 1 1 1 1 28
3 1 1 1 1 49
1 1 1 1 1 52
3 1 1 1 1 50
2 1 1 1 1 94
2 2 2 1 1 25
3 1 1 1 1 40
1 1 1 1 1 55
2 1 2 6 1 74
1 1 1 1 1 56
1 1 1 5 1 28
2 1 1 1 1 48
2 1 1 7 5 73
1 1 2 1 1 71
1 1 2 1 1 57
3 2 1 1 1 38
1 1 1 1 1 83
1 1 1 1 1 59
1 1 1 1 1 56
1 2 2 1 1 68
1 1 2 1 1 63
3 1 2 1 1 47
1 1 2 1 1 36
1 1 1 1 1 78
2 1 1 1 1 87
1 1 2 6 1 72
1 2 1 6 1 23
1 1 2 1 1 71
1 1 2 1 1 32
1 1 2 1 1 41
3 2 1 1 2 21
1 1 1 1 1 64
1 2 1 1 1 21
2 2 1 1 2 36
2 1 2 1 5 50
1 2 1 1 1 38
3 2 1 1 1 29
1 1 1 1 1 45
1 1 1 1 1 71
2 1 2 2 1 56
3 1 1 1 1 54
1 1 1 1 1 65
2 2 1 1 2 28
2 1 1 1 1 54
1 2 2 2 1 66
1 1 1 1 1 58
1 1 1 1 1 61
1 1 1 1 1 55
1 1 2 1 1 55
1 1 2 1 1 58
3 1 2 1 1 43
2 1 1 1 2 53
3 1 1 1 1 43
2 1 2 1 1 48
2 1 1 1 1 43
1 1 1 1 1 70
2 1 2 1 1 54
1 1 1 1 1 82
3 1 2 8 1 67
2 2 2 1 1 30
1 1 2 1 1 43
1 2 1 1 1 21
3 1 1 1 1 57
2 1 2 1 1 44
2 1 1 2 1 73
1 1 1 1 1 66
2 1 1 1 1 56
3 1 2 1 1 36
1 1 1 1 1 73
1 1 2 1 1 58
3 1 1 1 5 42
1 1 1 1 1 53
1 1 2 2 1 33
1 1 1 1 1 81
1 1 2 1 1 54
2 1 2 1 1 81
3 1 2 1 1 37
1 2 1 1 1 32
1 1 2 2 1 79
1 1 1 1 1 65
1 1 2 1 1 36
1 1 1 1 1 91
3 1 1 1 1 58
2 1 2 6 1 34
1 1 1 1 1 34
1 1 1 1 1 76
2 1 2 1 1 35
1 2 1 1 1 27
3 1 2 1 1 41
1 1 1 1 1 56
2 1 1 4 1 39
3 1 1 1 1 37
1 1 1 1 1 62
1 1 1 1 1 54
1 2 1 1 1 38
1 2 2 2 1 30
3 1 1 4 1 37
1 2 1 2 1 51
1 2 2 1 1 62
2 1 2 1 1 34
2 2 2 1 5 44
1 1 2 1 1 86
1 1 1 1 1 86
3 1 2 1 1 39
1 2 1 1 4 63
3 1 1 8 1 62
3 1 1 1 1 36
1 1 1 1 1 77
1 1 1 1 1 72
1 1 1 1 1 28
2 1 1 1 1 33
2 2 2 1 2 43
1 1 2 1 1 60
1 1 1 1 1 64
1 1 2 1 1 74
1 1 2 1 1 81
2 1 1 1 1 72
2 1 1 2 1 60
2 2 2 1 1 54
1 1 1 1 1 64
1 1 1 1 1 46
1 1 1 1 1 62
1 1 2 1 1 70
2 1 1 1 1 56
2 1 1 1 3 32
2 2 1 1 1 64
1 1 2 1 1 55
2 2 2 2 1 37
1 1 1 1 1 81
3 1 2 1 1 35
1 2 1 1 1 55
1 1 1 1 1 66
2 1 2 1 1 42
1 2 2 2 1 32
2 2 1 7 2 25
2 1 2 1 1 42
2 2 2 1 1 61
2 2 2 2 1 25
1 1 2 1 1 95
1 1 1 1 1 80
1 1 2 1 1 52
1 2 2 1 1 48
3 1 1 1 1 39
1 1 2 1 1 71
3 1 1 1 1 40
1 1 2 1 1 69
2 1 1 1 1 47
1 1 2 1 1 75
3 1 1 2 1 39
1 1 1 2 1 79
1 1 2 1 1 80
3 1 1 7 2 36
1 1 1 1 1 47
1 2 2 1 1 44
1 1 1 1 1 94
2 2 2 1 1 44
2 2 1 6 1 36
2 1 1 1 1 52
1 1 1 1 1 27
1 1 1 1 1 82
3 1 1 1 1 55
3 2 1 1 1 38
2 1 1 1 1 63
1 1 1 1 1 47
1 1 1 1 1 84
1 2 2 1 1 68
3 1 1 1 1 41
2 1 2 1 1 56
1 2 1 1 1 70
1 1 2 1 1 65
1 1 2 1 1 57
3 1 1 1 1 46
3 2 2 1 1 41
1 1 1 1 1 63
1 1 2 1 1 61
3 2 1 7 1 56
2 1 2 1 1 61
1 1 1 1 1 80
1 1 2 1 1 34
3 2 1 1 5 50
1 1 2 1 1 58
1 2 2 1 1 24
1 2 2 1 3 44
1 1 2 1 1 66
1 1 2 7 5 64
1 1 2 1 1 56
2 2 2 1 1 30
1 1 2 3 1 66
3 1 1 1 1 56
3 1 2 1 1 54
3 1 2 2 1 52
1 1 1 1 1 74
1 1 1 1 1 43
1 1 1 1 1 74
1 1 1 1 1 28
3 2 2 1 1 34
3 1 1 1 2 56
1 1 1 1 1 79
1 2 1 2 1 56
1 1 1 1 1 59
2 1 2 1 1 50
1 2 2 8 1 20
3 1 1 1 2 61
3 2 2 7 1 33
2 2 2 6 1 81
2 2 1 1 1 50
1 2 1 1 1 68
3 1 1 1 1 50
1 1 2 1 1 70
3 1 1 1 1 57
2 1 1 8 1 62
1 2 1 8 5 78
3 2 1 1 1 57
1 1 2 2 1 84
1 1 1 1 1 48
1 1 1 2 1 50
1 1 1 1 1 70
2 1 2 1 1 43
2 1 2 1 1 49
1 1 2 1 1 62
1 1 1 1 1 56
1 1 2 1 1 51
2 1 2 1 1 41
2 1 1 1 1 61
3 1 1 1 1 52
3 1 1 1 1 45
2 1 2 2 1 38
2 2 1 1 1 59
1 2 1 3 1 64
3 1 1 4 1 50
1 1 2 3 1 24
3 1 2 1 1 41
2 2 1 1 1 29
2 1 2 1 1 39
1 1 2 1 1 52
1 1 1 1 1 62
3 2 1 1 2 40
1 1 1 1 1 57
3 1 1 7 2 36
1 1 2 1 1 75
3 2 2 2 1 33
2 1 1 1 1 37
1 1 2 1 1 65
1 2 2 2 5 45
3 1 1 1 1 39
1 1 2 1 1 65
1 1 2 1 1 53
2 1 2 1 1 44
1 2 2 1 2 26
1 1 2 1 1 69
2 1 2 1 5 63
1 1 1 2 1 57
1 1 1 1 1 69
2 1 2 1 1 44
1 1 1 1 1 57
1 1 2 1 1 78
1 1 2 1 1 45
1 1 2 6 1 58
2 1 1 1 1 49
1 1 2 2 1 70
1 1 1 1 1 90
3 1 2 1 1 44
3 1 2 2 1 29
2 1 1 1 1 70
1 1 1 1 1 61
1 1 1 1 1 94
3 1 1 2 1 51
1 1 1 1 1 55
3 2 2 1 1 34
3 2 2 1 1 53
2 1 2 2 1 54
1 1 1 1 1 33
1 1 2 2 1 58
1 1 1 1 1 68
1 2 1 1 1 41
2 1 1 1 2 58
1 1 1 3 1 48
1 1 1 1 1 63
3 2 2 1 1 39
1 1 2 2 1 71
3 1 1 1 1 47
1 2 1 1 1 59
1 2 1 1 1 44
2 1 2 1 1 35
1 1 1 1 1 64
2 1 1 1 1 53
1 1 1 1 1 57
2 1 1 1 1 54
1 1 1 1 1 72
2 1 1 1 1 48
1 1 1 3 1 56
1 1 1 1 1 71
1 1 1 1 1 51
2 1 1 1 1 52
1 2 1 1 1 37
1 1 2 1 1 51
1 1 1 1 1 79
3 2 1 1 1 51
1 1 2 1 1 28
1 1 1 1 1 88
1 1 1 1 1 42
1 1 2 1 1 59
1 1 2 2 1 46
1 1 2 1 2 84
1 1 2 1 1 56
1 1 1 1 2 86
1 1 2 8 2 64
1 1 1 1 1 85
2 1 1 2 1 60
1 1 1 1 1 88
1 1 2 2 1 64
1 2 1 6 1 24
3 1 1 1 1 57
1 1 2 1 1 65
3 1 1 1 1 54
1 1 2 1 1 54
1 1 1 1 1 34
1 1 1 1 1 38
2 1 2 1 1 32
2 1 1 1 1 64
2 1 1 2 1 53
1 1 2 1 1 40
2 2 2 1 1 35
2 1 1 4 1 94
2 2 1 2 1 46
1 2 1 1 1 61
1 1 2 1 1 90
1 1 1 1 1 66
2 2 2 2 1 40
3 1 1 1 1 33
1 1 1 1 1 34
3 2 2 1 1 32
2 1 2 1 1 49
3 2 2 6 1 42
1 1 1 1 1 75
1 1 1 1 1 70
1 1 1 1 1 31
3 1 1 2 1 31
2 2 1 1 1 55
2 2 1 6 1 50
1 1 1 1 1 83
1 2 2 1 3 33
3 1 1 1 1 47
3 2 2 1 1 37
1 2 2 2 1 72
1 1 1 1 1 51
1 1 1 1 1 68
2 1 1 1 1 53
1 1 2 1 1 69
1 1 1 1 1 49
1 1 1 1 1 52
1 1 1 1 1 64
1 2 1 2 1 25
3 1 2 2 1 31
2 2 2 1 1 40
1 1 2 1 1 48
1 1 1 1 2 71
1 1 1 1 1 67
3 2 2 1 1 33
1 1 1 1 1 58
3 1 1 1 1 61
1 2 2 8 1 30
1 1 1 1 1 65
2 1 1 2 1 41
1 1 1 1 1 74
3 1 2 1 1 87
3 1 1 1 1 47
1 1 1 1 1 71
1 1 1 1 1 79
1 1 1 1 1 61
2 1 1 1 2 65
3 1 2 2 1 40
2 2 1 1 1 57
1 1 2 1 1 58
1 1 2 1 1 81
1 1 1 1 1 75
2 2 2 2 1 26
1 1 1 1 1 67
1 1 1 1 1 60
1 1 1 1 1 56
1 2 2 1 1 49
1 1 1 1 1 73
1 1 2 1 1 43
1 2 1 1 1 28
1 1 1 1 1 49
1 1 1 1 1 62
2 1 1 1 1 52
3 1 1 1 1 54
1 2 2 1 1 65
1 1 1 1 2 31
1 1 1 1 1 67
1 2 2 1 1 29
1 1 2 1 1 37
1 2 1 1 1 78
1 1 1 1 5 69
3 1 1 1 1 50
1 1 2 1 1 64
2 2 1 6 1 40
3 2 2 1 1 57
1 1 1 1 4 82
2 1 2 1 1 54
1 1 1 1 1 60
1 1 2 1 1 71
1 1 2 1 5 44
2 1 1 1 1 55
2 1 1 1 1 34
1 1 1 1 1 80
1 1 2 1 1 74
3 2 2 2 1 26
1 1 1 1 1 57
2 1 1 1 1 58
1 1 1 1 1 53
2 1 1 1 1 55
2 1 1 1 1 45
3 2 2 6 1 73
1 1 1 8 1 32
3 1 1 1 1 32
1 2 2 1 3 49
3 1 1 1 1 51
1 1 1 1 3 80
1 1 2 1 1 50
3 2 2 1 1 34
1 1 2 1 1 73
1 1 2 1 5 78
1 2 2 1 1 29
2 1 2 1 2 37
1 1 1 1 1 67
3 1 1 1 1 47
1 1 1 1 1 66
3 1 1 6 1 39
1 1 2 1 1 59
3 1 1 1 1 51
2 1 1 1 1 54
1 1 1 7 2 38
1 2 1 1 1 29
1 2 1 1 1 42
3 1 1 2 1 50
1 1 2 1 2 47
1 1 2 1 1 47
1 1 1 1 1 66
2 1 2 1 1 32
2 1 1 2 1 67
2 1 2 1 1 53
1 1 1 1 1 68
1 1 2 1 2 57
3 1 1 1 1 41
1 1 1 1 1 77
2 1 2 1 1 42
1 1 1 1 1 59
2 2 1 4 1 55
3 1 1 6 1 59
2 1 1 1 1 51
2 2 1 2 1 47
3 1 2 7 2 34
1 2 2 1 1 21
3 2 2 1 1 39
3 1 2 1 1 46
1 1 2 1 1 29
1 1 1 1 1 65
3 2 1 6 1 43
1 1 2 1 1 60
3 1 1 1 2 37
1 2 2 1 1 56
1 1 1 1 1 55
1 1 1 1 1 78
2 2 2 2 1 24
1 1 2 1 1 32
1 1 1 2 1 53
3 2 2 2 1 51
3 1 2 2 1 57
2 1 2 2 1 55
1 1 2 1 1 45
1 1 1 1 1 45
1 2 2 2 1 66
1 1 2 1 1 47
2 1 2 1 1 39
1 2 2 1 1 61
2 1 2 1 1 41
3 1 2 1 1 66
1 2 2 1 5 57
2 2 2 2 1 52
1 2 1 1 1 29
1 1 1 5 1 64
1 2 2 2 1 54
3 2 1 1 1 34
2 2 1 1 1 38
3 2 2 1 2 50
3 1 1 1 4 69
1 1 2 1 1 56
1 1 2 1 1 54
1 1 1 1 1 77
1 2 1 1 1 30
2 1 2 1 1 59
1 1 2 1 1 66
1 1 2 1 1 60
3 1 2 1 1 58
1 1 1 1 1 54
1 1 2 1 1 52
1 1 1 1 1 60
3 1 2 2 1 47
1 2 1 1 1 66
2 2 1 4 1 26
3 1 2 1 1 40
1 1 1 1 1 75
1 1 1 1 1 71
3 1 1 1 1 40
3 1 2 1 1 73
1 1 1 1 1 83
1 1 1 2 1 63
1 1 1 1 1 65
2 1 2 1 1 21
1 1 1 1 1 83
2 1 2 1 1 64
3 1 2 1 1 45
1 2 2 1 1 39
2 2 2 1 1 30
3 1 1 1 1 47
1 1 1 1 1 59
2 1 1 1 1 34
1 1 2 1 1 58
2 1 1 1 1 47
1 1 1 1 5 69
3 1 1 6 1 49
2 1 1 1 1 57
1 1 2 1 1 58
2 1 1 1 1 41
2 1 1 1 1 32
2 1 1 1 1 67
2 1 2 1 1 50
1 1 1 1 1 72
1 1 2 1 1 52
2 1 2 2 1 59
1 2 1 1 1 74
1 1 1 1 1 72
2 1 2 1 2 44
3 1 1 1 1 37
3 1 1 1 1 50
3 1 2 2 1 66
1 1 2 1 1 67
1 1 1 1 1 67
1 1 1 1 1 39
2 2 2 6 1 37
1 1 2 1 1 46
1 1 2 1 1 74
1 1 1 1 1 83
1 1 2 2 1 59
2 1 2 1 1 50
1 1 2 1 1 60
2 1 1 1 1 62
2 1 1 1 2 47
3 1 1 1 1 43
2 1 1 2 1 58
1 1 1 1 1 59
3 1 2 1 1 43
3 1 2 1 4 35
1 2 1 2 1 25
3 1 1 1 2 49
1 1 1 4 1 67
3 1 2 1 1 39
3 1 1 2 1 65
2 1 2 2 1 60
3 2 1 1 1 35
3 1 1 1 1 37
1 1 1 1 1 94
3 1 2 1 1 32
2 1 2 2 1 38
1 2 1 1 1 25
2 1 1 1 1 67
2 1 1 1 1 56
1 1 1 1 1 70
1 2 2 1 1 58
3 1 1 2 1 42
2 1 1 1 1 36
2 1 2 2 1 73
3 2 1 1 2 41
1 2 2 1 1 57
1 2 1 2 1 32
3 1 2 2 1 66
1 1 1 1 1 58
1 1 1 1 1 50
1 1 1 1 1 45
2 1 1 1 1 48
1 1 1 1 1 62
2 1 1 1 2 43
2 1 1 1 1 57
1 1 1 1 1 83
2 1 2 1 1 53
3 1 1 1 1 52
2 1 1 1 1 42
1 1 2 1 1 73
2 1 2 2 1 32
2 1 1 1 1 47
1 1 2 3 1 63
1 1 2 1 1 59
1 1 1 8 1 65
2 1 1 1 1 24
1 1 1 1 1 77
1 1 2 1 1 63
1 2 1 1 1 24
3 2 1 3 1 49
1 1 1 1 1 60
2 1 2 2 1 55
2 1 1 1 2 59
2 1 1 1 1 55
1 1 1 6 1 70
1 2 1 1 2 41
1 1 1 1 2 34
1 2 1 2 1 81
2 1 1 2 1 51
1 1 2 1 1 53
1 1 1 6 1 28
1 1 1 1 1 54
1 1 2 2 1 56
1 1 1 2 1 59
1 1 2 1 1 59
1 1 2 1 1 54
1 1 2 1 1 59
3 1 2 1 1 43
1 1 1 1 1 51
2 1 1 2 1 69
1 1 1 1 1 62
3 1 2 1 1 70
1 1 2 1 1 89
1 1 2 1 1 26
1 1 1 1 1 59
1 2 1 2 1 64
1 1 1 1 1 77
2 1 2 1 1 27
1 1 1 1 1 62
2 2 1 1 2 45
2 1 2 1 1 37
2 1 2 1 1 43
1 2 2 1 1 26
1 1 1 1 1 63
1 1 2 3 1 73
1 2 2 1 1 61
3 2 1 1 1 38
2 2 1 2 1 45
2 1 2 2 1 77
1 2 1 6 1 30
2 1 1 1 1 53
2 1 1 1 1 65
3 1 1 6 1 49
3 2 2 1 2 43
1 1 1 1 1 63
2 1 2 1 1 52
3 1 1 1 1 51
2 1 1 1 1 58
1 2 2 1 1 63
3 1 1 1 1 63
1 1 1 1 1 57
1 1 1 1 1 56
2 1 1 4 1 64
2 2 1 1 2 49
2 1 1 1 1 64
2 1 2 4 1 40
1 1 2 7 2 48
1 1 1 1 1 58
1 1 2 2 1 22
1 2 2 4 1 32
1 1 2 1 1 48
3 1 2 1 2 34
2 2 1 7 2 42
3 1 2 1 1 49
1 1 1 1 1 83
1 1 2 1 1 77
3 1 1 1 1 77
3 1 1 1 1 63
1 2 1 2 1 54
1 2 2 7 5 53
1 1 1 1 1 66
2 1 1 1 1 58
2 1 1 1 1 54
1 1 1 1 1 59
1 1 2 1 1 59
1 1 1 1 1 65
2 1 2 1 1 81
2 2 2 2 1 42
1 2 1 1 1 71
2 1 2 1 1 40
1 1 1 1 1 64
1 1 1 6 1 61
3 1 2 1 1 52
2 1 1 1 1 34
1 1 1 1 1 68
2 1 1 1 1 47
3 1 2 1 1 49
1 1 1 1 1 61
3 1 1 1 1 32
1 1 1 1 1 82
3 1 1 1 1 47
1 2 2 7 3 63
3 1 2 1 1 39
1 1 1 1 1 71
3 1 1 2 1 61
3 1 1 2 1 46
1 2 2 1 5 31
1 1 1 1 1 79
1 2 1 9 3 43
3 2 2 1 1 41
3 1 1 6 1 83
3 2 1 7 2 38
1 1 2 1 1 72
1 2 2 2 1 25
1 1 1 1 2 78
1 1 2 2 1 54
1 1 1 1 1 59
2 2 2 1 1 45
1 2 2 1 1 71
1 2 1 1 1 24
1 1 2 1 1 86
1 1 1 1 1 87
1 1 2 1 1 78
3 1 1 1 1 53
1 1 1 1 1 49
3 1 2 1 1 73
1 1 1 1 1 58
1 2 1 1 3 35
1 1 1 1 4 60
3 1 1 1 1 43
1 2 1 1 5 51
1 1 1 1 1 59
1 1 1 1 1 62
1 2 1 1 2 54
2 2 1 6 1 53
1 2 2 1 1 46
2 1 1 6 1 61
1 2 1 2 1 59
2 1 1 1 1 70
2 1 1 1 1 57
1 1 1 1 1 27
1 2 1 2 3 27
1 1 1 1 1 63
3 1 1 8 5 40
1 1 1 1 1 64
3 1 1 6 1 67
2 1 1 7 2 53
3 2 2 1 1 42
1 1 2 1 1 55
2 2 1 1 1 45
1 1 1 1 1 67
1 1 1 2 1 75
2 1 1 1 1 79
2 2 2 7 3 30
1 2 1 1 1 55
1 1 1 1 4 71
1 1 2 1 1 54
3 1 2 1 1 41
1 1 1 1 1 33
3 1 2 1 1 72
1 1 2 1 1 46
1 1 1 1 1 22
1 1 1 1 1 77
2 1 1 1 1 56
1 1 1 5 1 70
2 1 2 1 1 83
1 2 2 7 5 42
1 1 1 6 1 69
1 2 2 1 1 33
1 2 2 1 1 57
2 1 1 3 1 65
1 1 1 1 1 86
1 1 2 7 2 82
3 2 1 1 1 51
2 2 1 1 2 37
2 1 1 1 1 47
3 1 1 1 1 63
1 1 2 1 1 52
1 1 1 1 1 62
2 2 1 1 2 39
2 1 1 1 1 59
1 1 1 1 1 69
1 2 1 1 1 24
1 1 1 1 1 70
3 1 1 1 1 42
2 2 1 1 1 44
3 1 1 1 1 56
1 2 2 1 1 47
1 1 1 1 1 33
1 1 1 1 1 59
2 1 2 2 1 80
1 2 2 2 1 37
1 1 2 1 1 55
1 1 1 1 1 67
2 1 2 1 5 41
1 2 2 7 5 31
2 1 1 1 1 65
3 1 2 1 1 36
3 1 1 1 1 57
1 1 1 1 1 67
1 1 2 2 1 64
1 1 1 1 1 56
1 1 1 1 1 51
1 1 1 1 1 71
2 1 2 1 2 60
1 1 1 1 1 57
2 1 2 1 1 45
1 1 1 1 1 78
2 1 1 1 1 65
1 1 1 1 1 60
1 1 2 1 1 50
1 1 2 1 1 26
1 1 1 6 1 45
2 2 2 1 5 36
1 1 1 1 1 62
1 1 1 1 1 67
2 2 2 2 1 27
2 1 2 6 1 46
1 1 2 3 1 58
3 1 1 4 1 50
1 2 1 2 1 61
2 1 1 1 1 54
1 2 1 1 1 23
1 1 2 1 1 62
1 2 2 1 1 30
1 1 2 1 1 53
2 1 2 1 1 64
2 1 2 1 1 42
1 1 1 9 4 59
1 1 1 1 1 72
2 1 2 1 1 32
3 1 1 1 2 46
3 1 2 1 1 53
2 1 2 2 1 34
2 1 2 1 1 76
1 2 2 1 1 25
3 1 1 1 2 71
2 1 2 1 1 61
1 1 1 1 1 51
1 1 1 1 1 73
2 1 2 1 1 52
1 1 2 1 1 73
2 1 1 1 1 43
2 2 2 1 1 28
1 1 2 1 1 65
2 1 1 2 1 47
2 1 1 1 1 43
2 2 2 1 5 34
1 1 1 1 1 63
3 1 1 1 1 81
1 1 1 8 1 42
1 1 1 1 1 88
2 1 2 1 2 58
2 1 1 1 1 67
1 1 1 1 1 70
2 2 1 1 1 40
1 1 2 1 1 64
3 1 2 1 1 39
3 1 1 1 1 45
1 2 2 7 5 53
3 1 2 1 1 61
1 1 2 1 1 81
2 1 1 1 1 53
1 1 1 1 1 68
3 1 2 1 1 34
2 2 2 1 5 27
3 1 1 1 1 40
2 2 1 1 1 61
1 1 2 1 1 57
2 1 2 1 1 62
2 1 1 1 1 54
2 1 1 1 1 52
1 1 1 1 1 66
1 1 1 1 1 56
1 1 1 3 1 78
1 1 1 1 1 35
3 2 1 1 1 34
3 2 1 1 1 42
1 1 1 2 1 79
1 1 2 1 1 76
3 1 2 1 1 44
2 1 1 1 1 45
1 1 2 1 1 68
3 1 1 2 1 44
3 1 1 6 1 46
2 1 2 1 1 59
3 2 1 1 1 39
2 1 1 2 1 55
1 1 1 1 2 63
1 1 2 1 1 71
1 1 2 1 1 65
2 1 1 1 2 47
2 1 1 1 1 55
2 1 2 1 1 63
2 1 2 2 1 61
2 1 2 7 2 47
3 1 1 7 1 41
1 1 1 1 1 72
1 1 1 1 1 58
3 1 2 1 2 49
3 1 1 1 2 23
3 1 2 2 1 71
1 1 2 1 1 59
1 1 1 1 1 65
3 1 2 1 1 44
1 1 2 1 1 62
1 1 1 1 1 66
3 1 2 2 1 32
1 1 2 2 1 88
1 1 2 1 1 34
1 2 2 1 1 24
1 1 1 1 1 82
2 1 2 1 1 49
1 1 1 1 1 77
1 1 2 2 1 37
2 1 1 1 1 82
3 1 2 1 1 48
1 1 1 1 1 57
1 1 1 1 1 55
1 1 1 1 1 57
2 1 2 1 2 35
3 1 1 1 3 45
1 1 1 1 1 78
1 1 2 1 1 61
1 2 2 2 1 59
3 1 1 1 1 50
1 1 1 1 1 65
1 2 1 2 1 59
1 1 2 1 1 48
1 2 1 1 1 76
3 1 2 1 1 46
3 1 1 6 1 38
2 2 2 1 1 51
1 1 2 1 1 62
2 2 1 7 2 24
2 2 2 2 1 33
3 2 2 1 1 32
1 1 1 1 1 35
2 2 2 7 3 41
1 1 1 1 1 69
1 1 1 1 1 77
2 1 2 1 1 52
2 2 1 8 1 37
1 2 2 1 3 51
3 1 2 1 1 39
2 1 1 1 1 79
1 1 2 1 1 50
1 1 2 2 1 49
1 1 1 1 1 60
1 2 1 1 1 42
3 1 1 1 1 49
1 1 1 1 1 52
1 1 2 1 1 53
3 1 1 1 1 40
1 2 1 1 1 33
1 2 1 2 1 57
3 1 1 1 2 40
3 1 1 8 1 52
1 2 2 1 1 28
3 1 1 1 1 31
1 1 1 1 1 76
1 1 2 2 1 41
1 1 2 1 1 60
2 2 1 8 1 55
2 1 1 1 1 61
3 2 1 1 1 42
1 2 2 1 1 68
2 1 1 2 1 66
3 1 2 1 1 42
1 2 2 1 5 60
3 1 1 1 1 45
1 1 1 1 1 61
2 1 1 1 1 57
3 2 2 7 3 59
1 1 1 1 1 66
1 2 1 1 1 26
2 2 1 1 1 23
3 1 1 1 1 50
1 1 1 1 1 71
1 1 2 1 1 38
1 2 1 4 1 73
1 1 1 1 1 80
2 1 1 1 1 53
2 1 1 2 1 56
2 2 2 1 1 31
1 1 1 1 1 78
1 1 1 1 1 69
2 1 2 2 1 45
1 1 1 1 1 76
1 1 1 1 1 57
2 1 1 1 1 51
1 1 1 1 1 59
2 1 2 1 1 47
1 1 1 1 1 77
3 2 1 1 1 22
1 1 1 2 1 84
1 1 1 1 1 79
3 1 1 1 1 46
1 1 1 1 1 61
2 1 2 1 1 40
1 1 1 2 1 43
1 1 1 1 1 68
1 1 1 1 1 77
3 1 2 1 1 39
1 1 2 1 1 76
2 1 1 1 1 53
1 1 1 1 1 69
1 1 2 1 1 60
3 2 1 1 1 52
1 1 2 2 1 33
1 1 1 1 1 77
2 1 1 1 1 64
3 2 2 1 1 26
1 1 2 1 1 64
1 2 2 1 1 55
1 1 1 1 1 72
2 2 2 1 1 51
1 1 1 1 1 50
2 2 1 1 2 64
1 1 1 1 1 70
1 1 1 1 1 77
1 1 1 1 1 72
3 1 2 1 1 45
1 1 1 1 1 74
1 2 2 1 1 54
3 2 1 2 1 39
1 1 1 1 1 77
3 2 1 1 1 75
3 1 1 1 1 60
2 2 2 1 1 24
1 1 1 3 1 67
1 1 1 1 1 59
1 1 2 1 1 51
3 1 1 1 2 39
1 1 2 1 1 82
2 2 1 6 2 34
1 1 1 6 1 58
1 1 1 1 1 55
2 2 2 7 2 44
1 1 1 1 1 95
1 2 2 1 1 26
1 2 1 7 2 42
2 1 1 1 1 61
3 1 1 1 1 43
3 1 1 1 5 54
1 1 2 6 1 55
2 2 2 4 1 23
1 1 1 1 1 59
1 1 2 1 1 39
1 1 2 1 1 67
3 2 1 2 1 24
1 1 1 1 1 71
2 1 2 1 1 54
1 2 1 1 1 45
2 1 2 1 1 42
1 2 1 1 1 63
1 1 2 3 1 62
3 1 2 1 1 77
1 1 1 1 1 82
1 1 2 2 1 46
2 2 1 1 1 25
1 2 1 1 5 27
2 1 1 1 1 50
2 2 1 2 1 46
1 2 2 1 1 57
1 1 1 1 1 87
3 1 2 1 1 45
1 1 1 1 1 68
1 2 1 1 1 36
1 1 1 1 1 72
2 1 2 1 1 33
2 2 2 1 1 34
1 1 1 1 1 63
3 1 1 1 1 42
2 1 1 2 1 62
2 1 2 1 1 64
3 1 2 1 1 36
1 2 2 1 1 28
2 1 2 1 1 54
1 1 1 1 1 66
1 1 1 9 1 50
2 1 2 1 1 66
1 2 2 1 1 20
2 2 2 1 1 27
1 1 2 1 1 64
3 1 1 7 2 59
2 1 1 1 2 32
3 1 1 1 1 44
3 1 1 1 1 62
1 2 1 1 1 55
1 2 2 1 2 38
2 2 2 1 1 21
1 1 1 1 1 27
1 1 2 8 1 46
2 2 2 7 2 31
1 1 1 1 1 65
2 2 2 2 1 55
3 1 2 7 2 55
2 2 1 2 1 41
2 1 1 1 1 52
1 1 1 1 1 44
1 1 1 7 2 76
1 1 2 1 1 49
1 1 1 1 1 61
1 1 1 1 1 57
1 1 1 1 1 72
2 1 1 1 1 71
1 2 1 1 1 60
1 2 1 1 1 71
2 2 1 1 1 34
1 1 1 1 1 57
1 2 2 6 1 82
2 1 1 2 1 61
2 2 2 1 1 25
1 2 1 2 1 33
3 2 1 4 1 35
1 1 2 1 1 58
2 2 2 1 1 44
1 1 2 1 1 53
1 1 1 1 1 40
1 1 1 1 1 43
1 1 1 1 1 60
1 1 1 1 1 82
1 1 1 1 1 60
1 2 2 2 1 46
1 2 2 1 2 22
1 1 1 1 1 73
1 1 1 1 1 88
3 1 2 1 1 56
1 1 1 1 1 54
3 2 2 1 3 30
1 1 1 1 1 66
2 1 1 1 1 47
2 1 1 1 1 78
2 1 1 2 1 74
1 1 2 1 2 46
3 2 2 2 1 39
1 1 2 1 1 56
3 1 2 6 1 46
1 2 2 1 1 40
1 1 1 1 1 68
2 1 2 1 1 49
1 1 2 1 1 82
3 1 1 1 1 41
1 1 1 1 1 57
2 1 2 1 1 74
2 1 1 1 1 47
2 1 1 1 1 59
1 1 2 1 1 66
2 1 1 1 1 86
3 1 2 1 1 44
1 1 1 1 1 59
1 2 2 1 1 39
1 1 1 1 1 80
2 1 2 1 1 27
3 1 1 1 1 54
3 2 2 1 2 37
3 1 2 1 1 53
2 2 2 7 2 25
1 2 2 2 1 61
1 1 1 1 1 79
1 1 2 1 1 62
1 1 2 1 1 70
2 1 1 1 1 56
3 1 2 1 1 36
3 1 1 1 1 53
3 1 2 1 1 39
1 1 2 1 1 55
1 1 2 1 1 54
1 1 1 1 1 52
1 1 1 1 1 55
3 1 2 8 1 48
2 1 1 1 3 33
1 2 2 1 1 26
3 1 1 1 1 55
3 2 2 1 2 49
1 1 2 1 1 55
1 1 1 1 1 54
1 1 1 1 1 78
3 1 1 2 1 61
3 2 2 1 1 55
1 2 2 1 1 70
1 1 2 1 1 68
1 1 2 1 1 57
1 1 1 1 1 61
1 1 1 6 1 37
3 2 2 1 1 40
1 2 1 6 1 31
1 1 2 1 1 60
2 1 1 1 1 55
1 1 2 1 1 68
1 1 1 1 1 75
3 1 2 1 2 38
1 1 2 1 1 54
1 1 1 1 1 66
2 2 2 1 1 28
3 1 2 1 1 39
1 2 2 7 5 56
1 2 1 2 1 24
2 1 1 1 1 55
1 2 2 1 1 25
2 1 1 1 1 65
3 1 2 1 1 45
2 1 2 1 1 43
1 1 2 1 1 62
2 1 1 1 1 67
3 1 1 1 1 40
2 1 1 1 1 62
1 2 1 1 1 59
2 1 1 1 1 60
1 1 1 1 1 35
1 1 2 1 1 56
3 1 1 7 5 57
3 2 1 2 1 46
1 1 2 1 1 72
1 1 1 4 1 90
2 1 2 1 1 41
1 1 2 1 1 50
1 1 1 1 1 57
1 1 1 1 1 73
1 1 2 2 1 50
2 1 1 2 1 62
2 1 2 1 1 48
1 1 1 1 1 56
1 2 1 2 1 78
2 2 1 1 1 33
2 2 2 1 1 30
1 1 1 6 1 48
1 1 2 1 1 51
3 2 1 1 1 31
2 1 2 1 1 39
2 2 2 1 1 33
1 1 1 1 1 66
1 1 1 1 1 80
1 1 1 1 1 67
2 2 2 1 1 33
1 2 1 1 1 87
1 1 1 1 1 62
1 1 1 8 1 73
3 2 2 1 5 38
1 1 1 1 1 82
2 1 1 1 1 86
1 2 2 1 1 84
1 1 2 1 2 67
2 1 1 1 1 60
3 1 1 1 1 49
3 1 1 1 1 35
1 1 2 1 1 59
1 1 1 3 1 60
3 1 2 1 1 48
1 1 2 1 1 82
2 2 2 1 3 82
1 1 1 1 1 67
1 2 2 1 1 67
1 1 1 1 2 73
1 1 1 7 2 62
1 2 2 1 5 27
1 1 2 1 1 49
1 2 2 2 1 64
2 2 1 1 1 40
1 1 1 1 1 34
1 1 1 1 1 50
1 1 2 1 1 42
1 1 1 1 1 28
2 1 1 1 1 49
3 1 2 1 1 47
1 2 2 1 1 64
3 1 1 1 1 39
2 2 2 9 1 33
2 1 1 6 1 47
1 1 1 1 1 78
2 1 2 1 1 29
2 1 2 6 1 39
3 1 1 2 1 43
2 1 1 1 1 81
3 2 2 1 1 62
1 1 2 1 1 66
3 1 1 1 1 43
3 2 2 7 2 26
2 2 1 1 1 35
1 1 1 1 1 66
3 1 2 1 1 32
2 2 2 2 1 38
1 2 1 1 1 65
1 1 1 1 1 57
3 1 1 1 1 35
1 1 1 1 1 55
2 2 2 6 1 52
1 1 1 1 1 69
2 1 1 1 1 33
2 1 1 1 1 58
3 1 1 8 1 52
2 1 1 1 1 39
1 1 2 1 1 47
3 2 2 1 1 55
3 2 2 1 2 33
1 2 2 1 1 27
2 1 2 1 1 39
1 1 2 1 1 54
1 1 2 1 1 73
1 1 1 1 1 59
1 1 2 1 1 59
3 2 1 2 4 47
1 1 1 1 1 57
1 2 2 6 1 28
2 1 2 1 1 41
2 2 2 1 1 37
1 1 2 2 1 35
1 1 2 1 1 72
1 2 2 7 3 48
1 1 1 1 1 67
3 1 1 1 1 76
2 1 1 1 1 36
1 1 1 1 1 73
1 1 1 1 1 51
1 1 2 1 1 61
2 2 1 1 1 56
2 1 1 1 1 51
1 1 1 1 1 69
1 1 1 1 1 68
2 1 1 1 1 50
1 2 1 8 5 42
1 2 1 1 1 28
2 2 1 1 1 25
2 2 2 7 5 33
2 1 1 1 1 67
2 2 2 1 1 37
1 1 1 1 1 62
1 1 2 4 1 69
1 2 2 2 1 47
3 1 1 1 1 50
1 2 2 1 1 28
3 1 2 2 1 49
1 1 1 4 1 64
1 1 1 1 1 65
1 1 2 2 1 74
1 1 2 1 1 62
1 1 1 1 1 63
2 1 1 7 2 28
1 2 2 2 1 43
3 1 2 1 1 45
1 1 1 1 1 39
1 1 1 1 1 73
3 1 2 1 1 54
2 1 2 2 1 57
1 1 1 1 1 76
1 2 2 1 1 26
1 1 2 1 5 74
3 1 1 1 2 37
1 2 2 1 1 22
3 1 2 1 1 42
2 2 1 7 2 32
1 1 1 1 1 78
1 2 1 1 1 59
2 1 2 8 1 25
1 2 1 1 1 27
1 1 2 2 1 51
1 1 1 1 1 70
3 1 2 1 1 24
3 1 1 1 1 45
2 1 2 1 1 43
1 1 1 1 1 57
1 1 2 1 1 58
1 2 2 2 1 39
1 2 1 1 1 28
1 1 1 1 1 62
1 1 1 1 1 62
1 1 1 1 1 70
2 1 1 1 1 68
3 1 1 1 1 65
2 2 1 1 1 47
2 1 2 1 1 51
1 1 1 1 1 48
1 1 2 1 1 69
1 1 1 1 1 73
3 1 1 1 1 51
1 1 1 1 1 60
1 1 1 1 1 52
2 2 1 2 1 35
1 1 2 2 2 53
2 2 1 1 1 53
1 1 1 1 1 85
3 1 1 1 2 52
2 2 1 2 1 32
1 1 1 1 1 76
1 1 2 1 1 25
3 1 1 1 1 47
1 1 1 1 1 78
2 1 2 1 1 77
3 2 1 1 1 24
1 2 1 1 1 28
1 1 2 1 1 81
3 1 1 6 1 36
3 1 1 1 1 54
1 2 1 1 1 78
1 1 1 1 2 53
1 2 1 1 1 76
3 1 1 1 1 48
3 1 2 1 1 38
1 1 1 1 1 59
1 1 1 7 2 46
2 1 2 1 1 32
1 1 2 1 1 54
1 1 1 1 1 78
3 1 1 1 4 62
1 1 1 1 2 23
2 1 1 6 1 48
1 1 1 8 1 72
1 1 1 1 1 48
2 1 1 1 1 30
1 1 2 1 1 56
3 2 2 1 1 38
1 1 1 1 2 47
3 1 1 1 1 42
1 2 2 2 1 35
1 1 1 1 1 83
3 1 1 1 1 50
2 1 2 1 1 37
1 1 1 1 1 64
2 1 1 1 1 32
2 1 2 1 1 56
1 1 2 1 1 72
1 2 2 1 1 39
1 1 2 2 1 77
1 2 2 1 1 21
1 1 1 1 1 56
3 1 2 1 1 62
1 1 2 1 1 71
2 1 1 1 1 54
3 1 2 1 2 41
1 1 1 1 1 32
1 1 1 1 1 95
1 1 1 1 1 57
2 2 1 6 1 32
1 1 1 1 1 60
1 2 2 1 1 53
1 1 2 1 1 42
1 1 2 1 1 80
3 1 2 1 1 62
1 1 1 1 1 72
3 1 1 1 1 34
2 2 2 1 1 27
1 1 1 1 1 61
2 1 1 1 1 51
3 1 1 1 1 36
3 1 2 1 1 47
1 2 2 4 1 27
2 1 1 1 1 37
1 1 2 1 1 54
1 1 1 1 1 42
1 1 2 1 1 66
3 2 2 2 1 41
1 1 2 1 1 71
1 1 1 1 1 73
1 1 1 1 1 73
1 1 1 1 1 86
2 2 2 1 1 40
2 1 1 1 1 59
1 2 1 1 1 58
1 1 2 1 1 59
1 2 2 2 1 41
3 2 2 4 1 27
1 2 2 6 1 52
1 1 2 1 1 58
1 1 1 1 1 81
1 1 2 1 1 34
3 1 2 1 1 38
1 1 1 1 1 74
3 1 1 1 1 46
3 1 1 1 4 50
1 1 2 1 1 48
1 1 1 1 1 70
3 2 2 1 4 50
2 1 2 1 1 44
1 1 1 1 1 80
2 2 2 2 1 55
1 1 1 1 1 56
2 1 1 1 1 33
1 1 2 1 1 70
3 1 1 1 1 82
3 1 2 1 1 58
2 2 2 7 2 49
1 1 1 1 1 71
1 1 1 1 1 55
2 1 1 1 1 49
3 1 1 1 1 41
3 1 1 1 1 43
2 1 2 2 1 42
1 1 1 1 1 77
1 1 1 1 1 70
3 1 2 1 1 31
1 1 2 2 1 57
1 1 1 1 1 67
1 1 1 4 1 32
1 2 1 1 1 68
3 1 1 1 1 46
2 2 1 6 1 60
2 1 1 1 1 36
3 2 2 1 1 36
1 1 2 1 1 50
2 1 1 1 1 87
1 2 1 1 1 20
1 1 2 1 1 28
2 2 2 1 1 35
2 1 1 1 1 53
1 2 1 1 1 65
3 1 2 1 1 44
1 2 2 1 1 35
3 1 2 2 1 34
3 1 1 1 1 48
2 1 2 1 1 79
1 1 2 1 1 67
1 1 2 2 1 43
2 2 2 1 1 37
1 1 2 1 1 61
1 1 1 1 1 55
1 1 1 1 1 82
1 2 2 1 1 75
1 1 1 1 1 49
1 1 2 1 1 70
3 1 1 1 1 39
2 1 2 1 1 44
1 1 1 2 1 73
1 1 1 3 1 73
2 1 2 2 1 65
3 2 2 1 1 49
2 1 2 3 1 52
1 1 1 1 1 31
3 1 1 6 1 58
2 2 1 1 1 29
1 1 2 1 1 70
1 1 2 1 1 47
1 1 1 1 1 76
1 1 1 1 1 62
1 1 1 1 1 65
1 1 1 1 1 81
3 1 1 1 1 44
1 1 2 1 1 73
1 2 2 2 1 55
1 1 2 1 1 89
2 2 2 8 1 30
1 2 2 1 1 57
1 1 1 1 1 73
3 1 2 1 1 39
1 1 2 1 1 71
2 1 1 1 1 58
1 1 1 1 1 69
1 1 2 1 1 87
1 2 2 2 1 41
1 1 1 1 1 73
1 2 2 2 1 60
1 1 2 1 1 59
1 1 1 1 1 47
2 1 1 1 1 59
1 1 1 1 1 58
2 1 2 2 1 62
1 1 2 1 1 53
2 2 2 2 1 40
1 2 2 1 1 36
1 1 1 1 1 73
1 1 1 1 1 69
2 1 1 4 1 33
2 2 2 2 1 39
2 2 2 1 3 55
1 2 2 2 1 64
2 1 2 1 1 42
1 1 1 1 1 64
3 1 1 1 1 39
3 1 1 1 1 39
3 1 2 2 1 51
1 1 1 1 1 63
3 1 1 1 1 40
2 1 2 1 1 27
2 2 2 1 1 21
1 2 2 1 1 32
2 1 2 1 1 65
1 1 1 1 1 66
1 1 2 1 1 58
3 1 1 6 1 41
1 2 1 8 1 87
1 1 1 6 1 64
1 1 1 1 1 60
1 1 1 1 1 46
1 2 2 6 1 43
3 1 1 1 1 40
3 1 1 1 1 48
1 1 1 3 1 58
3 1 1 8 1 58
1 1 1 1 1 31
3 1 1 1 1 56
1 1 1 1 1 75
2 1 2 1 1 51
1 1 2 1 1 75
1 1 1 1 1 58
1 2 2 1 2 43
1 1 2 1 1 69
3 2 2 2 1 36
1 1 2 1 1 51
2 2 2 1 2 43
2 1 1 1 1 59
1 1 1 1 1 56
1 1 1 1 1 70
2 2 1 2 1 39
2 1 2 1 1 52
1 1 1 1 1 67
2 2 2 1 3 45
2 1 1 1 2 51
3 1 1 1 2 38
2 2 1 2 1 42
3 1 1 1 1 51
2 1 2 1 1 40
3 1 1 1 1 43
2 2 1 1 2 29
3 1 1 1 1 34
1 2 2 2 1 68
2 1 1 2 1 45
1 2 2 1 1 26
2 1 1 1 1 51
1 2 2 1 2 42
1 1 1 1 1 69
1 1 1 1 1 69
1 1 1 1 1 74
1 1 2 1 1 82
3 2 2 1 1 49
1 1 1 1 1 82
1 1 1 1 1 67
1 1 1 1 5 80
3 1 1 1 1 50
1 1 1 1 1 59
2 1 2 1 1 54
3 1 2 1 1 33
1 2 2 1 2 32
1 1 1 1 1 76
2 2 1 1 1 47
3 1 1 1 1 46
1 2 2 1 1 58
1 1 2 4 1 28
3 1 2 1 1 37
1 1 2 1 1 32
1 1 2 4 1 56
1 2 2 7 3 51
2 1 1 1 1 49
1 1 1 1 1 63
1 1 1 1 1 31
2 1 1 1 1 46
2 1 2 1 1 48
3 2 2 1 2 34
2 1 2 7 5 44
1 1 2 1 1 70
2 1 1 1 1 75
1 1 1 1 5 52
1 1 2 1 1 65
3 1 1 1 1 34
1 1 1 1 1 70
1 1 1 1 1 77
1 1 2 4 1 31
3 1 2 1 1 28
2 1 1 1 1 73
2 1 2 2 1 29
3 1 2 1 1 29
1 2 1 1 1 92
1 2 2 1 1 20
1 2 2 1 1 44
2 2 1 1 1 37
1 1 1 1 1 74
2 1 1 1 1 66
2 1 1 3 1 30
1 1 1 1 1 28
3 1 2 1 1 42
1 1 2 1 1 44
3 1 2 1 1 36
3 1 2 1 1 42
1 1 1 1 1 70
3 1 2 1 1 48
2 1 1 1 2 58
2 1 2 1 1 41
1 1 2 1 1 81
1 1 2 1 1 72
2 1 1 1 1 25
3 1 1 1 1 49
1 2 2 2 1 36
3 1 1 1 1 51
1 1 1 2 1 37
1 2 1 1 1 41
1 1 1 1 1 46
2 1 2 1 1 75
3 2 1 1 3 42
1 1 1 2 1 75
1 1 2 1 1 60
1 1 2 1 1 78
3 1 1 1 5 39
1 1 2 3 1 39
1 1 1 1 1 73
2 1 1 1 2 37
1 1 2 1 1 28
2 1 1 1 1 66
1 1 1 1 1 79
2 2 2 1 1 67
1 1 2 1 1 51
1 2 2 1 1 25
1 2 2 1 1 47
2 1 1 1 1 35
2 1 1 1 1 51
1 1 1 1 1 79
1 2 1 7 3 26
2 2 2 7 5 39
1 1 1 1 1 66
2 1 2 1 1 39
1 1 1 1 1 60
3 1 1 1 1 45
3 1 1 1 1 25
1 1 2 1 1 58
1 1 2 1 1 63
2 2 2 1 2 25
3 1 2 1 1 28
3 1 1 1 1 63
3 1 1 1 1 55
1 1 1 1 1 77
3 1 1 1 2 33
1 1 1 1 1 86
3 1 1 6 1 47
1 1 2 1 1 63
1 2 1 1 1 68
1 1 2 1 1 59
2 1 1 1 1 69
3 1 2 1 1 42
1 1 1 1 1 69
1 1 1 1 1 73
3 1 1 1 2 40
3 2 2 1 1 31
1 2 2 2 1 47
1 1 2 1 1 63
3 1 2 2 1 38
1 1 2 2 1 61
1 2 1 9 1 27
3 1 1 1 1 58
1 1 1 1 1 68
1 1 2 2 1 61
2 1 1 1 1 67
2 1 2 1 1 56
3 1 1 1 1 30
2 1 1 1 1 69
1 1 1 1 1 74
1 1 2 1 1 65
3 1 1 1 1 42
1 2 2 3 1 70
1 1 2 1 1 51
1 1 1 1 1 63
1 1 1 1 1 64
2 1 2 2 1 37
1 1 1 1 1 57
1 2 2 1 1 54
2 1 2 1 1 67
1 1 2 1 1 65
2 1 1 1 1 53
3 2 2 1 1 29
3 2 2 1 2 30
3 1 2 1 1 41
2 1 2 1 4 71
1 1 1 1 1 73
2 1 2 7 2 51
1 2 1 6 1 30
1 1 1 1 1 66
2 1 2 1 1 33
2 1 1 1 1 52
2 1 1 1 1 23
1 1 1 2 1 74
1 1 2 1 1 89
2 1 1 8 1 65
1 1 2 1 1 38
1 1 2 1 1 58
1 1 2 1 1 69
1 1 1 1 1 84
2 2 2 1 1 52
2 1 2 2 1 57
3 2 1 2 1 41
2 1 1 1 1 35
1 1 1 1 4 74
1 1 2 1 1 65
1 1 2 1 1 63
1 1 1 1 2 31
1 2 1 4 1 24
2 1 1 1 1 46
1 1 2 1 1 78
3 1 1 1 1 39
3 2 1 1 5 35
3 2 2 1 1 54
1 1 1 1 1 87
1 1 1 1 1 59
2 1 2 1 1 60
2 1 1 1 2 62
3 2 1 1 5 33
1 1 2 1 1 70
3 1 1 1 1 56
3 1 2 1 2 43
2 2 2 1 2 51
1 1 1 1 1 69
2 1 1 1 2 51
3 1 1 1 1 47
2 1 2 1 1 74
2 1 2 1 1 85
3 1 2 1 1 62
1 2 1 1 1 50
1 1 1 1 1 49
1 1 2 1 1 85
1 1 1 1 1 63
1 2 1 1 1 46
2 1 2 7 5 77
2 1 1 1 1 68
2 1 1 1 1 47
3 2 1 1 1 33
3 1 1 1 1 34
1 1 2 1 1 74
2 1 2 6 1 37
1 2 2 1 1 54
2 2 1 1 1 58
2 1 1 1 1 64
1 1 1 1 1 81
2 1 2 1 1 53
2 2 1 8 1 66
1 2 1 1 1 33
1 1 2 1 1 60
2 1 2 7 5 42
3 1 2 1 1 41
3 1 2 1 1 51
1 1 1 1 1 71
1 1 2 1 1 54
2 1 1 1 1 52
1 1 1 1 1 30
2 1 2 1 5 37
3 1 2 1 1 46
2 1 1 6 1 58
3 2 1 1 5 30
1 1 2 1 1 41
3 2 2 2 1 39
1 1 1 1 1 64
3 1 2 1 1 41
3 2 1 1 1 32
2 1 2 1 1 53
1 1 2 1 1 52
3 2 1 1 1 24
1 1 2 1 1 84
3 1 2 2 1 54
1 1 1 1 1 55
3 1 2 1 2 45
1 1 1 4 1 64
1 1 1 1 1 60
1 2 2 2 1 32
2 1 1 1 1 54
1 1 1 1 1 73
3 2 1 2 1 44
1 1 2 1 1 73
1 1 2 2 1 60
3 1 2 1 1 40
1 1 1 1 1 55
1 1 2 1 1 63
1 1 1 1 1 67
1 1 2 1 1 76
2 1 1 1 1 57
1 1 1 1 1 53
1 1 1 1 1 67
1 2 2 1 1 19
2 1 2 2 1 52
2 2 1 1 1 59
1 1 1 1 1 66
1 1 1 1 1 77
1 1 1 1 5 57
1 1 2 1 1 81
2 1 2 2 1 60
2 2 2 2 1 51
1 1 2 1 1 51
1 1 2 1 1 87
1 1 1 1 1 69
3 1 1 1 1 45
1 1 1 1 1 79
1 1 1 1 1 46
1 1 2 1 3 68
3 2 2 1 1 54
3 1 1 1 1 58
2 1 2 1 1 54
1 1 1 1 1 72
1 1 1 1 5 70
2 1 2 1 1 40
3 1 1 1 1 80
3 1 2 1 1 50
1 1 1 1 1 71
3 1 1 1 1 60
3 1 1 1 1 31
1 1 1 1 1 90
3 1 1 1 1 31
2 1 2 1 1 37
3 2 1 6 1 75
2 1 1 1 1 76
2 1 1 1 1 64
3 2 1 1 1 38
1 2 1 2 1 22
3 1 1 1 1 49
1 1 1 1 1 60
2 2 1 1 5 34
1 1 1 1 1 61
1 1 1 8 1 34
1 2 2 2 1 77
2 1 1 1 1 41
1 1 1 5 1 63
1 1 1 1 1 70
2 1 1 1 5 71
2 1 2 1 1 53
1 2 2 2 5 40
3 1 1 1 1 40
2 1 1 1 1 64
1 1 1 3 1 33
3 1 1 1 1 42
1 1 1 1 1 53
1 1 1 1 1 76
2 1 1 6 1 82
1 2 2 1 2 56
1 1 2 1 1 71
1 1 1 1 1 65
3 2 2 1 2 38
2 2 2 2 1 29
1 1 1 1 1 77
3 2 1 1 1 33
1 1 2 1 1 55
1 2 2 1 5 43
2 1 1 1 1 54
1 1 1 1 1 64
1 2 2 1 1 53
1 1 2 1 1 27
1 1 1 1 1 81
1 1 2 1 1 65
2 1 1 1 1 66
3 2 1 2 1 43
2 1 1 1 1 82
2 2 1 1 5 29
1 1 1 1 1 31
1 2 2 1 1 26
3 1 1 1 1 37
3 1 1 1 1 42
2 1 2 1 1 88
2 1 2 1 4 51
1 1 1 1 1 24
3 1 2 1 1 26
1 1 1 1 3 50
2 2 1 9 1 40
3 1 1 1 1 53
1 1 1 1 1 45
1 1 1 1 1 75
1 1 1 1 1 58
2 1 2 1 1 80
2 1 2 1 1 56
1 1 1 2 1 74
1 1 1 1 1 40
3 2 1 1 1 43
3 2 1 1 2 31
3 2 2 2 1 45
1 1 2 1 1 62
1 1 2 1 1 47
3 2 2 2 1 30
2 1 1 1 1 44
1 1 1 1 1 66
2 1 1 1 1 45
1 1 1 1 1 51
3 1 1 4 1 49
2 1 2 1 5 40
1 1 1 1 1 59
1 1 1 1 1 69
1 2 2 1 1 27
3 1 2 2 1 43
3 2 2 1 1 34
1 1 1 1 1 83
3 1 2 6 1 47
3 2 2 8 1 27
2 1 1 1 1 60
1 2 2 1 1 58
1 1 1 2 1 67
2 2 1 1 1 53
3 1 1 1 1 42
3 1 2 1 1 38
2 1 2 1 2 51
3 1 2 1 1 40
1 1 1 6 1 73
3 1 1 1 1 66
1 1 1 1 1 70
1 1 1 1 1 64
1 1 1 1 1 69
2 1 1 4 1 50
1 1 2 1 1 64
3 1 1 1 2 48
1 1 2 1 1 28
1 1 1 1 1 58
3 1 1 1 1 41
1 2 1 1 1 49
1 1 1 1 1 73
1 1 1 1 1 55
1 1 1 1 1 89
1 1 1 2 1 33
1 2 1 1 3 73
3 2 1 1 1 57
3 1 1 1 1 63
1 1 1 1 1 50
1 1 2 1 1 43
1 1 1 1 5 57
1 2 1 1 1 66
3 1 2 1 1 50
3 1 1 1 1 54
1 1 1 1 1 74
2 1 2 1 1 33
3 1 2 1 1 45
1 1 1 1 1 78
1 1 2 1 2 69
1 2 2 2 1 50
1 1 2 2 1 41
1 1 1 1 1 82
2 2 1 1 2 31
1 1 1 1 1 58
1 1 2 1 1 61
2 1 1 1 1 67
1 1 2 2 1 38
1 1 1 1 1 74
2 2 2 1 1 61
1 2 2 1 1 52
1 2 1 1 1 29
1 1 2 1 1 67
3 1 1 6 1 48
1 2 2 2 1 22
3 1 2 1 1 46
1 1 2 1 1 62
1 1 1 1 1 64
1 2 1 1 1 41
3 1 1 1 4 70
2 1 1 1 2 38
3 2 1 1 5 53
1 1 2 1 1 20
1 2 2 1 1 34
3 2 1 1 5 43
1 1 1 1 1 77
2 1 1 1 1 37
2 1 2 2 1 71
3 1 1 1 1 72
1 2 1 1 1 45
1 1 2 1 1 42
3 1 1 1 1 53
1 2 1 1 2 65
2 1 2 1 1 50
1 1 2 1 1 57
3 1 2 1 1 67
2 2 2 6 1 60
2 1 1 1 1 50
2 1 1 1 1 41
1 1 1 1 1 84
1 2 2 2 1 64
1 1 1 1 1 60
3 2 2 7 2 45
3 2 1 1 1 38
2 1 1 1 1 64
1 1 1 1 1 51
1 1 1 1 1 57
1 2 2 1 1 50
1 1 1 1 1 64
1 1 2 1 1 57
1 1 2 1 1 60
3 1 1 1 1 39
1 1 1 1 1 71
1 1 1 1 1 59
3 1 2 1 1 30
1 1 2 1 1 56
1 1 2 1 1 37
1 2 1 1 1 61
1 2 2 2 1 36
1 1 2 1 1 79
1 1 2 1 1 63
3 1 2 1 1 77
3 1 1 1 1 30
3 1 1 1 1 50
1 1 1 1 1 69
3 1 2 6 1 40
1 1 1 1 1 73
1 2 1 1 1 48
3 2 1 1 1 31
3 1 2 1 1 43
1 1 1 1 1 82
1 2 2 1 1 54
2 1 1 1 1 51
1 1 2 1 1 40
1 1 1 1 1 75
2 2 2 2 1 38
1 1 2 1 1 56
3 1 2 1 1 32
3 1 1 1 1 36
1 1 1 1 1 42
1 2 1 1 2 41
1 2 1 1 1 47
1 1 2 1 1 49
3 1 1 1 1 41
1 1 1 1 1 67
1 1 1 1 1 64
2 1 2 1 1 28
2 2 2 1 3 27
1 2 1 1 5 38
1 1 1 1 1 62
1 1 1 1 1 77
1 1 1 1 1 70
2 1 1 1 5 66
1 2 1 2 1 65
1 2 2 2 1 65
1 1 1 1 1 61
3 1 2 1 1 46
2 1 2 1 3 67
2 2 1 1 1 60
2 2 2 7 3 78
1 1 1 1 2 71
1 2 2 1 1 66
1 1 2 1 1 58
3 1 1 1 1 48
1 1 1 1 1 75
1 1 2 2 1 57
1 1 2 1 1 76
1 1 2 1 1 51
3 1 1 1 1 33
1 1 2 1 1 43
3 1 2 1 1 42
1 1 1 1 1 74
1 1 2 1 1 25
3 1 1 1 1 32
1 2 2 1 1 38
1 1 2 1 1 74
1 1 1 1 1 51
3 1 1 1 1 53
2 1 1 1 1 43
2 1 1 6 1 61
2 1 2 1 1 54
3 1 1 1 1 38
1 1 1 1 1 79
2 2 2 1 1 37
3 2 2 2 1 32
1 2 2 1 1 55
1 2 1 1 1 65
2 1 2 1 1 48
1 2 2 1 5 52
3 1 2 1 1 55
1 1 1 1 1 80
1 1 1 1 1 65
3 2 1 1 1 28
1 1 2 7 2 65
3 1 1 8 1 51
1 2 2 1 1 23
2 2 2 1 2 30
1 1 1 1 2 28
3 1 2 1 1 68
1 1 1 1 1 41
1 1 1 1 1 81
1 1 1 1 1 65
1 1 1 1 1 60
1 2 2 1 1 57
2 1 2 1 1 64
1 1 1 1 1 30
1 2 1 1 1 30
2 1 2 1 1 36
2 1 1 2 1 52
2 1 2 1 1 81
2 1 2 1 1 55
3 1 1 1 1 42
3 1 2 2 1 63
1 1 1 1 1 60
1 1 2 1 1 49
1 1 2 1 1 72
3 1 1 1 1 54
1 1 1 1 1 77
2 2 2 1 1 50
3 1 2 1 1 62
2 1 1 1 1 32
1 1 1 1 1 70
1 1 2 1 2 87
1 2 1 6 1 68
1 2 1 1 1 41
1 1 1 1 1 61
1 2 1 1 1 51
2 1 1 1 1 55
2 2 2 7 2 39
1 1 2 2 1 76
1 1 1 1 1 74
1 2 2 1 1 33
1 1 2 1 1 57
2 1 1 1 1 40
1 2 2 2 1 57
1 1 1 1 1 74
1 1 2 1 1 51
3 2 1 1 1 47
1 1 2 1 1 73
1 1 2 1 1 50
2 1 1 1 1 55
2 1 2 1 4 26
2 2 2 2 1 26
1 1 1 7 2 62
1 1 1 3 5 81
1 1 1 1 1 32
2 1 1 1 1 25
2 1 2 1 1 69
3 1 1 1 2 48
3 1 1 1 1 66
1 1 1 1 1 58
1 1 1 1 1 63
1 1 1 1 1 29
1 1 2 1 1 58
2 1 1 2 1 42
2 1 1 1 1 33
1 2 1 2 1 58
1 1 2 1 1 70
3 2 1 1 1 52
2 1 1 1 1 63
1 1 1 1 1 56
3 1 2 1 2 26
1 1 1 1 1 60
2 1 2 1 1 35
2 1 2 7 5 40
1 1 2 1 1 86
2 1 1 1 1 53
1 2 1 1 1 44
1 1 2 1 1 32
1 1 2 1 1 82
2 2 1 1 1 31
1 1 1 2 1 68
1 1 1 1 1 53
2 1 2 1 1 43
1 1 2 1 2 78
1 1 1 1 1 64
1 1 1 1 1 71
2 1 1 7 2 49
2 1 2 2 1 47
2 2 1 1 1 63
3 2 1 1 1 31
2 1 1 1 1 43
1 1 2 1 1 80
2 1 2 1 1 86
1 2 2 1 1 24
1 1 2 2 1 69
1 1 2 1 1 71
1 1 2 1 1 58
3 2 2 1 1 45
2 2 2 1 1 38
1 1 2 1 1 46
3 1 1 2 1 48
2 2 2 1 3 32
2 1 1 1 1 40
2 1 1 1 1 45
1 1 2 1 1 59
1 1 2 1 1 62
1 1 1 1 1 65
2 1 1 1 1 58
2 1 1 1 1 56
3 2 1 8 2 31
1 1 2 2 1 86
1 1 1 1 1 67
1 1 1 1 1 67
3 2 1 1 1 36
1 2 1 1 4 50
1 2 2 1 1 45
3 1 2 1 1 39
1 1 1 1 1 71
2 1 1 1 1 49
1 1 1 1 1 58
3 1 1 1 1 53
1 2 2 1 1 30
2 2 2 3 1 22
1 1 2 1 1 60
1 1 1 1 1 64
1 1 2 9 1 61
1 2 2 2 1 45
1 1 2 2 1 60
1 2 2 1 1 37
1 1 2 1 1 56
1 1 1 1 1 50
1 1 1 1 1 63
3 2 1 1 2 42
1 1 1 1 1 81
1 1 2 1 1 62
1 2 2 1 1 31
3 1 2 1 1 28
2 2 2 2 1 46
3 1 1 1 4 49
1 1 1 2 1 25
1 1 2 1 1 95
2 1 2 1 1 41
2 1 1 2 1 57
2 1 2 1 1 73
2 2 2 1 1 50
3 1 2 7 2 47
2 1 1 1 1 28
3 1 2 1 1 36
2 1 1 1 1 54
1 1 1 1 1 71
2 1 2 1 1 61
2 1 2 1 1 49
1 1 2 1 1 54
1 2 1 1 1 49
1 2 2 1 1 28
1 2 2 2 1 58
1 2 1 7 5 30
3 1 2 2 1 71
1 1 1 1 1 95
1 1 1 1 1 36
2 1 2 1 1 25
3 1 1 1 1 37
1 2 1 1 1 22
1 1 1 1 1 67
1 1 1 1 1 54
1 1 1 1 1 59
1 1 1 1 1 74
2 2 1 6 1 76
1 1 2 2 1 64
1 1 1 1 1 61
3 1 1 6 1 43
1 1 1 1 1 66
2 1 1 1 1 52
3 1 1 1 1 47
2 1 2 7 2 44
2 2 1 1 1 52
1 1 1 1 1 53
1 2 2 1 1 27
2 1 1 1 1 59
1 1 2 1 1 64
2 2 2 1 1 55
1 1 1 1 1 74
3 1 2 1 1 54
1 1 2 1 1 68
3 1 2 2 1 51
1 1 1 1 1 64
1 1 2 1 1 50
3 1 1 7 2 43
2 1 1 2 1 38
1 1 2 1 1 52
2 1 1 1 1 51
1 1 1 1 1 78
1 1 1 1 1 71
1 1 2 2 1 62
3 1 1 1 1 54
3 2 2 7 1 35
1 1 1 1 1 59
1 1 1 1 1 57
1 1 2 1 1 56
1 1 2 2 1 33
1 2 1 1 1 80
1 1 2 1 1 69
3 2 2 1 1 66
2 2 2 1 1 33
2 1 1 1 1 47
1 1 2 6 1 63
1 1 1 1 1 73
2 1 1 1 1 72
1 2 1 1 1 33
2 1 1 7 2 56
2 1 1 1 1 49
2 1 2 1 1 49
2 1 2 1 1 32
3 1 1 1 1 60
2 1 1 1 1 70
1 1 1 1 1 75
3 1 1 1 1 48
1 1 1 1 1 77
3 2 2 7 5 39
2 2 1 1 1 55
3 2 2 1 2 28
3 1 2 1 1 33
2 1 1 9 1 81
1 1 1 1 1 87
1 1 2 1 1 65
2 1 2 1 1 72
3 1 1 2 1 56
1 1 1 1 1 42
2 2 1 1 1 72
2 1 2 1 1 64
2 1 2 1 1 49
2 1 2 1 1 43
1 2 2 2 1 25
1 2 2 2 1 27
3 1 1 1 1 54
2 1 2 1 1 47
3 1 1 1 2 46
1 1 1 1 1 83
3 1 1 1 1 32
1 1 2 1 1 32
1 1 1 1 1 56
1 1 2 1 1 57
1 1 1 1 1 43
2 1 1 1 1 95
1 1 1 1 1 60
1 1 1 1 1 62
1 1 1 1 1 84
3 1 1 1 1 64
3 2 1 1 1 58
1 1 1 1 1 46
3 2 2 1 1 43
1 1 1 1 1 79
2 1 2 1 1 38
3 2 1 1 1 26
1 2 2 8 1 23
3 2 2 1 1 22
1 2 1 1 2 60
1 2 2 2 1 46
1 1 2 1 1 44
1 2 2 1 1 74
1 1 2 1 1 84
1 1 1 1 1 78
1 1 1 1 1 66
1 2 2 1 1 26
3 1 2 1 1 58
1 1 2 1 1 71
3 2 2 2 1 23
1 1 1 1 1 59
1 1 1 1 1 67
1 1 1 1 1 60
1 1 2 1 1 48
1 1 2 1 1 72
1 2 1 1 5 63
1 1 1 1 1 78
2 1 2 1 1 53
1 2 2 1 1 27
1 1 1 1 1 45
3 1 1 1 1 52
3 1 1 2 1 43
1 1 1 1 1 41
2 2 1 6 1 22
1 1 2 8 1 60
1 1 2 2 1 60
2 1 2 1 1 52
1 1 1 1 1 72
1 1 2 2 1 65
1 1 1 1 1 62
3 2 2 1 1 39
1 1 1 1 1 66
1 2 1 1 1 26
1 1 1 1 1 64
3 2 2 2 1 33
1 1 1 1 1 65
1 1 1 1 1 34
3 1 1 1 1 42
2 1 1 1 1 36
1 2 2 2 1 41
1 1 2 1 1 54
1 1 2 1 1 66
1 1 1 1 1 60
2 1 2 1 1 34
1 2 1 1 2 58
1 2 1 1 2 20
1 1 1 1 1 76
1 1 2 1 1 57
1 1 1 1 1 84
1 2 2 1 1 29
1 1 1 1 1 66
2 2 1 1 1 34
1 1 2 1 1 60
1 1 2 1 1 74
1 1 1 1 1 44
1 1 1 1 1 51
1 1 1 1 1 79
2 1 1 2 1 63
1 1 2 1 1 45
1 1 2 1 1 70
1 1 2 1 1 54
1 1 1 7 2 59
2 1 2 1 1 32
1 1 2 1 1 47
1 1 2 1 3 57
1 1 2 1 1 69
1 1 1 1 1 69
2 1 2 1 5 53
3 1 1 1 1 40
2 1 1 5 1 64
1 1 1 1 1 76
1 2 2 1 1 31
1 1 1 1 1 73
1 1 1 1 1 53
3 2 2 2 3 33
1 1 1 1 1 70
1 1 1 1 1 62
2 2 2 1 1 39
1 1 2 1 1 60
3 1 1 1 1 50
1 1 1 1 1 49
1 1 2 5 1 82
1 1 1 1 1 60
2 1 1 1 1 47
3 1 1 1 1 59
1 1 2 1 1 67
1 1 2 2 1 64
3 2 2 1 1 24
1 2 2 1 1 23
1 2 2 8 1 45
3 1 2 1 5 69
2 1 2 1 1 45
3 1 1 4 1 59
1 1 1 1 1 49
2 1 1 3 1 32
3 2 2 1 5 36
1 1 2 1 1 49
1 1 2 1 1 65
1 1 2 1 1 51
1 1 1 1 1 79
3 2 1 2 1 54
1 1 1 1 1 44
1 2 1 1 1 84
1 2 1 1 1 42
3 1 2 1 1 46
1 2 2 1 1 28
3 1 2 7 3 41
2 2 2 1 3 28
1 1 1 1 1 82
2 1 2 2 1 57
1 1 1 1 1 57
3 1 1 6 1 43
3 1 2 1 1 33
2 1 1 1 1 59
3 2 1 1 1 28
3 1 1 1 1 50
3 1 2 1 1 52
2 1 1 1 3 66
1 1 1 1 1 58
1 1 1 1 1 56
1 1 1 1 1 43
2 1 2 6 1 61
3 1 2 2 1 42
1 1 2 2 1 49
3 1 1 1 1 50
1 1 2 1 1 46
3 1 1 1 1 34
1 1 1 1 1 59
3 1 1 1 1 50
3 2 1 1 2 55
1 1 2 1 1 33
1 2 2 1 1 56
1 1 2 1 1 57
1 2 1 1 1 62
1 1 1 1 1 76
2 1 1 1 1 36
1 1 1 1 1 65
3 1 2 1 1 45
1 1 1 1 1 68
1 1 1 1 1 61
3 2 2 2 1 33
1 1 2 1 1 61
1 2 2 8 1 42
2 1 1 1 1 55
2 1 1 1 1 41
3 1 1 6 1 65
1 1 1 1 1 64
1 1 1 1 1 75
1 1 2 1 1 22
3 2 1 1 1 31
1 1 1 1 1 39
3 1 1 1 2 46
1 2 1 2 1 26
1 1 1 1 1 69
3 1 1 1 1 38
1 1 2 1 1 34
2 1 1 1 1 43
2 1 1 1 1 70
2 1 1 1 1 42
2 1 1 1 1 57
1 1 1 7 2 69
3 2 2 2 1 46
1 1 2 1 1 34
1 1 2 1 1 64
1 2 1 1 1 78
2 2 2 1 1 46
2 2 1 1 1 22
1 1 1 1 1 86
1 1 2 1 1 51
2 1 1 1 1 67
1 1 1 1 1 63
2 1 1 1 2 73
2 2 2 4 1 44
3 2 1 1 2 31
1 1 1 2 1 82
3 2 2 1 1 53
2 1 1 1 1 66
2 2 2 1 1 27
2 2 1 2 1 52
3 2 2 1 1 32
2 2 2 1 1 49
1 1 1 1 1 76
2 1 2 1 1 78
1 1 2 1 1 63
1 1 1 1 1 77
2 1 2 1 1 45
3 1 2 1 1 47
1 2 2 1 5 48
1 1 1 1 1 89
2 1 2 1 1 74
2 2 1 1 1 60
2 1 2 1 2 51
2 2 1 1 1 31
1 1 1 1 1 58
1 1 2 1 1 62
1 1 1 1 1 60
3 1 2 1 1 35
1 1 2 1 1 69
1 1 1 1 1 82
1 1 1 1 1 61
1 1 1 1 1 62
1 1 1 1 1 73
1 1 1 1 1 65
1 1 1 1 1 68
1 1 1 1 1 71
1 1 1 1 1 69
3 2 2 7 1 37
1 1 1 2 1 66
3 2 2 2 1 55
2 2 1 1 1 52
3 1 2 1 1 57
2 2 2 8 1 43
1 1 2 1 3 75
1 1 1 1 1 65
1 1 2 1 1 85
2 1 1 1 1 46
1 1 1 1 1 62
2 1 1 1 1 61
3 1 2 6 1 38
1 1 1 2 1 61
1 1 1 1 1 64
2 1 1 1 1 31
1 1 2 1 1 72
1 2 2 1 1 23
2 1 1 1 1 53
1 1 2 1 1 32
1 1 1 1 2 68
3 1 2 1 1 31
1 1 1 3 1 57
1 1 1 1 1 72
1 1 2 1 1 51
3 1 1 1 1 43
3 2 1 1 1 43
1 2 2 1 1 24
1 1 1 1 1 70
3 1 1 1 1 55
1 1 2 1 1 42
1 1 1 4 1 32
1 2 2 1 1 68
1 1 1 1 1 55
1 1 1 1 1 70
1 1 2 2 1 53
1 2 1 2 1 32
1 1 1 1 1 62
2 1 1 2 1 27
1 2 1 1 1 44
1 2 1 1 2 52
3 1 1 1 1 48
1 2 1 1 1 39
1 1 1 1 1 77
1 1 1 1 1 77
1 1 2 1 1 53
1 2 2 7 2 73
2 2 2 2 1 40
3 1 2 1 1 51
1 1 2 1 1 49
1 1 2 2 1 61
1 1 2 1 1 74
1 1 2 3 1 55
2 1 1 1 1 38
2 2 1 1 1 43
1 2 1 8 1 75
2 1 2 1 1 74
1 2 2 1 5 58
2 1 1 1 1 64
1 1 1 1 1 61
1 1 1 1 1 79
1 2 2 2 1 28
2 2 1 1 1 34
1 1 1 1 1 33
3 1 1 6 1 42
1 1 1 8 1 65
1 2 2 1 2 26
3 1 1 1 1 62
1 2 2 1 1 26
3 1 1 2 1 44
1 2 1 7 5 34
1 1 1 1 1 71
1 1 2 2 1 73
2 1 1 2 1 46
1 2 1 2 1 76
3 2 2 2 1 44
1 1 1 1 1 50
1 2 2 1 4 43
1 1 1 1 1 62
1 1 1 1 1 72
1 1 1 1 1 77
1 1 1 1 1 85
1 1 1 7 5 31
1 1 2 1 1 62
1 2 2 2 1 61
1 1 1 1 1 53
2 1 1 1 1 36
3 1 1 1 1 42
2 1 2 1 1 45
1 1 1 1 1 58
1 1 1 1 1 65
1 1 2 1 1 55
1 1 1 1 1 70
2 1 1 1 1 60
3 1 2 2 1 50
3 1 2 1 1 34
3 1 1 9 1 40
3 1 1 1 1 50
3 1 2 1 1 47
1 2 2 8 1 30
1 1 2 1 1 55
1 1 2 6 1 78
2 1 1 1 1 61
3 1 2 1 1 63
1 1 1 1 1 78
2 2 2 2 1 55
3 2 2 3 1 34
1 2 2 1 5 46
1 1 1 1 1 62
3 1 1 1 1 43
3 2 1 1 1 35
1 1 1 1 1 72
1 1 2 1 1 79
1 1 1 1 1 64
3 1 2 1 1 57
2 1 2 2 1 80
1 1 1 1 1 87
1 1 1 1 1 75
1 2 1 1 1 29
1 2 1 1 1 35
1 1 1 1 1 67
2 1 1 1 1 51
1 1 1 1 1 69
2 2 1 1 1 30
2 1 1 1 1 40
1 1 1 1 1 57
1 1 1 1 1 66
2 1 1 1 1 59
3 2 2 1 2 26
1 1 2 1 1 63
1 1 1 1 1 79
3 1 2 1 1 34
3 1 1 1 1 39
3 1 1 2 1 34
2 2 2 7 2 21
2 2 2 1 1 46
1 1 1 1 1 75
3 1 2 1 1 51
1 1 2 1 1 72
3 1 1 1 1 25
1 1 1 1 1 58
1 1 1 1 1 69
3 1 2 1 1 43
1 1 2 1 1 65
2 1 1 1 1 35
2 1 1 1 1 47
1 2 2 7 3 29
2 1 2 1 1 48
3 2 2 1 3 39
3 2 2 1 1 38
2 1 1 1 1 73
1 2 2 2 1 29
1 1 2 1 1 65
1 1 1 1 1 53
1 1 1 1 1 56
1 1 1 1 1 62
1 1 1 1 1 80
1 2 1 1 1 25
1 2 1 1 2 59
2 2 2 6 1 44
1 2 2 1 3 26
1 2 2 1 1 60
1 1 2 1 1 53
1 1 1 1 1 64
1 1 1 1 1 65
1 1 1 1 1 50
1 1 1 1 1 60
2 2 1 8 1 50
1 2 1 1 1 57
2 1 1 1 1 46
3 1 1 1 1 41
1 1 1 1 1 89
1 1 1 6 1 26
1 1 1 1 1 74
1 1 1 1 1 66
2 1 1 1 1 52
1 1 1 1 1 68
1 1 1 1 1 65
1 1 2 1 1 53
2 2 2 1 1 47
2 1 1 1 1 61
3 1 1 1 1 40
1 1 2 1 1 63
1 1 1 1 1 62
1 1 1 6 1 35
2 2 1 1 1 36
1 2 1 6 1 69
3 1 2 8 2 52
1 1 2 1 1 75
1 1 1 1 1 62
2 1 1 1 1 32
1 1 2 1 1 47
1 1 1 1 1 69
1 2 1 1 1 20
2 1 1 1 1 55
3 1 1 1 1 44
3 1 2 1 1 44
3 1 2 1 1 49
2 1 1 1 1 50
1 2 2 2 1 72
2 1 2 1 1 27
2 1 1 1 1 57
3 1 1 1 2 29
1 1 2 1 2 51
2 1 2 1 1 28
1 1 1 1 1 65
1 1 1 1 1 82
1 1 1 1 1 59
2 1 2 1 1 32
1 1 2 1 1 78
2 1 1 6 1 60
2 2 1 1 4 27
1 2 1 1 2 24
2 2 2 1 2 25
2 1 1 1 2 54
1 1 2 1 1 69
2 2 2 1 1 36
2 1 1 1 1 49
3 1 1 7 2 42
2 1 2 1 1 48
1 1 1 1 1 74
1 2 2 2 1 60
2 1 2 6 1 38
2 1 1 1 1 54
1 2 1 1 1 68
1 1 1 1 1 74
3 1 1 1 1 60
1 1 1 1 1 58
1 2 1 2 1 43
1 1 1 1 1 53
1 1 1 1 1 54
1 1 1 1 1 77
1 1 1 1 1 83
2 1 2 7 3 42
1 1 1 1 1 77
2 1 2 1 1 46
1 1 1 1 1 62
2 2 2 2 1 77
1 1 1 1 1 64
3 1 1 1 1 45
2 1 1 1 2 62
1 2 1 1 1 39
2 1 1 6 1 61
1 1 1 1 1 39
1 1 1 1 1 64
1 1 1 1 1 66
2 1 1 1 1 64
3 1 2 1 2 39
1 2 2 1 1 27
3 1 2 2 1 35
1 2 2 6 1 30
1 1 1 1 1 68
2 2 2 2 5 45
1 1 1 1 1 62
1 1 2 1 1 85
3 2 2 7 3 31
2 1 2 1 1 51
1 2 1 1 1 59
3 1 1 8 1 47
1 1 1 1 1 79
1 1 2 1 1 29
1 1 1 1 1 46
3 1 2 1 1 44
1 1 2 1 1 62
1 1 1 1 1 51
2 1 2 1 1 34
3 1 1 6 1 37
1 2 1 1 1 49
2 2 2 1 1 26
3 1 1 1 1 64
3 1 2 1 1 41
1 1 2 1 1 56
2 2 1 1 3 50
1 1 2 1 1 64
1 1 2 1 1 48
1 1 1 1 1 69
1 2 2 1 1 43
2 1 1 1 1 80
3 1 2 2 1 50
2 1 1 1 1 75
1 1 2 1 1 57
1 1 1 6 1 72
1 1 1 1 1 46
1 1 1 1 1 65
2 1 2 4 1 54
1 1 2 1 1 32
2 1 1 1 1 49
1 1 1 6 1 30
1 1 2 1 1 68
3 2 2 1 1 29
1 1 1 1 1 68
1 1 2 1 1 62
1 2 1 1 1 42
1 1 1 1 1 68
3 1 1 1 1 56
1 1 2 1 1 50
2 1 2 1 2 56
3 1 1 1 1 40
1 2 2 2 1 53
2 1 2 1 1 49
2 1 2 1 1 74
1 1 1 1 2 72
3 1 1 1 1 42
1 1 1 1 1 56
1 1 2 1 1 69
1 1 2 2 1 72
1 1 1 1 1 48
2 1 1 1 1 63
2 1 1 1 1 60
2 1 2 1 1 54
1 2 2 1 1 61
3 1 1 2 1 95
1 1 1 1 1 62
3 2 2 1 1 32
1 1 2 1 1 69
3 1 2 1 1 40
1 1 2 1 1 31
3 1 2 2 1 56
3 1 1 1 1 55
2 1 1 1 1 62
2 1 2 1 2 50
3 1 1 1 2 37
3 1 2 1 1 45
3 1 2 1 1 43
3 1 1 1 1 45
1 1 1 8 1 71
1 1 1 1 1 65
1 1 1 1 1 75
3 1 2 1 1 33
2 1 1 1 1 47
1 1 1 1 2 58
2 2 2 1 1 23
1 2 1 1 1 25
2 2 2 1 3 25
3 1 1 1 1 49
2 1 2 1 1 49
3 2 1 1 1 31
2 1 1 1 1 63
2 2 2 1 2 36
1 2 1 1 1 48
1 1 1 1 1 59
3 1 1 1 1 94
1 1 2 1 1 32
1 1 2 1 1 49
1 2 2 1 1 18
1 2 2 2 1 63
1 1 2 1 1 60
1 1 1 1 1 66
1 1 1 1 1 62
1 2 2 1 1 31
2 1 1 1 1 47
1 1 2 1 1 71
1 1 1 1 1 38
1 1 1 1 1 60
1 2 1 1 1 32
1 1 1 1 1 82
1 2 2 1 1 79
1 1 2 1 1 53
3 1 1 1 1 42
2 1 1 1 1 77
1 1 1 1 1 63
1 1 1 1 1 59
1 1 1 1 1 70
1 1 1 1 1 59
2 1 2 1 1 28
2 2 1 1 1 31
1 1 1 1 1 61
1 1 2 7 5 49
2 1 1 1 1 58
3 1 2 1 1 29
1 2 1 1 1 25
2 1 1 6 1 60
1 1 1 1 1 61
1 1 2 1 1 42
1 2 2 1 1 38
1 2 1 1 1 29
2 1 2 1 1 42
3 2 2 7 3 47
1 1 1 1 1 71
2 1 1 1 1 35
1 2 2 1 1 24
1 1 1 1 1 24
2 1 2 6 1 42
2 1 2 1 1 53
1 2 2 1 5 54
1 1 1 1 1 84
1 1 1 1 1 55
1 2 2 1 1 38
3 1 2 1 1 25
1 1 1 1 1 55
2 2 1 1 1 28
2 1 1 1 1 86
2 1 2 1 1 50
1 2 1 1 1 28
1 2 1 1 1 55
3 1 2 1 1 41
1 1 1 1 1 65
1 1 2 1 1 64
1 1 1 2 1 56
1 1 1 1 1 70
1 1 1 1 1 86
3 1 1 1 1 38
1 1 2 1 1 88
1 1 1 1 1 83
2 1 2 2 1 55
1 1 1 1 1 90
2 1 1 1 1 88
1 1 2 2 1 57
1 1 1 1 1 58
2 1 2 1 1 56
1 1 1 1 1 59
3 1 2 1 1 59
1 1 2 1 1 31
1 1 1 1 1 48
1 2 1 6 1 42
1 2 1 1 1 85
1 1 2 1 1 62
1 1 2 1 1 62
3 2 2 1 3 35
2 1 1 1 1 32
1 1 2 1 1 61
1 1 1 1 1 73
2 2 2 1 1 45
2 1 1 1 1 32
1 1 1 1 1 87
3 2 2 1 1 47
3 1 2 1 1 51
1 2 2 1 1 56
1 1 1 1 1 63
1 1 1 6 1 65
1 1 1 1 1 93
2 1 1 1 2 32
1 1 1 1 1 69
1 2 1 1 1 58
3 1 1 1 1 40
1 1 1 1 1 55
2 1 2 1 1 52
3 1 1 1 1 31
1 2 2 8 1 34
1 2 2 2 1 28
1 1 1 1 1 52
1 1 2 1 1 28
1 1 1 1 1 66
1 2 1 1 1 42
1 1 1 1 1 76
1 1 1 1 1 61
1 1 1 2 1 71
2 1 1 2 1 65
3 1 1 1 1 38
3 1 1 1 1 48
1 1 1 1 4 52
1 1 1 1 1 78
2 1 1 1 1 61
3 2 1 1 1 36
1 1 1 1 1 63
1 2 1 8 1 24
2 1 1 1 1 46
1 1 1 1 1 53
1 1 2 2 2 82
2 1 1 1 1 59
2 1 2 1 1 26
1 1 2 1 1 59
1 2 2 2 1 38
3 2 1 1 1 31
2 1 2 1 1 85
1 2 2 1 1 61
1 1 1 1 1 54
1 2 2 3 1 25
2 1 1 1 1 51
1 2 2 1 1 71
1 1 1 1 1 80
2 1 2 1 1 61
1 2 2 7 5 50
1 2 2 1 1 25
1 1 1 1 1 73
3 2 2 1 1 46
3 1 1 1 1 64
1 1 2 1 1 83
3 1 2 6 1 34
1 1 1 8 1 80
1 2 2 1 1 30
3 1 1 1 1 63
2 2 1 1 1 25
1 1 1 1 1 61
2 1 1 1 1 44
1 2 1 8 2 36
1 1 1 1 1 82
1 2 2 8 5 53
1 2 2 2 1 60
1 2 1 1 1 31
1 2 2 1 1 23
3 1 2 1 1 45
1 1 2 1 1 58
1 1 1 1 1 70
1 1 1 1 1 79
1 1 1 1 1 30
1 1 2 2 1 63
2 1 2 3 1 50
3 1 1 1 1 47
1 1 1 1 1 56
2 1 2 1 1 55
1 1 1 1 1 61
3 1 2 1 2 34
1 1 2 1 1 79
1 1 2 4 1 57
1 2 2 1 1 52
1 1 1 1 1 84
1 1 2 2 1 44
1 1 1 1 1 76
1 2 2 1 1 28
3 1 1 1 1 47
3 2 2 1 1 39
2 2 2 1 1 57
3 2 1 8 2 51
3 1 1 1 1 61
3 2 2 1 2 40
1 1 1 1 1 57
1 2 1 1 1 38
3 2 2 2 1 47
1 1 2 2 1 46
1 1 1 1 1 67
1 1 1 6 1 68
1 1 1 7 1 66
1 1 1 1 1 81
2 2 1 6 1 55
1 1 1 1 1 55
2 1 1 1 1 71
1 1 2 1 1 71
3 1 2 6 1 50
3 1 2 8 1 42
1 2 1 1 1 34
2 2 2 8 1 39
2 1 1 1 1 47
3 1 1 7 2 34
1 1 1 1 1 74
1 1 1 1 1 62
1 1 1 1 1 50
1 1 1 1 1 69
1 1 1 1 1 55
1 1 2 1 1 67
1 1 1 1 1 90
1 1 1 1 1 64
1 1 1 1 1 72
3 1 1 1 1 47
3 1 2 1 1 35
1 2 2 1 1 56
2 1 1 1 1 51
1 2 1 1 1 52
1 1 1 1 1 62
2 1 2 1 1 80
3 1 1 1 2 52
1 1 1 3 1 59
1 1 2 1 1 71
3 1 2 8 1 57
1 1 2 1 1 59
3 1 2 1 1 35
2 1 1 1 1 66
3 1 2 1 1 43
1 1 2 1 1 80
2 1 1 1 1 69
3 1 2 1 1 41
2 2 2 2 1 29
1 1 1 1 1 44
3 1 1 8 1 52
2 1 1 1 1 72
2 1 1 2 1 69
2 1 1 1 1 53
2 2 2 1 1 48
1 2 2 1 1 31
2 1 1 1 1 38
2 1 1 1 1 36
3 2 2 1 1 28
1 2 1 1 1 59
3 1 2 1 1 44
1 1 1 1 1 86
1 1 1 1 1 69
1 1 1 1 1 30
1 1 1 1 1 68
2 1 2 2 1 57
1 1 1 1 1 64
1 1 1 1 1 84
3 2 1 6 1 45
3 2 1 1 2 43
1 1 1 1 1 79
3 1 2 1 1 42
1 1 1 1 1 76
2 1 1 6 1 63
2 2 1 1 2 63
3 1 2 2 1 49
1 1 1 1 1 76
1 1 2 1 1 63
1 2 2 2 1 24
1 2 1 1 1 64
1 1 2 1 1 50
3 1 2 1 1 46
2 2 1 1 1 42
2 1 2 1 1 33
1 1 1 1 1 61
1 1 1 1 1 55
1 2 1 2 1 49
1 2 1 7 5 29
1 1 1 1 1 71
1 2 2 1 1 50
1 1 1 1 1 57
3 1 2 1 1 83
2 1 1 7 5 70
2 2 1 1 1 24
3 1 2 1 1 48
3 1 1 1 3 57
1 1 1 1 1 60
2 1 1 1 1 33
1 1 2 1 1 60
1 2 2 2 1 50
2 1 2 3 1 50
3 2 2 1 1 49
2 2 2 1 1 28
1 1 1 1 1 41
3 1 1 1 5 47
1 1 1 1 1 74
3 2 1 1 2 39
2 1 1 1 1 55
3 1 1 1 1 77
1 2 2 1 1 23
1 1 2 1 1 56
1 1 2 1 1 63
1 2 1 1 2 42
1 1 1 1 1 69
1 1 1 5 1 89
3 1 1 1 1 57
2 2 1 4 1 20
1 1 1 1 1 47
1 1 2 1 1 60
1 1 1 1 1 41
2 1 1 2 1 69
1 1 2 1 1 57
2 2 2 1 1 33
1 1 1 1 1 53
1 1 1 1 1 67
2 1 2 1 2 27
1 2 1 1 2 34
2 2 1 1 1 56
2 1 1 1 1 30
1 2 1 1 1 82
2 1 1 1 1 71
1 1 1 2 1 75
1 1 1 2 1 84
1 1 1 1 1 49
3 1 1 1 1 44
3 2 2 1 1 33
1 1 2 1 1 69
2 1 2 1 1 42
1 2 2 1 1 23
1 2 2 7 3 58
1 1 1 1 1 71
1 2 1 1 1 31
1 1 1 1 1 72
1 1 1 1 1 60
3 1 1 1 1 53
1 1 2 1 1 45
2 1 1 1 1 59
2 1 1 7 1 30
1 1 1 1 1 63
3 1 1 1 1 49
1 1 1 1 5 40
2 1 2 1 1 55
1 1 1 1 1 89
2 1 1 7 2 53
1 1 2 1 1 30
2 1 2 1 1 46
1 1 2 1 1 75
1 1 1 1 1 57
1 1 1 1 1 73
1 1 2 1 1 58
1 1 2 1 1 56
1 1 1 1 1 61
2 1 2 1 1 37
2 1 2 1 1 54
1 1 1 1 1 71
1 2 2 1 1 31
1 1 2 1 1 65
1 1 1 1 1 62
3 1 1 1 1 52
1 1 2 1 1 86
1 2 2 1 1 21
2 1 1 1 2 64
2 1 1 1 1 46
1 1 1 1 1 71
1 1 2 1 1 58
3 1 1 1 1 61
2 2 1 1 2 27
2 1 1 1 1 64
1 1 1 1 1 54
1 1 2 1 1 22
1 2 1 8 1 32
2 1 1 1 4 68
2 1 1 1 1 59
1 1 2 1 1 66
3 1 1 1 1 48
1 1 2 1 1 76
1 1 1 1 1 58
3 2 1 1 1 39
1 2 2 1 1 37
2 1 2 1 1 55
1 2 2 1 2 55
1 1 1 1 1 69
1 1 2 1 1 81
1 1 1 1 1 75
1 1 1 1 1 59
3 1 1 6 5 66
2 1 2 1 1 53
3 1 1 2 1 43
3 1 2 8 5 58
1 1 1 1 1 65
3 1 1 1 1 50
2 1 2 1 1 32
3 1 1 1 1 36
2 2 2 2 1 51
1 1 1 1 1 73
1 1 1 1 1 62
2 2 2 1 1 30
2 1 2 1 1 58
2 1 2 1 1 50
1 1 1 1 1 58
3 1 1 6 1 58
1 1 2 1 1 55
1 2 2 1 1 25
1 1 1 1 1 27
2 2 1 2 1 57
3 1 1 2 1 71
1 1 2 1 1 59
1 1 1 1 1 61
1 1 1 1 1 57
1 1 1 1 1 64
2 1 2 1 1 50
3 1 1 1 1 42
2 1 1 1 1 64
2 2 1 1 1 43
2 1 1 1 2 41
1 1 1 1 1 46
3 1 2 1 1 36
2 1 1 2 1 36
2 1 1 1 1 57
1 1 1 1 1 83
1 1 1 2 1 63
2 2 2 1 1 26
1 1 1 1 2 64
2 2 2 1 1 60
2 2 2 1 1 28
1 1 1 1 1 68
1 1 2 1 1 65
1 1 1 1 1 63
2 1 1 1 1 40
2 1 2 2 1 62
3 2 2 1 5 53
3 1 1 1 1 44
2 1 2 1 1 55
3 1 2 1 1 37
1 1 2 1 1 58
1 1 1 1 1 61
1 1 2 1 1 54
2 1 1 1 1 54
1 1 2 1 1 42
1 1 1 1 1 64
2 1 1 1 1 88
1 1 2 1 1 67
3 1 1 1 1 66
1 1 1 1 1 75
1 1 2 1 1 31
1 1 1 1 1 64
2 2 1 1 1 31
2 2 1 1 1 25
1 1 2 8 1 78
3 2 2 1 5 55
2 1 2 1 1 53
1 2 2 9 5 24
3 1 1 8 1 73
1 1 1 1 1 61
1 1 2 1 1 71
3 1 2 1 1 53
2 2 1 7 2 35
1 1 2 1 1 49
2 1 2 1 1 54
2 1 2 1 1 23
2 1 1 1 1 55
1 1 2 1 1 60
1 1 1 1 1 54
2 1 1 3 1 82
1 1 1 1 1 70
1 1 2 1 2 47
1 1 1 1 1 58
2 2 1 2 1 70
1 1 1 1 1 84
1 1 2 1 1 46
1 1 2 1 1 64
1 1 1 1 1 80
2 2 2 7 2 30
1 1 1 1 1 55
1 1 2 1 1 55
1 1 1 1 1 53
2 1 1 1 1 74
3 1 1 1 1 38
1 2 1 1 1 53
1 1 2 1 1 24
2 1 1 1 1 63
3 2 2 1 1 40
1 1 1 1 1 94
1 1 2 1 1 70
2 1 1 1 1 62
2 2 2 2 1 24
1 1 2 1 1 59
1 1 1 1 1 31
2 1 1 1 1 51
1 1 2 1 1 49
2 1 1 2 1 45
1 1 1 1 1 50
1 2 2 1 1 60
1 1 1 1 1 54
2 1 1 1 1 64
2 1 1 2 1 65
2 1 1 1 1 54
1 1 1 6 1 35
3 1 2 1 1 43
1 1 1 1 1 42
2 1 1 1 1 68
1 1 1 1 1 56
1 1 1 1 1 68
2 1 1 1 1 42
1 1 1 1 1 62
2 2 1 2 1 34
2 2 2 2 1 44
2 1 2 1 5 54
1 2 2 2 1 26
2 2 2 2 1 34
3 1 2 1 1 48
2 1 2 1 1 41
1 1 1 1 1 29
3 1 1 1 2 49
1 1 2 6 1 62
1 1 1 1 1 57
1 1 1 8 1 46
1 1 1 3 1 60
1 1 1 1 1 58
2 1 1 1 1 80
2 1 2 1 1 29
3 1 1 2 1 76
3 2 2 1 1 68
2 2 2 1 1 24
1 1 1 1 1 50
2 1 1 1 1 55
3 1 2 1 1 44
1 1 1 1 1 63
1 2 2 3 1 38
1 1 2 8 1 60
1 1 1 1 1 67
1 1 1 1 1 71
3 1 1 1 1 27
1 1 1 1 1 58
2 1 1 5 1 74
3 2 2 2 1 57
1 1 1 1 1 58
1 1 2 7 2 53
1 1 1 1 1 78
3 1 2 3 1 61
1 1 1 2 1 68
3 2 2 1 2 51
1 1 1 1 1 69
3 1 2 1 1 51
3 2 2 1 1 29
1 1 1 1 1 64
2 1 2 1 1 53
2 2 2 2 1 36
1 1 1 1 1 71
1 1 2 1 1 68
1 1 2 1 1 61
1 1 2 1 1 46
1 1 2 1 1 77
1 2 2 1 1 33
1 2 1 6 1 43
3 1 1 1 5 38
3 1 1 7 2 39
2 1 2 1 1 55
2 1 1 1 1 41
2 2 1 1 1 66
2 1 2 1 1 32
1 1 2 1 1 54
1 1 2 1 1 70
1 2 2 2 3 25
2 1 1 1 1 68
1 2 2 1 1 25
2 1 1 4 1 35
1 1 2 1 1 74
1 1 1 1 1 79
2 1 1 1 1 51
1 1 1 1 1 31
1 2 1 1 5 59
1 1 2 1 1 46
3 1 2 1 1 48
1 1 2 1 1 52
1 2 1 1 1 34
2 1 2 1 1 54
3 1 1 1 2 50
3 1 2 1 1 35
1 2 2 1 1 86
2 1 1 1 1 64
2 2 1 1 1 23
1 1 1 1 1 63
1 1 1 1 1 62
2 1 1 1 1 51
1 1 1 1 1 90
1 2 2 1 1 40
1 2 2 1 1 36
1 2 1 1 1 45
1 1 1 1 1 66
2 1 2 2 1 83
3 2 2 8 1 42
1 1 1 1 1 50
1 1 1 1 1 52
1 1 1 1 1 67
1 2 2 2 1 33
1 1 1 1 1 66
3 1 1 1 1 49
1 1 1 1 1 68
1 1 2 1 1 59
1 2 1 2 1 60
1 1 2 1 1 74
2 2 2 2 1 34
2 1 2 1 1 52
1 1 1 1 1 67
1 1 1 1 1 65
1 1 1 1 1 85
2 2 1 1 1 22
1 1 1 1 1 51
1 1 2 1 1 65
1 2 1 1 1 41
3 1 1 1 1 56
1 2 2 1 1 36
1 2 2 1 1 33
1 1 1 1 1 57
1 1 1 1 1 66
2 1 1 8 1 64
1 2 1 6 1 22
2 2 2 1 1 26
3 1 1 1 1 42
1 2 1 1 1 69
2 1 2 1 1 38
2 1 1 2 1 72
3 1 2 6 1 55
2 1 2 1 1 31
1 1 1 1 1 59
1 1 1 1 1 57
1 1 1 1 1 57
1 1 1 1 1 62
2 2 1 4 1 26
2 1 1 1 1 61
1 2 1 1 1 21
3 2 1 1 1 39
3 1 1 1 1 42
1 1 1 1 1 66
1 1 2 1 1 55
1 1 2 1 1 80
1 2 2 1 1 55
1 2 1 1 2 49
1 2 1 1 1 62
2 1 2 8 1 46
2 2 2 1 1 30
2 1 1 1 1 28
2 1 1 1 2 54
1 2 1 1 1 33
2 1 1 1 1 45
1 2 1 3 1 23
3 1 1 1 1 57
1 1 1 1 1 73
2 1 2 1 1 54
1 1 1 1 1 73
3 1 2 1 1 40
2 1 1 1 1 25
3 1 2 1 1 30
1 1 2 1 1 50
1 1 2 1 2 95
3 1 1 1 1 41
1 2 2 1 1 27
1 1 1 1 1 89
1 2 2 1 1 79
1 1 1 1 1 77
1 1 2 1 1 70
1 1 1 1 1 56
3 1 2 1 1 54
1 1 1 1 1 69
1 1 1 1 1 72
1 1 1 1 1 74
2 1 2 1 1 45
2 1 2 1 1 51
1 2 1 1 1 45
1 1 1 1 1 54
1 1 1 1 1 63
1 1 1 1 1 86
1 1 1 1 1 45
1 2 1 1 1 57
1 2 1 1 1 60
1 1 1 1 1 64
1 2 1 1 1 73
1 1 2 1 1 64
1 1 1 1 1 76
3 1 1 1 1 57
2 1 1 1 1 41
3 2 2 6 1 40
1 1 1 2 1 71
1 1 1 1 1 83
1 1 1 1 1 69
1 1 1 1 1 69
1 2 1 1 1 64
1 1 2 1 1 59
1 1 2 1 1 68
1 1 1 1 1 62
1 1 2 1 1 74
1 1 1 1 1 77
1 2 1 1 1 48
1 1 2 2 1 36
1 1 1 4 1 68
1 1 1 1 1 73
1 1 2 1 1 72
1 1 1 1 1 60
1 1 1 1 1 76
2 1 2 1 1 46
1 1 1 1 1 66
1 1 1 1 1 34
2 1 2 1 1 29
1 1 2 1 1 49
1 1 2 1 1 53
2 2 2 2 1 37
3 1 1 1 1 49
2 2 1 1 1 33
3 1 1 1 1 47
3 1 1 1 1 57
2 1 1 1 1 43
2 1 1 1 1 30
3 1 1 1 1 34
1 1 2 1 1 32
2 1 2 1 1 54
3 2 2 1 5 40
2 1 1 1 1 51
1 1 1 1 1 52
1 1 1 1 1 68
1 1 2 1 1 77
2 1 1 1 1 49
1 1 1 1 1 57
1 1 1 1 1 82
1 1 1 1 1 80
1 1 1 1 1 24
2 1 1 8 1 38
2 1 1 1 1 54
2 2 2 1 2 27
2 1 2 1 1 50
2 1 2 1 1 51
1 1 2 1 2 65
2 1 1 1 1 34
1 1 2 3 1 56
1 1 1 1 1 72
1 1 2 1 1 56
1 1 2 1 1 79
2 1 1 1 1 73
1 1 1 1 1 65
1 1 1 4 1 53
1 1 1 1 1 33
2 1 1 1 1 59
1 1 1 1 1 88
1 1 2 1 1 55
2 2 2 2 1 45
1 1 2 2 5 55
1 1 2 1 1 50
1 1 2 1 1 76
2 1 2 1 2 63
1 1 1 1 1 60
3 2 2 1 1 34
1 1 1 1 1 77
1 1 1 1 1 51
1 2 2 6 1 23
1 2 1 1 1 24
2 2 1 1 1 20
3 1 1 1 1 46
1 1 1 1 1 35
1 2 1 1 1 62
1 2 2 8 1 35
3 2 1 7 2 65
1 2 1 1 1 28
1 1 1 1 1 63
2 1 2 1 1 44
2 2 2 7 2 22
1 1 2 1 1 66
2 1 1 1 1 55
3 1 1 1 1 42
1 1 1 1 1 74
1 1 1 1 1 42
1 2 2 1 1 28
1 1 2 1 1 64
2 1 1 6 1 34
1 2 2 2 1 45
2 2 2 2 1 33
1 1 1 1 1 80
1 1 2 1 1 52
2 1 2 1 1 30
2 2 2 1 1 28
1 1 2 1 1 39
3 1 1 1 1 48
1 2 2 1 5 35
1 1 2 1 1 54
1 1 1 1 1 67
2 1 2 2 1 47
3 1 1 1 1 55
1 1 1 1 1 27
1 1 1 1 1 75
1 1 1 1 3 94
1 1 1 1 1 66
1 1 2 1 1 77
1 1 1 1 1 55
2 1 1 1 1 73
1 1 1 1 1 39
1 1 2 1 1 86
1 1 1 1 1 67
1 1 2 1 1 82
3 2 2 2 1 31
1 1 2 1 1 43
1 2 2 7 2 76
1 2 2 1 1 64
3 2 2 1 1 36
2 1 1 1 1 47
1 1 1 1 1 33
3 2 1 1 1 21
2 1 2 1 1 51
2 2 2 6 1 41
1 1 2 1 1 45
1 1 1 1 1 57
1 1 2 1 1 51
1 1 2 1 1 75
2 1 1 7 2 59
3 1 2 6 1 34
1 1 1 1 5 43
3 1 1 1 1 50
1 1 1 1 1 55
1 1 2 1 1 60
2 2 2 1 1 28
2 2 2 1 1 46
2 1 1 1 1 50
1 2 2 3 2 22
1 1 1 1 2 41
3 2 2 1 1 25
1 1 2 1 1 62
2 1 1 1 1 53
1 2 2 1 1 29
1 1 2 1 1 66
2 1 1 1 1 60
1 2 1 2 1 55
1 2 2 2 1 76
1 1 2 2 1 44
1 1 2 1 1 64
1 2 1 1 1 24
1 1 1 1 1 52
1 2 1 1 1 61
2 1 1 1 1 54
2 1 1 1 1 48
3 1 2 1 1 46
1 1 2 1 1 65
2 1 1 1 1 60
2 1 2 1 1 59
1 1 1 1 1 74
2 2 1 2 1 59
3 1 1 1 1 61
3 1 1 1 1 48
1 1 1 1 1 28
3 1 1 1 1 41
2 1 1 1 1 38
1 1 2 1 1 57
1 2 1 1 1 24
1 1 1 1 1 56
2 2 2 2 1 24
1 1 2 2 1 55
1 2 1 1 1 65
3 2 1 1 1 51
2 1 1 1 1 28
2 1 2 1 1 43
1 1 1 1 1 57
1 2 2 1 3 23
3 1 2 7 2 37
1 2 1 3 1 20
1 1 1 1 1 74
1 1 1 1 2 30
3 1 2 1 1 49
1 1 2 1 5 86
1 1 1 1 1 88
1 1 1 1 1 77
2 1 1 1 1 35
1 1 1 1 1 72
1 1 2 1 1 68
3 1 1 1 1 60
1 1 1 1 1 57
3 1 1 1 1 53
3 1 1 1 1 29
1 2 2 1 1 48
3 1 2 1 1 46
3 2 1 8 1 46
2 1 2 1 1 50
1 1 2 1 1 41
1 1 1 1 1 30
1 1 1 1 1 58
3 1 2 1 1 37
2 1 2 1 1 45
1 1 2 1 1 51
3 1 2 1 1 49
2 2 2 2 1 57
2 1 2 1 1 68
1 1 1 1 1 61
2 1 1 1 1 59
3 1 1 1 1 48
2 1 1 1 1 63
3 1 1 1 1 63
3 1 1 2 1 62
2 1 2 2 1 58
1 1 2 1 1 65
3 1 1 1 1 36
1 1 2 1 1 56
1 2 1 1 1 46
3 1 1 1 1 52
1 2 2 1 1 66
1 1 1 1 5 49
1 1 1 1 1 71
1 2 1 1 1 53
1 1 2 1 1 56
2 1 1 1 1 55
