"HHIndex" "WithinHHIndex" "Gender" "Race" "Hisp" "Age" "Relate" "Owner" "HHGender" "HHRace" "HHHisp" "HHAge" "HHRelate"
1 2 1 1 1 86 2 1 2 1 1 84 1
2 2 1 1 1 55 2 1 2 1 1 55 1
3 2 1 1 1 29 2 2 2 1 1 29 1
4 2 2 1 1 30 2 1 1 1 1 30 1
4 3 1 1 1 4 3 1 1 1 1 30 1
4 4 2 1 1 9 3 1 1 1 1 30 1
5 2 2 1 1 61 2 1 1 1 1 62 1
6 2 2 7 5 29 2 2 1 7 5 41 1
7 2 1 3 1 26 10 2 2 3 1 58 1
8 2 1 1 2 31 11 1 1 1 1 29 1
9 2 2 2 1 47 2 1 1 2 1 50 1
9 3 1 2 1 25 3 1 1 2 1 50 1
9 4 2 2 1 64 6 1 1 2 1 50 1
10 2 1 1 1 60 2 1 2 1 1 48 1
10 3 2 1 1 17 3 1 2 1 1 48 1
10 4 2 1 1 85 6 1 2 1 1 48 1
11 2 2 1 1 56 2 1 1 1 1 57 1
12 2 1 1 4 30 2 1 2 1 1 31 1
12 3 2 1 4 1 3 1 2 1 1 31 1
13 2 2 1 1 43 2 1 1 1 1 43 1
13 3 1 1 1 3 3 1 1 1 1 43 1
14 2 2 1 1 68 2 1 1 1 1 75 1
15 2 1 2 1 18 9 1 2 2 1 60 1
16 2 1 2 1 19 3 2 2 2 1 40 1
17 2 2 4 1 71 2 1 1 4 1 71 1
18 2 1 1 1 46 2 1 2 1 1 46 1
19 2 2 1 1 78 2 1 1 1 1 80 1
19 3 1 1 1 78 10 1 1 1 1 80 1
20 2 2 1 5 18 3 2 1 1 4 31 1
20 3 2 1 5 43 11 2 1 1 4 31 1
21 2 2 1 1 78 2 1 1 1 1 81 1
22 2 2 1 1 85 7 1 2 1 1 87 1
23 2 1 2 1 21 9 2 2 2 1 74 1
24 2 1 1 1 43 2 2 2 1 1 31 1
24 3 2 1 1 2 3 2 2 1 1 31 1
25 2 2 1 1 61 2 1 1 1 1 59 1
26 2 2 1 1 42 10 1 2 1 1 62 1
27 2 2 6 1 50 2 1 1 1 1 46 1
27 3 1 8 1 9 3 1 1 1 1 46 1
28 2 2 2 1 33 2 2 1 7 1 36 1
28 3 2 2 1 11 3 2 1 7 1 36 1
29 2 1 2 1 65 2 1 2 2 1 54 1
30 2 1 1 1 54 2 1 2 1 1 50 1
30 3 1 1 1 3 9 1 2 1 1 50 1
31 2 2 1 1 79 2 1 1 1 1 81 1
32 2 1 1 3 10 3 2 2 1 1 31 1
32 3 2 1 3 6 3 2 2 1 1 31 1
33 2 2 4 1 27 11 2 1 4 1 27 1
34 2 1 1 1 24 3 1 2 1 1 52 1
35 2 2 4 1 60 2 1 1 4 1 62 1
36 2 1 1 1 62 3 1 2 1 1 80 1
36 3 2 1 1 58 4 1 2 1 1 80 1
37 2 1 1 1 52 2 1 2 1 1 48 1
37 3 1 1 1 22 3 1 2 1 1 48 1
37 4 2 1 1 18 3 1 2 1 1 48 1
38 2 1 1 2 41 3 1 2 1 1 65 1
39 2 2 1 1 10 3 1 2 1 1 50 1
40 2 2 1 1 71 2 1 1 1 1 72 1
41 2 2 1 1 40 2 1 1 1 1 52 1
41 3 2 1 1 17 3 1 1 1 1 52 1
41 4 1 1 1 12 3 1 1 1 1 52 1
42 2 2 1 1 32 2 2 1 1 1 35 1
42 3 1 1 1 5 3 2 1 1 1 35 1
42 4 1 1 1 2 3 2 1 1 1 35 1
43 2 2 1 1 48 2 1 1 1 2 48 1
43 3 2 1 1 16 3 1 1 1 2 48 1
44 2 2 1 1 35 11 2 1 1 1 40 1
45 2 1 6 1 31 7 1 1 6 1 29 1
46 2 2 2 1 53 2 1 1 2 1 51 1
46 3 1 2 1 20 3 1 1 2 1 51 1
46 4 1 2 1 21 3 1 1 2 1 51 1
47 2 2 1 1 25 2 2 1 1 1 26 1
48 2 1 1 1 55 10 1 2 1 1 77 1
48 3 1 1 1 13 10 1 2 1 1 77 1
49 2 2 1 1 32 2 2 1 2 1 38 1
49 3 1 8 1 4 3 2 1 2 1 38 1
49 4 1 8 1 2 3 2 1 2 1 38 1
50 2 2 1 1 33 2 1 1 1 1 34 1
50 3 1 1 1 3 3 1 1 1 1 34 1
51 2 2 6 1 32 2 2 1 1 1 34 1
51 3 2 6 1 62 5 2 1 1 1 34 1
52 2 2 1 1 62 2 1 1 1 1 67 1
52 3 2 1 1 22 3 1 1 1 1 67 1
52 4 1 1 1 22 3 1 1 1 1 67 1
53 2 2 1 1 50 2 1 1 1 1 57 1
54 2 2 2 1 48 2 2 1 2 1 48 1
54 3 1 2 1 23 3 2 1 2 1 48 1
54 4 1 2 1 4 9 2 1 2 1 48 1
55 2 2 4 1 33 2 1 1 4 1 34 1
55 3 1 4 1 4 3 1 1 4 1 34 1
55 4 1 4 1 2 3 1 1 4 1 34 1
56 2 2 1 1 24 2 2 1 1 1 29 1
57 2 1 1 1 16 3 1 2 1 1 42 1
57 3 2 1 1 15 3 1 2 1 1 42 1
58 2 2 1 1 72 2 1 1 1 1 77 1
59 2 2 1 1 56 2 1 1 1 1 56 1
59 3 2 1 1 29 3 1 1 1 1 56 1
60 2 2 1 3 67 2 2 1 1 3 70 1
61 2 2 1 1 71 2 1 1 1 1 73 1
62 2 2 2 1 62 2 2 1 2 1 53 1
63 2 2 1 1 46 2 2 1 1 1 20 1
63 3 2 1 1 10 10 2 1 1 1 20 1
63 4 2 1 1 13 12 2 1 1 1 20 1
64 2 2 1 1 42 2 1 1 1 1 50 1
64 3 2 1 1 18 3 1 1 1 1 50 1
64 4 1 1 1 14 3 1 1 1 1 50 1
65 2 2 1 1 65 2 1 1 1 1 67 1
66 2 1 2 1 35 3 2 2 2 1 62 1
66 3 2 2 1 76 7 2 2 2 1 62 1
66 4 1 2 1 61 7 2 2 2 1 62 1
67 2 1 1 1 58 11 1 2 1 1 52 1
68 2 2 1 5 19 3 2 1 1 1 54 1
69 2 2 1 1 16 3 1 2 1 1 42 1
69 3 1 1 1 48 11 1 2 1 1 42 1
70 2 1 1 1 49 11 2 1 1 1 66 1
71 2 2 1 1 56 2 1 1 1 1 58 1
72 2 2 1 1 72 2 1 1 1 5 75 1
73 2 1 2 1 12 3 2 2 2 1 33 1
73 3 1 2 1 6 3 2 2 2 1 33 1
73 4 2 2 1 2 3 2 2 2 1 33 1
74 2 2 1 1 32 2 2 1 1 1 35 1
74 3 1 1 1 12 3 2 1 1 1 35 1
74 4 2 1 1 11 3 2 1 1 1 35 1
75 2 1 1 1 53 2 1 2 1 1 51 1
75 3 1 1 1 21 3 1 2 1 1 51 1
76 2 1 1 1 59 2 1 2 1 1 57 1
77 2 1 1 1 82 2 1 2 1 1 81 1
78 2 2 1 1 63 2 1 1 1 1 61 1
79 2 2 1 1 66 2 1 1 1 1 66 1
80 2 2 1 1 34 2 1 1 1 1 33 1
80 3 2 1 1 5 3 1 1 1 1 33 1
80 4 2 1 1 2 3 1 1 1 1 33 1
81 2 2 1 1 28 3 1 1 1 1 55 1
81 3 2 1 1 4 9 1 1 1 1 55 1
81 4 1 1 1 3 9 1 1 1 1 55 1
82 2 1 1 1 56 2 1 2 1 1 48 1
83 2 2 1 1 49 2 1 1 1 1 51 1
83 3 1 1 1 18 3 1 1 1 1 51 1
83 4 1 1 1 14 3 1 1 1 1 51 1
84 2 2 1 1 53 2 1 1 1 1 73 1
85 2 1 1 1 26 2 1 2 1 1 27 1
86 2 2 1 1 81 2 1 1 1 1 85 1
87 2 2 8 1 15 3 2 2 1 1 36 1
87 3 1 8 1 3 3 2 2 1 1 36 1
88 2 2 1 1 44 2 1 1 1 1 43 1
88 3 2 1 1 18 3 1 1 1 1 43 1
89 2 2 7 5 34 2 2 1 7 5 38 1
89 3 2 7 5 2 3 2 1 7 5 38 1
90 2 1 1 1 61 2 1 2 1 1 43 1
91 2 2 1 1 61 2 1 1 1 1 69 1
92 2 2 1 1 45 2 2 1 1 1 55 1
92 3 1 1 1 19 3 2 1 1 1 55 1
93 2 1 2 1 24 2 1 2 2 1 24 1
94 2 2 6 1 61 2 1 1 6 1 63 1
94 3 1 6 1 29 3 1 1 6 1 63 1
94 4 2 6 1 26 3 1 1 6 1 63 1
95 2 2 1 1 77 2 1 1 1 1 72 1
96 2 2 1 2 66 10 1 1 1 2 42 1
97 2 2 1 1 49 2 1 1 1 1 54 1
98 2 2 1 1 60 2 1 1 1 1 75 1
98 3 2 1 1 28 3 1 1 1 1 75 1
98 4 1 1 4 41 12 1 1 1 1 75 1
99 2 2 1 1 50 2 1 1 1 1 53 1
99 3 2 1 1 20 3 1 1 1 1 53 1
99 4 1 1 1 16 3 1 1 1 1 53 1
100 2 2 1 1 27 11 1 1 1 1 27 1
101 2 1 1 1 18 3 2 2 1 1 46 1
102 2 1 1 1 38 2 1 2 1 1 40 1
102 3 1 1 1 9 3 1 2 1 1 40 1
102 4 2 1 1 6 3 1 2 1 1 40 1
103 2 2 1 1 53 11 1 1 1 1 50 1
104 2 2 1 1 78 2 1 1 1 1 77 1
104 3 2 1 1 47 3 1 1 1 1 77 1
105 2 1 2 1 72 3 1 2 2 1 88 1
106 2 2 2 1 19 3 1 2 2 1 41 1
107 2 1 1 2 66 2 1 2 1 2 76 1
108 2 2 1 1 62 11 1 2 1 1 68 1
109 2 2 1 1 27 2 1 1 1 1 44 1
109 3 1 1 1 18 3 1 1 1 1 44 1
110 2 2 1 1 66 2 1 1 1 1 71 1
111 2 1 1 1 42 2 1 2 1 1 37 1
111 3 1 1 1 10 3 1 2 1 1 37 1
112 2 2 1 1 56 2 1 1 1 1 77 1
112 3 1 1 1 9 3 1 1 1 1 77 1
113 2 2 1 1 72 2 2 1 1 1 72 1
114 2 2 1 1 81 2 1 1 1 1 84 1
115 2 1 1 1 11 3 1 2 1 1 51 1
115 3 2 1 1 11 3 1 2 1 1 51 1
116 2 2 1 1 71 2 1 1 1 1 71 1
117 2 1 1 3 33 3 2 2 1 3 59 1
118 2 2 1 1 77 2 1 1 1 1 78 1
119 2 2 1 1 48 2 1 1 1 1 48 1
120 2 2 1 1 43 2 1 1 1 1 41 1
120 3 1 1 1 14 3 1 1 1 1 41 1
120 4 2 1 1 10 3 1 1 1 1 41 1
121 2 1 1 1 60 2 1 2 1 1 45 1
121 3 2 1 1 17 3 1 2 1 1 45 1
121 4 1 1 1 14 10 1 2 1 1 45 1
122 2 2 1 1 66 2 1 1 1 1 72 1
123 2 2 2 1 20 10 2 2 2 1 52 1
124 2 1 1 1 34 2 1 2 1 1 33 1
124 3 1 1 1 9 3 1 2 1 1 33 1
124 4 1 1 1 6 3 1 2 1 1 33 1
125 2 1 1 1 18 3 1 1 1 1 63 1
126 2 2 1 1 36 2 2 1 1 2 43 1
126 3 2 1 2 9 3 2 1 1 2 43 1
126 4 1 1 2 6 3 2 1 1 2 43 1
127 2 1 2 1 26 3 2 2 2 1 51 1
127 3 2 2 1 23 3 2 2 2 1 51 1
127 4 2 1 1 22 4 2 2 2 1 51 1
128 2 2 1 1 77 2 1 1 1 1 78 1
129 2 2 9 2 32 2 1 1 1 5 43 1
130 2 2 2 1 12 3 2 2 2 1 43 1
131 2 1 1 1 28 2 2 2 1 1 32 1
132 2 2 4 1 53 2 1 1 4 1 59 1
132 3 1 4 1 29 3 1 1 4 1 59 1
132 4 2 4 1 18 3 1 1 4 1 59 1
133 2 2 1 1 56 11 1 1 1 1 53 1
134 2 2 2 1 23 9 2 2 2 1 68 1
134 3 2 2 1 2 9 2 2 2 1 68 1
135 2 2 2 1 49 2 1 1 2 1 56 1
135 3 2 2 1 17 3 1 1 2 1 56 1
136 2 1 2 1 38 3 1 1 2 1 62 1
136 3 1 2 1 27 3 1 1 2 1 62 1
137 2 1 2 1 60 2 1 2 1 1 55 1
137 3 1 2 1 7 9 1 2 1 1 55 1
138 2 2 1 1 36 2 1 1 1 1 32 1
138 3 1 1 1 17 3 1 1 1 1 32 1
139 2 2 1 1 66 2 1 1 1 1 74 1
140 2 1 1 1 17 3 1 2 1 1 58 1
141 2 2 1 1 65 3 1 2 1 1 86 1
142 2 2 1 1 8 3 1 1 1 1 31 1
143 2 2 1 1 68 2 1 1 1 1 66 1
144 2 2 1 3 63 3 1 2 1 3 85 1
144 3 1 1 3 37 9 1 2 1 3 85 1
144 4 2 1 3 34 9 1 2 1 3 85 1
145 2 2 1 1 3 3 1 2 1 1 24 1
145 3 1 1 1 26 11 1 2 1 1 24 1
146 2 1 1 1 17 3 1 2 1 1 62 1
146 3 2 1 1 13 3 1 2 1 1 62 1
146 4 1 1 1 11 9 1 2 1 1 62 1
147 2 1 1 1 33 2 1 2 8 1 36 1
147 3 2 8 1 14 3 1 2 8 1 36 1
147 4 1 8 1 3 3 1 2 8 1 36 1
148 2 2 6 1 9 3 1 1 6 1 34 1
148 3 2 6 1 56 5 1 1 6 1 34 1
148 4 2 6 1 12 10 1 1 6 1 34 1
149 2 1 3 1 3 3 2 2 3 1 24 1
149 3 1 3 1 28 11 2 2 3 1 24 1
150 2 1 1 2 32 2 1 2 9 1 29 1
150 3 2 9 2 5 3 1 2 9 1 29 1
150 4 1 9 2 4 3 1 2 9 1 29 1
151 2 1 8 2 7 3 2 2 1 1 29 1
151 3 1 8 2 5 3 2 2 1 1 29 1
152 2 2 1 1 69 2 1 1 1 1 64 1
153 2 2 1 1 56 2 1 1 1 1 53 1
153 3 2 1 1 19 3 1 1 1 1 53 1
154 2 2 1 1 71 2 1 1 1 1 74 1
154 3 2 1 1 47 3 1 1 1 1 74 1
154 4 2 1 1 34 3 1 1 1 1 74 1
155 2 2 1 1 51 11 1 1 1 1 55 1
156 2 2 1 1 80 2 1 1 1 1 83 1
157 2 2 1 1 9 7 2 1 1 1 28 1
157 3 2 1 1 47 5 2 1 1 1 28 1
158 2 1 1 1 71 2 1 2 1 1 71 1
159 2 1 2 1 17 3 2 2 2 1 39 1
159 3 2 2 1 11 3 2 2 2 1 39 1
160 2 2 1 1 37 2 2 1 1 1 38 1
160 3 1 1 1 10 3 2 1 1 1 38 1
161 2 2 1 1 56 2 1 1 1 1 58 1
162 2 1 1 1 54 2 2 2 1 1 52 1
162 3 1 1 1 16 3 2 2 1 1 52 1
162 4 2 1 1 14 3 2 2 1 1 52 1
163 2 1 1 1 67 11 1 2 1 1 58 1
164 2 1 1 1 60 2 1 2 1 1 59 1
164 3 1 1 1 28 3 1 2 1 1 59 1
165 2 1 1 1 86 11 1 1 1 1 82 1
166 2 1 7 3 43 3 2 2 7 3 69 1
167 2 2 1 1 53 2 1 1 1 1 48 1
168 2 2 1 1 61 2 1 1 1 1 57 1
168 3 1 1 1 24 3 1 1 1 1 57 1
169 2 2 2 1 19 3 1 1 2 1 45 1
169 3 2 2 1 64 5 1 1 2 1 45 1
170 2 1 1 1 30 2 1 2 1 1 29 1
171 2 1 1 1 73 2 1 2 1 1 73 1
172 2 2 1 1 24 2 2 1 1 1 30 1
173 2 2 1 1 70 2 1 1 1 1 74 1
174 2 2 1 1 57 2 1 1 1 1 63 1
175 2 2 1 1 54 2 1 1 1 1 54 1
176 2 2 1 1 45 2 1 1 1 1 42 1
176 3 1 1 1 10 3 1 1 1 1 42 1
177 2 1 3 1 1 3 2 2 3 1 22 1
177 3 1 3 1 27 12 2 2 3 1 22 1
178 2 1 1 1 52 2 1 2 1 1 50 1
178 3 1 1 2 27 3 1 2 1 1 50 1
178 4 2 1 1 23 3 1 2 1 1 50 1
179 2 2 1 1 55 2 1 1 1 1 56 1
180 2 2 1 1 61 2 1 1 1 1 61 1
181 2 2 2 1 29 3 1 2 2 1 56 1
181 3 1 2 1 6 9 1 2 2 1 56 1
182 2 2 2 1 64 2 1 1 2 1 66 1
182 3 1 2 1 38 3 1 1 2 1 66 1
183 2 1 2 1 12 3 2 2 2 1 42 1
183 3 1 2 1 6 3 2 2 2 1 42 1
184 2 2 1 1 65 2 1 1 1 1 67 1
185 2 2 1 1 57 2 1 1 1 1 53 1
185 3 1 1 1 27 3 1 1 1 1 53 1
185 4 2 1 1 23 3 1 1 1 1 53 1
186 2 1 1 1 48 2 1 2 1 1 42 1
186 3 2 1 1 10 3 1 2 1 1 42 1
187 2 2 1 1 68 2 1 1 1 1 66 1
188 2 1 1 1 15 3 2 2 1 1 37 1
188 3 1 1 1 11 3 2 2 1 1 37 1
189 2 2 1 1 65 2 1 1 1 1 67 1
190 2 2 1 1 56 2 1 1 1 1 61 1
190 3 1 1 1 30 3 1 1 1 1 61 1
191 2 1 1 1 65 2 1 2 1 1 64 1
192 2 1 1 1 35 3 2 2 1 1 54 1
192 3 1 1 1 48 11 2 2 1 1 54 1
193 2 2 1 1 37 2 1 1 1 1 31 1
193 3 1 1 1 2 3 1 1 1 1 31 1
194 2 2 1 1 41 2 1 1 1 1 42 1
194 3 2 1 1 23 3 1 1 1 1 42 1
194 4 1 1 1 20 3 1 1 1 1 42 1
195 2 2 1 1 69 2 1 1 1 1 71 1
196 2 2 1 2 43 2 1 1 1 5 43 1
196 3 2 1 5 19 3 1 1 1 5 43 1
196 4 2 1 5 17 3 1 1 1 5 43 1
197 2 1 2 1 36 2 1 2 2 1 34 1
197 3 1 2 1 13 3 1 2 2 1 34 1
197 4 2 2 1 11 3 1 2 2 1 34 1
198 2 2 1 1 68 2 1 1 1 1 64 1
199 2 2 1 1 44 2 1 1 1 1 46 1
199 3 2 1 1 10 3 1 1 1 1 46 1
199 4 1 1 1 8 3 1 1 1 1 46 1
200 2 1 1 1 9 3 1 2 1 4 40 1
200 3 1 1 4 67 5 1 2 1 4 40 1
200 4 2 1 4 66 5 1 2 1 4 40 1
201 2 2 1 1 45 2 1 1 1 1 49 1
201 3 1 1 1 20 3 1 1 1 1 49 1
201 4 2 1 1 18 3 1 1 1 1 49 1
202 2 1 1 1 55 2 1 2 1 1 52 1
202 3 1 1 1 26 3 1 2 1 1 52 1
202 4 2 1 1 23 3 1 2 1 1 52 1
203 2 2 1 1 64 2 1 1 1 1 73 1
204 2 1 1 1 46 7 1 2 1 1 63 1
204 3 2 1 1 89 5 1 2 1 1 63 1
205 2 1 1 1 51 11 1 1 1 1 64 1
206 2 2 2 1 27 3 1 2 2 1 61 1
207 2 2 1 1 53 11 1 1 1 1 53 1
208 2 1 2 1 45 2 1 2 2 1 44 1
209 2 2 5 3 30 2 2 1 8 1 32 1
209 3 1 8 3 3 3 2 1 8 1 32 1
210 2 2 1 1 66 2 1 1 1 1 68 1
210 3 2 1 2 16 9 1 1 1 1 68 1
211 2 1 1 1 63 2 1 2 1 1 60 1
212 2 2 1 1 48 2 1 1 1 1 52 1
212 3 1 1 1 18 3 1 1 1 1 52 1
212 4 1 1 1 15 3 1 1 1 1 52 1
213 2 2 2 1 53 2 1 1 2 1 71 1
214 2 2 1 1 63 2 1 1 1 1 64 1
215 2 1 1 1 50 2 1 2 1 1 49 1
215 3 1 1 1 15 3 1 2 1 1 49 1
215 4 1 1 1 13 3 1 2 1 1 49 1
216 2 2 1 1 54 2 1 1 1 1 65 1
216 3 1 1 1 27 3 1 1 1 1 65 1
217 2 2 1 1 81 5 2 2 1 1 61 1
218 2 2 2 1 58 2 1 1 2 1 63 1
219 2 1 1 1 42 2 1 2 1 1 48 1
220 2 1 1 4 9 3 2 2 1 1 33 1
220 3 2 1 1 5 3 2 2 1 1 33 1
220 4 2 1 1 28 11 2 2 1 1 33 1
221 2 2 1 1 58 2 1 1 1 1 48 1
221 3 1 1 1 5 9 1 1 1 1 48 1
222 2 2 4 1 56 2 1 1 4 1 57 1
222 3 1 4 1 22 3 1 1 4 1 57 1
222 4 2 4 1 80 5 1 1 4 1 57 1
223 2 2 1 1 73 2 1 1 1 1 74 1
224 2 1 7 2 53 11 1 2 7 2 65 1
225 2 1 2 1 47 2 1 2 2 1 47 1
225 3 2 2 1 10 3 1 2 2 1 47 1
226 2 1 1 3 16 3 2 2 1 3 36 1
226 3 2 1 5 10 3 2 2 1 3 36 1
227 2 2 1 5 56 2 1 1 1 1 67 1
227 3 2 2 5 35 3 1 1 1 1 67 1
227 4 2 2 5 8 9 1 1 1 1 67 1
228 2 1 1 3 8 3 1 2 1 3 33 1
228 3 1 1 5 49 7 1 2 1 3 33 1
229 2 2 1 1 66 2 1 1 1 1 69 1
230 2 2 1 1 28 7 1 1 1 1 37 1
230 3 1 1 1 37 11 1 1 1 1 37 1
231 2 1 1 1 28 2 2 2 1 1 30 1
231 3 2 1 1 10 3 2 2 1 1 30 1
232 2 1 1 1 50 2 1 2 1 1 49 1
232 3 1 1 1 27 3 1 2 1 1 49 1
232 4 2 1 1 21 3 1 2 1 1 49 1
233 2 2 1 1 63 2 1 1 1 1 72 1
234 2 2 1 1 53 2 1 1 1 1 53 1
234 3 2 1 1 22 3 1 1 1 1 53 1
234 4 2 1 1 20 3 1 1 1 1 53 1
235 2 2 7 2 28 2 1 1 7 2 40 1
235 3 2 7 2 11 3 1 1 7 2 40 1
235 4 1 7 2 7 3 1 1 7 2 40 1
236 2 1 1 1 51 2 1 2 1 1 50 1
236 3 1 1 1 27 3 1 2 1 1 50 1
236 4 2 1 1 9 3 1 2 1 1 50 1
237 2 2 2 1 51 2 1 1 2 1 55 1
237 3 2 2 1 39 3 1 1 2 1 55 1
237 4 1 2 1 9 9 1 1 2 1 55 1
238 2 2 7 2 69 2 1 1 1 1 63 1
239 2 2 1 1 38 2 1 1 1 1 39 1
239 3 1 1 1 9 3 1 1 1 1 39 1
239 4 2 1 1 7 3 1 1 1 1 39 1
240 2 2 1 1 78 12 1 2 1 1 80 1
241 2 1 1 1 56 2 1 2 1 1 69 1
242 2 2 1 1 22 3 2 2 1 1 45 1
243 2 1 1 1 74 2 1 2 1 1 73 1
244 2 2 1 1 43 11 1 1 1 1 42 1
245 2 2 1 1 17 9 2 2 1 1 79 1
246 2 2 1 1 46 2 1 1 1 1 69 1
247 2 2 1 1 37 2 2 1 1 1 40 1
247 3 2 1 1 11 3 2 1 1 1 40 1
247 4 2 1 1 8 3 2 1 1 1 40 1
248 2 2 1 1 65 2 2 1 1 1 66 1
249 2 2 1 1 63 3 1 1 1 1 86 1
250 2 1 1 1 59 2 1 2 1 1 58 1
251 2 2 1 1 73 2 1 1 1 1 76 1
251 3 1 1 1 58 3 1 1 1 1 76 1
252 2 2 1 1 50 11 1 2 1 1 41 1
253 2 2 1 1 63 2 1 1 8 1 64 1
254 2 1 1 1 11 3 1 1 1 1 37 1
254 3 2 1 1 36 11 1 1 1 1 37 1
255 2 2 8 1 63 2 1 1 1 1 64 1
256 2 2 2 1 20 3 2 2 2 1 48 1
256 3 1 2 1 12 3 2 2 2 1 48 1
257 2 1 1 1 31 2 2 2 1 1 30 1
258 2 2 1 1 79 2 1 1 1 1 81 1
259 2 2 4 1 43 2 1 1 4 1 45 1
259 3 1 4 1 10 3 1 1 4 1 45 1
259 4 2 4 1 6 3 1 1 4 1 45 1
260 2 1 1 1 55 2 1 2 1 1 57 1
261 2 2 1 1 78 2 1 1 1 1 83 1
262 2 1 1 1 46 2 2 2 1 1 45 1
263 2 2 2 1 65 2 1 1 1 1 67 1
264 2 1 1 1 23 11 2 2 1 1 22 1
265 2 2 1 1 56 2 1 1 1 1 57 1
266 2 2 1 1 43 2 1 1 1 1 47 1
267 2 1 1 1 59 2 1 2 1 1 60 1
268 2 2 2 1 44 11 2 1 2 1 43 1
269 2 2 1 1 59 2 1 1 1 1 60 1
270 2 1 2 1 8 3 2 2 2 1 28 1
270 3 1 2 1 6 3 2 2 2 1 28 1
270 4 1 2 1 4 3 2 2 2 1 28 1
271 2 2 2 1 65 2 1 1 2 1 69 1
272 2 2 1 1 83 2 1 1 1 1 87 1
273 2 1 1 1 53 2 1 2 1 1 49 1
273 3 1 1 1 17 3 1 2 1 1 49 1
273 4 1 1 1 13 3 1 2 1 1 49 1
274 2 2 1 1 57 2 1 1 1 1 59 1
274 3 1 1 1 82 6 1 1 1 1 59 1
274 4 2 1 1 79 6 1 1 1 1 59 1
275 2 2 1 2 53 3 1 1 1 2 83 1
276 2 1 1 1 52 2 1 2 1 1 52 1
277 2 1 1 1 9 3 2 2 1 1 31 1
277 3 1 1 1 7 3 2 2 1 1 31 1
278 2 2 1 1 48 2 1 1 1 1 51 1
278 3 1 1 1 19 3 1 1 1 1 51 1
278 4 2 1 1 15 3 1 1 1 1 51 1
279 2 2 1 1 66 2 1 1 1 1 66 1
280 2 2 1 1 58 2 1 1 1 1 63 1
281 2 1 1 1 63 2 1 2 1 1 62 1
282 2 1 1 1 47 11 1 2 1 1 54 1
283 2 2 1 1 56 2 1 1 1 1 56 1
283 3 2 1 1 25 3 1 1 1 1 56 1
283 4 2 1 1 23 3 1 1 1 1 56 1
284 2 2 6 1 48 2 2 1 6 1 49 1
285 2 1 1 1 32 3 1 1 1 1 73 1
286 2 2 1 1 72 2 1 1 1 1 75 1
287 2 2 1 1 39 2 1 1 1 1 44 1
287 3 2 1 1 10 3 1 1 1 1 44 1
287 4 2 1 1 7 3 1 1 1 1 44 1
288 2 1 1 1 24 3 1 2 1 1 56 1
289 2 2 2 1 19 3 2 2 2 1 37 1
289 3 1 2 1 10 3 2 2 2 1 37 1
290 2 2 1 1 11 3 2 2 1 1 31 1
290 3 1 1 1 4 3 2 2 1 1 31 1
291 2 2 1 1 50 2 1 1 1 1 51 1
292 2 2 1 1 50 2 1 1 1 1 44 1
292 3 2 1 1 12 3 1 1 1 1 44 1
292 4 2 1 1 10 3 1 1 1 1 44 1
293 2 1 1 1 41 2 1 2 1 1 45 1
293 3 1 1 1 15 3 1 2 1 1 45 1
293 4 2 1 1 4 3 1 2 1 1 45 1
294 2 2 1 1 49 2 1 1 1 2 53 1
294 3 1 1 2 15 3 1 1 1 2 53 1
294 4 1 1 2 12 3 1 1 1 2 53 1
295 2 1 6 1 29 11 2 2 6 1 27 1
296 2 2 1 1 11 3 1 2 1 1 44 1
297 2 1 1 1 63 2 1 2 1 1 65 1
298 2 2 1 1 65 2 1 1 1 1 68 1
299 2 1 7 5 28 3 2 2 7 5 52 1
299 3 1 7 5 23 3 2 2 7 5 52 1
299 4 1 7 5 53 11 2 2 7 5 52 1
300 2 2 1 1 58 2 1 1 1 1 61 1
300 3 1 1 1 32 3 1 1 1 1 61 1
300 4 1 1 1 29 3 1 1 1 1 61 1
301 2 1 1 1 47 2 1 2 1 1 46 1
302 2 1 1 2 28 3 1 1 1 2 65 1
302 3 1 1 2 22 3 1 1 1 2 65 1
303 2 1 1 1 28 2 1 2 1 1 29 1
304 2 2 1 1 29 2 1 1 1 1 29 1
304 3 2 1 1 9 3 1 1 1 1 29 1
304 4 2 1 1 7 3 1 1 1 1 29 1
305 2 1 1 1 56 2 1 2 1 1 48 1
305 3 2 1 1 20 3 1 2 1 1 48 1
305 4 2 1 1 15 3 1 2 1 1 48 1
306 2 1 1 1 79 11 1 2 1 1 75 1
307 2 1 1 1 47 2 1 2 1 1 50 1
307 3 1 1 1 14 3 1 2 1 1 50 1
308 2 2 2 1 56 3 2 2 2 1 79 1
309 2 2 1 1 62 2 1 1 1 1 63 1
310 2 1 1 2 30 2 1 2 6 1 37 1
310 3 1 6 1 17 3 1 2 6 1 37 1
311 2 2 1 1 36 2 1 1 1 1 35 1
311 3 1 1 1 14 3 1 1 1 1 35 1
311 4 2 1 1 5 3 1 1 1 1 35 1
312 2 1 1 1 51 2 1 2 1 1 52 1
313 2 2 1 1 75 2 1 1 1 1 77 1
314 2 2 1 1 3 3 1 2 1 1 39 1
315 2 1 1 1 58 2 1 2 1 1 55 1
315 3 1 1 1 22 3 1 2 1 1 55 1
315 4 1 1 1 16 3 1 2 1 1 55 1
316 2 1 1 2 16 3 2 2 1 2 38 1
316 3 2 1 2 11 3 2 2 1 2 38 1
317 2 2 1 1 35 2 2 1 1 5 37 1
317 3 1 1 5 18 3 2 1 1 5 37 1
317 4 2 1 5 16 3 2 1 1 5 37 1
318 2 1 2 2 13 3 2 2 2 2 29 1
318 3 1 2 2 5 3 2 2 2 2 29 1
319 2 2 1 1 54 11 1 1 1 1 50 1
320 2 1 1 1 73 2 1 2 1 1 70 1
321 2 2 1 1 87 2 1 1 1 1 87 1
322 2 2 1 1 45 2 1 1 1 1 51 1
323 2 1 7 2 28 2 2 2 1 1 30 1
324 2 1 1 2 41 2 1 2 1 5 40 1
324 3 2 1 2 14 3 1 2 1 5 40 1
324 4 1 1 2 9 3 1 2 1 5 40 1
325 2 2 1 1 59 2 1 1 1 1 70 1
326 2 2 1 1 50 2 1 1 1 1 51 1
326 3 2 1 1 16 3 1 1 1 1 51 1
327 2 1 1 1 25 11 2 1 1 1 24 1
327 3 1 1 1 22 11 2 1 1 1 24 1
328 2 1 8 1 14 3 2 2 8 1 30 1
328 3 2 8 1 12 3 2 2 8 1 30 1
329 2 2 1 1 49 2 1 1 1 1 49 1
330 2 1 4 1 76 2 2 2 4 1 71 1
331 2 1 1 1 56 3 1 2 1 1 86 1
332 2 2 1 1 77 5 1 2 1 1 55 1
333 2 1 1 1 43 2 1 2 1 1 39 1
333 3 1 1 1 6 3 1 2 1 1 39 1
333 4 2 1 1 4 3 1 2 1 1 39 1
334 2 2 1 1 61 2 1 1 1 1 63 1
335 2 1 1 1 80 2 1 2 1 1 78 1
336 2 1 1 2 40 2 1 2 1 5 48 1
336 3 1 1 5 6 3 1 2 1 5 48 1
337 2 2 8 1 65 2 1 1 8 1 60 1
338 2 2 1 1 57 2 1 1 1 1 64 1
339 2 1 1 1 66 2 1 2 1 1 64 1
340 2 2 6 1 66 2 1 1 6 1 68 1
341 2 1 1 1 60 2 1 2 1 1 55 1
342 2 2 1 1 50 3 2 2 1 1 69 1
342 3 1 1 1 45 12 2 2 1 1 69 1
343 2 2 1 1 72 2 1 1 1 1 78 1
344 2 2 1 1 75 2 1 1 1 1 74 1
345 2 2 1 1 68 2 1 1 1 1 53 1
346 2 2 2 1 64 2 1 1 2 1 63 1
346 3 1 2 1 22 3 1 1 2 1 63 1
347 2 2 1 3 65 2 1 1 1 3 64 1
348 2 2 6 1 68 2 1 1 1 1 72 1
349 2 2 1 1 70 2 1 1 1 1 70 1
350 2 1 2 1 35 2 2 2 2 1 46 1
351 2 2 1 1 50 2 1 1 1 1 52 1
351 3 1 1 1 23 3 1 1 1 1 52 1
352 2 1 1 1 6 9 2 2 1 1 50 1
353 2 2 1 1 38 2 1 1 1 1 39 1
353 3 2 1 1 11 3 1 1 1 1 39 1
353 4 1 1 1 6 3 1 1 1 1 39 1
354 2 1 1 1 25 9 1 2 1 1 72 1
355 2 2 1 1 63 2 1 1 1 1 61 1
356 2 1 2 1 67 2 1 2 2 1 66 1
357 2 1 1 1 67 2 1 2 1 1 69 1
358 2 1 1 1 71 2 1 2 1 1 70 1
359 2 1 1 2 44 2 1 2 1 2 43 1
359 3 2 1 2 17 3 1 2 1 2 43 1
359 4 1 1 2 9 3 1 2 1 2 43 1
360 2 1 1 1 64 2 1 2 1 1 65 1
361 2 2 1 1 66 2 1 1 1 1 68 1
361 3 2 1 1 43 3 1 1 1 1 68 1
361 4 2 1 1 14 9 1 1 1 1 68 1
362 2 2 2 1 38 3 1 2 2 1 68 1
362 3 2 2 1 12 9 1 2 2 1 68 1
362 4 1 2 1 40 4 1 2 2 1 68 1
363 2 2 1 1 75 2 1 1 1 1 82 1
364 2 1 1 1 39 7 1 1 1 1 28 1
365 2 2 1 1 86 7 1 2 1 1 87 1
366 2 2 9 1 22 9 1 2 5 1 69 1
367 2 1 1 1 56 2 1 2 1 1 56 1
368 2 2 7 2 37 2 2 1 1 1 37 1
368 3 2 8 2 3 3 2 1 1 1 37 1
368 4 2 1 1 59 5 2 1 1 1 37 1
369 2 2 6 1 59 2 1 1 6 1 61 1
370 2 2 7 1 55 11 1 1 7 1 61 1
370 3 2 7 1 54 11 1 1 7 1 61 1
371 2 2 2 1 22 3 1 1 2 1 47 1
372 2 1 1 1 53 2 1 2 1 1 53 1
372 3 2 1 1 23 3 1 2 1 1 53 1
372 4 2 1 1 20 3 1 2 1 1 53 1
373 2 2 1 1 30 2 1 1 1 1 35 1
374 2 2 1 1 22 11 2 1 1 1 25 1
375 2 1 1 1 16 3 1 2 1 1 51 1
375 3 1 1 1 14 3 1 2 1 1 51 1
375 4 2 1 1 48 11 1 2 1 1 51 1
376 2 1 1 1 34 11 2 1 1 1 30 1
377 2 2 2 1 6 3 1 2 2 1 30 1
378 2 2 1 1 50 2 1 1 1 1 58 1
379 2 2 1 1 36 2 1 1 1 1 36 1
379 3 1 1 1 12 3 1 1 1 1 36 1
379 4 2 1 1 10 3 1 1 1 1 36 1
380 2 1 8 1 9 3 2 2 9 1 30 1
380 3 1 9 1 5 3 2 2 9 1 30 1
381 2 2 1 2 61 2 1 1 1 2 61 1
382 2 2 1 1 57 2 2 1 1 1 60 1
383 2 2 2 1 59 2 1 1 2 1 74 1
384 2 1 1 1 30 2 1 2 1 1 30 1
384 3 1 1 1 3 3 1 2 1 1 30 1
384 4 1 1 1 2 3 1 2 1 1 30 1
385 2 1 1 2 30 2 2 2 1 2 27 1
385 3 1 1 2 1 3 2 2 1 2 27 1
386 2 2 1 1 39 2 1 1 1 1 36 1
386 3 1 1 1 1 3 1 1 1 1 36 1
386 4 1 1 1 1 3 1 1 1 1 36 1
387 2 2 1 1 3 3 2 2 1 1 24 1
388 2 2 1 1 47 2 1 1 1 1 49 1
389 2 1 1 1 48 2 1 2 1 1 47 1
389 3 1 1 1 22 3 1 2 1 1 47 1
389 4 1 1 1 19 3 1 2 1 1 47 1
390 2 1 9 1 37 2 1 2 1 1 41 1
391 2 2 1 1 43 2 1 1 1 1 43 1
391 3 1 1 1 14 3 1 1 1 1 43 1
391 4 2 1 1 12 3 1 1 1 1 43 1
392 2 2 2 1 34 2 2 1 2 1 44 1
392 3 1 2 1 10 3 2 1 2 1 44 1
393 2 2 1 1 1 3 1 1 1 1 37 1
393 3 2 1 1 25 11 1 1 1 1 37 1
393 4 2 1 1 4 12 1 1 1 1 37 1
394 2 1 8 1 30 2 2 2 1 1 30 1
395 2 2 1 1 17 3 1 2 1 1 49 1
395 3 1 1 1 46 11 1 2 1 1 49 1
396 2 1 1 2 64 2 1 2 1 2 55 1
396 3 1 1 2 38 3 1 2 1 2 55 1
397 2 1 1 1 63 2 1 2 1 1 56 1
397 3 2 1 1 11 3 1 2 1 1 56 1
398 2 1 1 1 69 2 1 2 1 1 65 1
399 2 2 1 1 37 2 1 1 1 1 31 1
399 3 2 1 1 4 3 1 1 1 1 31 1
400 2 1 2 1 60 11 2 2 2 1 51 1
401 2 2 1 1 54 2 1 1 1 1 59 1
401 3 2 1 1 22 3 1 1 1 1 59 1
401 4 2 1 1 18 3 1 1 1 1 59 1
402 2 1 1 1 24 11 1 2 1 1 24 1
403 2 2 1 1 70 2 1 1 1 1 75 1
404 2 2 1 1 76 2 1 1 1 1 87 1
405 2 1 1 1 60 2 2 2 1 1 53 1
406 2 1 1 1 71 2 1 2 1 1 70 1
407 2 2 7 2 44 11 2 2 7 2 49 1
408 2 1 1 1 62 2 1 2 1 1 62 1
409 2 2 1 1 50 2 1 1 1 1 51 1
409 3 1 1 1 20 3 1 1 1 1 51 1
409 4 2 1 1 13 3 1 1 1 1 51 1
410 2 2 1 1 65 2 1 1 1 1 62 1
411 2 2 1 1 28 2 1 1 1 1 32 1
412 2 2 1 1 59 2 1 1 1 1 59 1
413 2 2 1 1 20 11 2 2 1 1 19 1
414 2 1 1 1 28 11 2 1 1 1 25 1
415 2 1 1 1 48 2 1 2 1 1 42 1
415 3 1 1 1 77 5 1 2 1 1 42 1
416 2 1 1 1 48 2 1 2 1 1 43 1
416 3 2 1 1 24 3 1 2 1 1 43 1
417 2 1 2 1 34 3 1 2 2 1 56 1
418 2 2 1 1 56 2 1 1 1 1 63 1
419 2 2 2 1 57 11 2 1 2 1 65 1
420 2 2 8 3 6 3 2 1 8 3 59 1
420 3 2 8 3 5 3 2 1 8 3 59 1
420 4 2 8 3 25 11 2 1 8 3 59 1
421 2 1 1 1 27 11 1 1 1 1 32 1
421 3 2 1 1 27 11 1 1 1 1 32 1
422 2 2 1 1 28 11 2 1 1 1 30 1
423 2 2 2 1 16 3 2 1 2 1 47 1
424 2 2 2 1 58 2 2 1 2 1 64 1
425 2 2 1 1 25 3 1 1 1 1 53 1
425 3 2 1 1 52 12 1 1 1 1 53 1
426 2 2 1 1 20 11 2 2 1 1 20 1
426 3 2 1 1 20 11 2 2 1 1 20 1
426 4 2 1 1 20 11 2 2 1 1 20 1
427 2 2 1 4 42 2 1 1 1 5 47 1
427 3 1 1 5 17 3 1 1 1 5 47 1
427 4 1 1 5 15 3 1 1 1 5 47 1
428 2 2 3 1 11 3 1 2 3 1 31 1
428 3 2 3 1 3 3 1 2 3 1 31 1
429 2 1 6 1 28 3 2 1 6 1 60 1
429 3 2 6 1 19 3 2 1 6 1 60 1
430 2 1 1 1 93 2 1 2 1 1 82 1
431 2 1 1 2 56 2 1 2 1 2 54 1
432 2 2 1 1 80 2 1 1 1 1 88 1
433 2 2 1 1 50 2 1 1 1 1 54 1
434 2 2 1 1 58 2 2 1 1 1 62 1
435 2 1 1 1 61 2 1 2 1 1 56 1
436 2 1 1 1 72 7 1 1 1 1 49 1
436 3 1 1 1 45 7 1 1 1 1 49 1
436 4 2 1 1 69 5 1 1 1 1 49 1
437 2 2 1 1 85 2 1 1 1 1 88 1
438 2 2 1 1 44 2 1 1 1 1 46 1
438 3 1 1 1 12 3 1 1 1 1 46 1
438 4 1 1 1 10 3 1 1 1 1 46 1
439 2 1 3 1 26 3 2 2 3 1 50 1
440 2 2 7 2 55 2 2 1 7 2 51 1
440 3 2 7 2 21 3 2 1 7 2 51 1
440 4 1 7 2 19 3 2 1 7 2 51 1
441 2 2 1 1 56 2 1 1 1 1 69 1
442 2 2 1 1 61 2 1 1 1 1 65 1
443 2 1 1 1 41 2 1 2 1 1 47 1
443 3 1 1 1 3 9 1 2 1 1 47 1
444 2 1 1 3 26 11 2 2 1 3 22 1
445 2 2 1 1 41 3 1 2 1 1 60 1
445 3 1 1 1 40 11 1 2 1 1 60 1
446 2 1 1 1 83 2 1 2 1 1 80 1
447 2 2 8 1 57 11 1 2 1 1 61 1
448 2 1 1 1 23 3 1 1 1 1 43 1
449 2 2 1 1 65 2 1 1 1 1 66 1
450 2 2 1 1 25 2 2 1 1 1 29 1
450 3 2 1 1 1 3 2 1 1 1 29 1
450 4 2 1 1 7 3 2 1 1 1 29 1
451 2 1 1 1 36 3 1 2 1 1 66 1
452 2 2 1 1 5 3 2 2 1 1 25 1
452 3 1 1 1 40 11 2 2 1 1 25 1
453 2 1 1 1 35 2 2 2 1 1 31 1
453 3 2 1 1 13 3 2 2 1 1 31 1
454 2 2 1 1 68 2 1 1 1 1 67 1
454 3 1 1 1 43 3 1 1 1 1 67 1
455 2 1 1 1 50 3 1 2 1 1 86 1
456 2 1 1 1 18 3 1 2 1 1 54 1
456 3 2 1 1 14 3 1 2 1 1 54 1
457 2 2 1 1 72 2 1 1 1 1 71 1
458 2 2 1 3 26 2 1 1 1 1 29 1
459 2 2 1 1 92 2 2 1 1 1 95 1
460 2 1 1 1 28 2 2 2 1 1 23 1
461 2 1 1 1 43 10 1 2 1 1 53 1
462 2 2 1 1 33 2 1 1 1 1 33 1
463 2 1 1 1 5 3 1 1 1 1 37 1
463 3 2 1 1 1 3 1 1 1 1 37 1
464 2 1 1 1 36 2 1 2 7 2 29 1
464 3 1 7 2 8 3 1 2 7 2 29 1
464 4 1 7 2 4 3 1 2 7 2 29 1
465 2 2 1 1 76 2 1 1 1 1 81 1
466 2 2 1 5 63 2 1 1 1 1 65 1
467 2 1 1 1 17 3 2 1 1 1 43 1
467 3 1 1 1 12 3 2 1 1 1 43 1
467 4 2 1 1 41 11 2 1 1 1 43 1
468 2 2 1 1 20 3 1 1 1 1 58 1
469 2 2 1 1 40 2 1 1 1 1 42 1
469 3 1 1 1 8 3 1 1 1 1 42 1
469 4 2 1 1 6 3 1 1 1 1 42 1
470 2 1 3 1 33 3 2 2 3 1 53 1
470 3 2 3 1 30 3 2 2 3 1 53 1
470 4 1 3 1 2 9 2 2 3 1 53 1
471 2 1 1 1 47 3 1 2 1 1 77 1
472 2 1 2 1 78 2 1 2 2 1 75 1
473 2 2 1 1 14 3 2 2 1 1 36 1
473 3 1 1 1 3 3 2 2 1 1 36 1
474 2 2 1 1 52 2 1 1 1 1 58 1
475 2 2 1 1 55 2 1 1 1 1 55 1
475 3 2 1 1 25 3 1 1 1 1 55 1
476 2 2 1 1 63 2 1 1 1 1 61 1
477 2 1 1 1 87 2 1 2 1 1 85 1
478 2 1 1 1 62 2 1 2 1 1 62 1
479 2 2 1 2 43 2 2 1 1 2 41 1
480 2 2 1 1 33 2 1 1 1 1 32 1
480 3 2 1 1 1 3 1 1 1 1 32 1
481 2 2 1 1 85 2 1 1 1 1 86 1
482 2 1 1 1 5 3 1 2 1 1 23 1
482 3 1 1 1 26 11 1 2 1 1 23 1
483 2 2 1 1 40 2 1 1 1 2 41 1
483 3 1 1 1 8 3 1 1 1 2 41 1
484 2 1 1 1 26 2 2 2 6 1 26 1
485 2 2 1 1 47 3 2 2 1 1 81 1
485 3 1 1 1 48 12 2 2 1 1 81 1
486 2 2 1 1 52 2 1 1 1 1 51 1
487 2 2 1 1 57 2 1 1 1 1 58 1
488 2 2 1 5 78 2 1 1 1 5 86 1
489 2 2 1 1 63 2 1 1 1 1 65 1
490 2 2 1 1 66 2 1 1 1 1 68 1
491 2 1 1 1 66 2 1 2 1 1 59 1
491 3 2 1 1 26 3 1 2 1 1 59 1
492 2 1 1 1 44 2 1 2 1 1 46 1
493 2 1 2 1 1 3 2 2 2 1 26 1
494 2 1 1 1 66 2 1 2 1 1 66 1
495 2 2 1 1 14 3 2 2 1 1 43 1
496 2 2 2 1 41 11 1 2 2 1 50 1
497 2 1 1 1 1 3 2 1 1 1 36 1
497 3 2 1 1 33 11 2 1 1 1 36 1
498 2 2 1 1 33 2 1 1 1 1 36 1
499 2 1 1 1 45 3 1 2 1 1 70 1
499 3 1 2 1 50 11 1 2 1 1 70 1
500 2 2 2 1 9 3 1 1 2 1 52 1
501 2 2 1 1 55 2 1 1 1 1 60 1
502 2 2 1 1 75 2 1 1 1 1 77 1
503 2 2 1 1 59 2 1 1 1 1 60 1
504 2 2 1 1 55 2 1 1 1 1 56 1
505 2 2 2 1 49 2 1 1 2 1 58 1
505 3 1 2 1 5 3 1 1 2 1 58 1
505 4 2 2 1 12 3 1 1 2 1 58 1
506 2 2 1 1 32 11 1 1 1 1 34 1
506 3 2 1 1 9 12 1 1 1 1 34 1
506 4 2 1 1 8 12 1 1 1 1 34 1
507 2 2 1 1 75 2 1 1 1 1 80 1
508 2 2 1 3 13 3 1 2 1 3 38 1
508 3 2 1 3 8 3 1 2 1 3 38 1
509 2 2 1 1 47 2 1 1 1 1 57 1
509 3 2 1 1 17 3 1 1 1 1 57 1
509 4 2 1 1 15 3 1 1 1 1 57 1
510 2 1 1 1 38 2 1 2 1 1 40 1
511 2 2 1 1 49 2 1 1 1 1 49 1
511 3 2 1 1 11 3 1 1 1 1 49 1
512 2 2 1 1 61 2 1 1 1 1 62 1
513 2 1 1 1 30 12 2 1 1 1 34 1
513 3 1 7 2 17 12 2 1 1 1 34 1
513 4 1 1 1 14 12 2 1 1 1 34 1
514 2 1 1 1 53 11 1 2 1 1 58 1
515 2 2 1 1 61 2 1 1 1 1 62 1
516 2 2 1 1 60 2 1 1 1 1 51 1
516 3 1 1 1 25 3 1 1 1 1 51 1
517 2 2 1 1 57 2 1 1 3 1 58 1
518 2 1 1 1 60 2 1 2 1 1 65 1
518 3 1 1 1 42 3 1 2 1 1 65 1
519 2 2 1 1 54 2 1 1 1 1 57 1
519 3 2 1 1 30 3 1 1 1 1 57 1
519 4 1 1 1 6 9 1 1 1 1 57 1
520 2 2 1 1 61 2 1 1 1 1 75 1
521 2 2 1 1 57 2 1 1 1 1 59 1
521 3 1 1 1 25 3 1 1 1 1 59 1
522 2 1 1 1 78 2 1 2 1 1 73 1
523 2 2 1 1 57 2 1 1 1 1 58 1
524 2 2 7 5 59 2 2 1 7 5 69 1
524 3 1 7 5 24 3 2 1 7 5 69 1
525 2 2 1 1 42 11 1 1 1 1 57 1
526 2 1 1 1 72 2 1 2 1 1 71 1
527 2 1 1 1 13 3 2 2 1 1 39 1
527 3 2 1 1 10 3 2 2 1 1 39 1
528 2 1 1 1 51 2 1 2 1 1 46 1
528 3 1 1 1 14 3 1 2 1 1 46 1
528 4 1 1 1 11 3 1 2 1 1 46 1
529 2 1 1 1 61 2 2 2 1 1 56 1
530 2 2 2 1 2 3 2 2 2 1 34 1
531 2 2 1 1 57 2 1 1 1 1 49 1
532 2 1 1 1 42 2 1 2 1 1 42 1
532 3 2 1 1 19 3 1 2 1 1 42 1
532 4 1 1 1 21 12 1 2 1 1 42 1
533 2 1 1 1 64 2 1 2 1 1 68 1
534 2 2 4 1 37 2 1 1 1 1 37 1
534 3 2 8 1 2 3 1 1 1 1 37 1
535 2 2 1 1 58 2 1 1 1 1 64 1
536 2 2 1 1 50 11 1 1 1 1 56 1
537 2 2 2 1 58 2 1 1 2 1 56 1
537 3 2 2 1 28 3 1 1 2 1 56 1
537 4 1 2 1 26 3 1 1 2 1 56 1
538 2 2 1 1 31 2 2 1 1 1 30 1
539 2 2 1 1 36 2 1 1 1 1 40 1
539 3 1 1 1 18 3 1 1 1 1 40 1
539 4 1 1 1 14 3 1 1 1 1 40 1
540 2 1 1 1 29 11 2 2 1 2 29 1
541 2 1 1 1 68 2 1 2 1 1 66 1
542 2 2 1 1 79 2 1 1 1 1 76 1
543 2 1 1 1 62 2 1 2 1 1 63 1
544 2 1 2 1 1 3 2 1 2 1 24 1
544 3 1 2 1 1 3 2 1 2 1 24 1
544 4 2 2 1 23 11 2 1 2 1 24 1
545 2 2 1 1 1 3 2 2 1 1 27 1
545 3 1 1 1 28 11 2 2 1 1 27 1
546 2 1 1 1 25 2 1 2 1 1 24 1
546 3 2 1 1 4 3 1 2 1 1 24 1
546 4 2 1 1 2 3 1 2 1 1 24 1
547 2 2 6 1 43 2 1 1 6 1 45 1
547 3 1 6 1 17 3 1 1 6 1 45 1
547 4 2 6 1 12 3 1 1 6 1 45 1
548 2 1 1 1 53 2 1 2 1 1 49 1
548 3 1 1 1 17 3 1 2 1 1 49 1
548 4 1 1 1 14 3 1 2 1 1 49 1
549 2 2 1 1 20 3 1 2 1 1 39 1
549 3 2 1 1 15 3 1 2 1 1 39 1
550 2 1 8 2 60 2 1 2 2 2 52 1
550 3 2 1 2 20 3 1 2 2 2 52 1
550 4 2 1 2 20 3 1 2 2 2 52 1
551 2 2 3 1 42 3 1 2 3 1 61 1
552 2 1 1 1 49 2 1 2 1 1 51 1
553 2 2 1 1 43 12 1 2 1 1 42 1
554 2 2 1 1 51 2 1 1 1 1 54 1
554 3 1 1 1 24 3 1 1 1 1 54 1
555 2 2 1 1 51 2 1 1 1 1 62 1
556 2 2 8 1 70 2 1 1 3 1 63 1
557 2 1 1 1 40 11 2 2 1 1 47 1
558 2 2 1 1 69 2 1 1 1 1 65 1
559 2 2 1 1 24 2 2 1 1 1 25 1
559 3 1 1 1 2 3 2 1 1 1 25 1
560 2 2 1 1 53 2 1 1 1 1 50 1
560 3 1 1 1 9 3 1 1 1 1 50 1
561 2 2 7 1 45 2 1 1 1 1 49 1
561 3 2 1 1 18 3 1 1 1 1 49 1
561 4 2 1 1 16 3 1 1 1 1 49 1
562 2 2 8 1 13 3 1 1 6 1 42 1
562 3 2 1 1 34 11 1 1 6 1 42 1
563 2 2 1 1 27 2 2 1 3 1 27 1
563 3 2 3 1 6 3 2 1 3 1 27 1
563 4 2 3 1 1 3 2 1 3 1 27 1
564 2 1 1 1 45 2 1 2 1 1 45 1
564 3 1 1 1 15 3 1 2 1 1 45 1
564 4 1 1 1 9 3 1 2 1 1 45 1
565 2 2 1 1 58 2 1 1 1 1 61 1
566 2 1 1 1 43 2 1 2 1 1 46 1
567 2 1 1 2 4 3 2 2 1 2 25 1
567 3 2 1 2 64 5 2 2 1 2 25 1
568 2 2 1 1 68 2 1 1 1 1 71 1
568 3 2 1 1 40 3 1 1 1 1 71 1
569 2 2 1 1 38 2 1 1 1 1 49 1
570 2 2 1 1 65 3 1 2 1 1 81 1
571 2 2 1 1 30 2 1 1 1 1 27 1
572 2 1 1 1 3 3 2 2 1 1 22 1
572 3 1 1 1 31 11 2 2 1 1 22 1
573 2 2 1 1 16 3 2 2 1 1 46 1
574 2 2 1 1 24 3 1 2 1 1 50 1
574 3 2 1 1 84 5 1 2 1 1 50 1
575 2 2 1 1 49 2 1 1 1 1 52 1
575 3 1 1 1 30 3 1 1 1 1 52 1
576 2 1 1 1 30 2 1 2 1 1 30 1
576 3 2 1 1 1 3 1 2 1 1 30 1
577 2 1 1 1 43 2 1 2 1 2 32 1
577 3 2 1 2 10 3 1 2 1 2 32 1
577 4 1 1 2 7 3 1 2 1 2 32 1
578 2 1 1 1 54 2 1 2 1 1 51 1
578 3 2 1 1 20 3 1 2 1 1 51 1
579 2 2 1 1 73 2 1 1 1 1 75 1
580 2 2 1 1 10 3 1 2 1 1 43 1
581 2 1 2 1 14 3 1 1 2 1 43 1
582 2 2 1 1 69 2 1 1 1 1 66 1
583 2 2 1 1 28 2 1 1 1 1 29 1
583 3 2 1 1 1 3 1 1 1 1 29 1
584 2 2 1 1 56 2 1 1 1 1 60 1
585 2 1 1 1 51 2 1 2 1 1 50 1
585 3 1 1 1 19 3 1 2 1 1 50 1
586 2 2 1 1 23 3 2 1 1 1 47 1
586 3 1 1 1 17 3 2 1 1 1 47 1
586 4 1 1 1 21 7 2 1 1 1 47 1
587 2 1 1 4 26 11 2 2 1 1 23 1
588 2 1 1 1 38 2 1 2 1 1 37 1
588 3 2 1 1 3 3 1 2 1 1 37 1
588 4 1 1 1 1 3 1 2 1 1 37 1
589 2 1 9 1 55 7 1 2 9 1 63 1
590 2 2 1 1 46 2 2 1 1 1 46 1
590 3 1 1 1 10 3 2 1 1 1 46 1
591 2 1 1 1 62 2 1 2 1 1 51 1
591 3 2 1 1 20 3 1 2 1 1 51 1
592 2 1 2 1 11 3 2 2 2 1 38 1
592 3 2 2 1 8 3 2 2 2 1 38 1
592 4 1 2 1 15 3 2 2 2 1 38 1
593 2 2 1 2 38 2 2 1 1 2 51 1
593 3 1 1 2 15 3 2 1 1 2 51 1
594 2 2 1 1 38 2 1 1 1 1 36 1
594 3 1 1 1 16 3 1 1 1 1 36 1
594 4 1 1 1 6 3 1 1 1 1 36 1
595 2 1 1 1 57 2 1 2 1 1 55 1
596 2 1 2 1 58 2 1 2 2 1 65 1
597 2 2 1 1 32 2 1 1 1 1 29 1
598 2 1 1 1 20 11 2 1 1 1 21 1
599 2 2 1 1 56 2 1 1 1 1 68 1
600 2 2 1 1 24 2 2 1 1 1 29 1
600 3 2 1 1 4 3 2 1 1 1 29 1
600 4 1 1 1 1 3 2 1 1 1 29 1
601 2 2 1 1 64 2 1 1 1 1 83 1
602 2 1 1 1 36 2 1 2 1 1 36 1
602 3 2 1 1 10 3 1 2 1 1 36 1
602 4 1 1 1 5 3 1 2 1 1 36 1
603 2 1 1 1 90 11 1 1 1 1 85 1
604 2 1 4 1 28 11 2 1 1 1 60 1
605 2 1 2 1 1 3 2 2 2 1 37 1
606 2 2 1 5 58 2 1 1 1 5 65 1
606 3 2 1 5 22 3 1 1 1 5 65 1
607 2 1 1 1 6 3 1 2 1 1 28 1
607 3 2 1 1 4 3 1 2 1 1 28 1
608 2 1 1 1 72 2 1 2 1 1 69 1
609 2 2 1 1 70 2 1 1 1 1 76 1
610 2 1 1 1 57 2 1 2 1 1 57 1
610 3 2 1 1 5 9 1 2 1 1 57 1
611 2 2 1 1 51 2 1 1 1 1 52 1
612 2 1 1 1 19 3 1 1 1 1 52 1
612 3 2 1 1 44 11 1 1 1 1 52 1
612 4 2 1 1 19 12 1 1 1 1 52 1
613 2 2 1 1 16 3 1 2 1 1 41 1
613 3 1 1 1 45 11 1 2 1 1 41 1
614 2 1 1 1 63 2 1 2 1 1 57 1
614 3 1 1 1 33 3 1 2 1 1 57 1
615 2 2 1 1 61 2 1 1 1 1 70 1
616 2 2 1 1 57 2 1 1 1 1 63 1
616 3 1 1 1 32 3 1 1 1 1 63 1
617 2 2 1 2 33 3 2 2 1 2 64 1
617 3 2 1 2 29 3 2 2 1 2 64 1
617 4 2 1 2 22 3 2 2 1 2 64 1
618 2 2 1 1 66 2 1 1 1 1 66 1
618 3 2 1 1 28 3 1 1 1 1 66 1
619 2 2 1 1 37 2 1 1 1 1 34 1
619 3 2 1 1 7 3 1 1 1 1 34 1
619 4 2 1 1 2 3 1 1 1 1 34 1
620 2 2 1 1 48 2 1 1 1 4 47 1
620 3 1 1 2 12 3 1 1 1 4 47 1
620 4 2 1 3 13 3 1 1 1 4 47 1
621 2 1 1 1 27 9 1 2 1 1 66 1
622 2 1 1 1 51 2 1 2 1 1 54 1
623 2 2 1 1 43 2 1 1 1 1 49 1
623 3 1 1 1 13 3 1 1 1 1 49 1
624 2 1 4 1 75 2 2 2 4 1 77 1
625 2 1 1 1 50 11 1 1 1 1 42 1
626 2 2 1 1 18 3 2 2 1 1 42 1
626 3 2 1 1 13 3 2 2 1 1 42 1
627 2 1 1 1 45 2 1 2 1 1 63 1
628 2 2 1 1 68 2 1 1 1 1 67 1
629 2 1 2 1 54 3 1 2 2 1 78 1
629 3 1 2 1 30 9 1 2 2 1 78 1
630 2 2 1 1 57 2 1 1 1 1 57 1
631 2 2 1 1 58 2 1 1 1 1 61 1
632 2 1 1 1 76 2 1 2 1 1 74 1
633 2 1 1 1 8 3 2 2 1 1 43 1
634 2 2 1 1 16 3 2 1 1 1 51 1
635 2 2 1 1 65 2 1 1 1 1 77 1
636 2 2 1 1 33 2 2 1 2 1 62 1
637 2 1 2 1 75 2 1 2 2 1 51 1
637 3 2 2 1 21 3 1 2 2 1 51 1
637 4 1 2 1 1 9 1 2 2 1 51 1
638 2 2 1 1 44 2 1 1 1 1 52 1
638 3 2 1 1 14 3 1 1 1 1 52 1
639 2 1 1 1 59 3 1 2 1 1 87 1
640 2 2 1 1 59 2 1 1 1 1 58 1
641 2 2 1 1 60 2 1 1 1 1 66 1
641 3 1 1 1 34 3 1 1 1 1 66 1
642 2 1 1 4 47 3 1 2 1 4 78 1
643 2 2 1 2 38 3 1 2 1 2 72 1
644 2 2 2 1 46 2 1 1 8 1 45 1
644 3 2 8 1 23 3 1 1 8 1 45 1
645 2 2 1 1 61 2 2 1 1 1 53 1
646 2 2 1 1 61 2 1 1 1 1 66 1
647 2 2 1 1 70 2 1 1 1 1 71 1
648 2 2 1 1 83 6 1 1 1 1 59 1
649 2 2 1 1 23 2 2 1 1 1 41 1
649 3 1 1 1 1 3 2 1 1 1 41 1
650 2 1 1 1 69 2 1 2 1 1 68 1
651 2 2 1 1 60 2 1 1 1 1 60 1
652 2 2 1 1 54 2 1 1 1 1 54 1
653 2 1 1 1 71 2 1 2 1 1 69 1
654 2 1 1 1 44 3 2 2 1 1 70 1
654 3 2 1 1 11 9 2 2 1 1 70 1
654 4 2 1 1 43 4 2 2 1 1 70 1
655 2 2 6 1 47 2 2 1 1 1 64 1
656 2 2 1 1 67 2 1 1 1 1 69 1
657 2 2 1 2 13 3 1 1 1 2 34 1
657 3 2 1 1 36 11 1 1 1 2 34 1
658 2 2 1 1 67 2 1 1 1 1 71 1
659 2 1 1 1 30 11 2 2 1 1 29 1
660 2 2 1 2 28 2 2 1 1 2 28 1
661 2 2 2 1 41 3 1 1 2 1 83 1
661 3 2 2 1 20 9 1 1 2 1 83 1
662 2 1 1 1 80 2 1 2 1 1 72 1
663 2 2 1 1 3 3 2 2 1 1 31 1
663 3 1 1 1 3 3 2 2 1 1 31 1
664 2 1 1 1 73 2 1 2 1 1 71 1
664 3 2 1 1 40 3 1 2 1 1 71 1
665 2 2 1 1 63 2 1 1 1 1 70 1
666 2 2 8 1 18 3 1 2 8 1 56 1
666 3 1 8 1 14 3 1 2 8 1 56 1
666 4 1 3 1 4 12 1 2 8 1 56 1
667 2 1 1 1 31 2 2 2 1 1 29 1
667 3 2 1 1 7 3 2 2 1 1 29 1
668 2 2 1 1 81 2 1 1 1 1 76 1
669 2 2 1 1 29 2 2 1 1 1 39 1
669 3 2 1 1 2 3 2 1 1 1 39 1
670 2 2 1 1 81 2 1 1 1 1 83 1
671 2 2 1 1 61 2 1 1 1 1 64 1
671 3 1 1 1 36 3 1 1 1 1 64 1
672 2 2 6 1 61 2 1 1 6 1 67 1
672 3 1 6 1 34 3 1 1 6 1 67 1
673 2 1 1 1 39 2 1 2 1 1 40 1
674 2 2 6 1 35 2 1 1 6 1 39 1
674 3 2 6 1 10 3 1 1 6 1 39 1
675 2 2 1 1 31 2 2 1 1 1 35 1
675 3 2 1 1 9 3 2 1 1 1 35 1
675 4 2 1 1 6 3 2 1 1 1 35 1
676 2 2 1 1 31 10 1 2 1 1 94 1
677 2 2 1 1 54 2 1 1 1 1 55 1
678 2 2 1 1 57 2 1 1 1 1 61 1
679 2 2 1 1 50 2 1 1 1 1 42 1
679 3 1 1 1 23 3 1 1 1 1 42 1
679 4 1 1 1 17 3 1 1 1 1 42 1
680 2 2 2 1 19 3 2 2 2 1 53 1
681 2 2 2 1 64 10 2 1 2 1 65 1
682 2 2 1 1 58 2 1 1 1 1 56 1
683 2 2 1 1 40 2 2 1 1 1 33 1
684 2 2 1 1 52 2 1 1 1 1 50 1
684 3 1 1 1 16 3 1 1 1 1 50 1
684 4 2 1 1 13 3 1 1 1 1 50 1
685 2 2 2 1 24 3 2 2 2 1 49 1
685 3 1 2 1 5 9 2 2 2 1 49 1
686 2 2 1 1 57 2 2 1 1 1 61 1
687 2 2 1 1 57 2 1 1 1 1 70 1
688 2 2 1 1 41 2 1 1 1 1 45 1
688 3 1 1 1 10 3 1 1 1 1 45 1
688 4 1 1 1 8 3 1 1 1 1 45 1
689 2 1 2 1 18 3 2 2 2 1 36 1
689 3 1 2 1 12 3 2 2 2 1 36 1
690 2 1 1 1 55 2 1 2 1 1 52 1
691 2 2 2 1 28 3 2 2 2 1 49 1
692 2 1 1 1 62 2 1 2 1 1 60 1
693 2 1 1 1 39 2 1 2 1 1 36 1
693 3 1 1 1 10 3 1 2 1 1 36 1
693 4 1 1 1 7 3 1 2 1 1 36 1
694 2 1 1 1 84 2 1 2 1 1 86 1
695 2 1 1 1 75 2 1 2 1 1 65 1
696 2 1 8 1 9 3 1 2 1 1 40 1
697 2 2 1 1 38 2 1 1 1 1 39 1
697 3 2 1 1 10 3 1 1 1 1 39 1
697 4 2 1 1 7 3 1 1 1 1 39 1
698 2 1 3 1 39 11 2 2 3 1 33 1
699 2 2 1 1 41 11 2 1 1 1 40 1
699 3 2 1 1 23 11 2 1 1 1 40 1
700 2 1 1 1 36 3 1 2 1 1 74 1
701 2 2 7 1 64 2 1 1 1 1 74 1
702 2 1 1 1 54 2 1 2 1 3 55 1
702 3 2 1 3 22 3 1 2 1 3 55 1
702 4 1 1 3 19 3 1 2 1 3 55 1
703 2 1 1 1 51 2 1 2 1 1 46 1
703 3 1 1 1 6 3 1 2 1 1 46 1
704 2 1 1 1 34 11 2 1 1 1 36 1
705 2 1 1 1 63 2 2 2 1 1 43 1
705 3 1 1 1 18 3 2 2 1 1 43 1
705 4 2 1 1 8 3 2 2 1 1 43 1
706 2 1 1 1 65 2 1 2 1 1 57 1
706 3 2 1 1 29 3 1 2 1 1 57 1
706 4 2 1 1 24 3 1 2 1 1 57 1
707 2 1 1 1 65 2 1 2 1 1 65 1
708 2 1 1 1 37 3 1 2 1 1 59 1
708 3 2 1 1 31 11 1 2 1 1 59 1
709 2 2 6 1 60 10 1 1 6 1 65 1
709 3 2 6 1 33 10 1 1 6 1 65 1
710 2 2 1 1 56 2 1 1 1 1 59 1
711 2 2 1 1 55 2 1 1 1 1 57 1
712 2 2 1 1 70 2 1 1 1 1 74 1
713 2 2 1 1 59 2 1 1 1 1 56 1
713 3 2 1 1 17 3 1 1 1 1 56 1
714 2 2 1 1 59 11 1 1 1 1 76 1
715 2 2 2 1 42 2 1 1 2 1 42 1
715 3 1 2 1 5 3 1 1 2 1 42 1
716 2 1 1 1 59 2 2 2 1 1 50 1
717 2 2 1 1 48 2 2 1 1 1 47 1
717 3 2 1 1 11 3 2 1 1 1 47 1
718 2 2 1 1 12 9 1 2 1 1 51 1
719 2 2 4 1 54 2 1 1 4 1 56 1
720 2 1 1 1 46 3 1 2 1 1 80 1
720 3 1 1 1 43 3 1 2 1 1 80 1
721 2 2 5 1 36 2 2 1 2 1 35 1
721 3 1 8 1 10 3 2 1 2 1 35 1
722 2 2 1 1 18 3 2 2 1 1 52 1
723 2 1 1 1 75 2 1 2 1 1 73 1
724 2 1 1 1 55 2 1 2 1 1 53 1
724 3 1 1 1 16 3 1 2 1 1 53 1
725 2 1 1 1 46 2 1 2 1 1 47 1
726 2 2 1 1 58 2 1 1 1 1 60 1
726 3 1 1 1 16 3 1 1 1 1 60 1
727 2 2 1 1 38 2 1 1 1 1 40 1
727 3 1 1 1 17 3 1 1 1 1 40 1
727 4 2 1 1 17 3 1 1 1 1 40 1
728 2 1 1 1 39 2 1 2 1 1 34 1
728 3 2 1 1 6 3 1 2 1 1 34 1
728 4 1 1 1 2 3 1 2 1 1 34 1
729 2 2 3 1 67 2 2 1 3 1 72 1
730 2 1 7 2 38 11 2 2 1 1 29 1
731 2 1 7 3 42 2 2 2 1 1 31 1
731 3 1 1 3 4 3 2 2 1 1 31 1
732 2 2 1 1 81 11 1 1 1 1 87 1
733 2 2 1 1 25 11 1 1 1 1 35 1
734 2 2 1 1 19 3 2 2 1 1 59 1
735 2 1 1 1 39 2 1 2 1 1 26 1
735 3 1 1 1 7 3 1 2 1 1 26 1
736 2 1 1 1 27 2 1 2 1 1 30 1
737 2 2 1 1 61 2 1 1 1 1 61 1
738 2 2 1 1 43 2 1 1 1 1 48 1
739 2 2 1 1 57 2 1 1 1 1 61 1
740 2 2 1 1 46 2 1 1 1 1 60 1
740 3 2 1 1 10 3 1 1 1 1 60 1
740 4 1 1 1 8 3 1 1 1 1 60 1
741 2 2 6 1 53 2 1 1 6 1 60 1
741 3 2 6 1 23 3 1 1 6 1 60 1
742 2 2 1 1 57 2 1 1 1 1 68 1
742 3 2 1 1 21 3 1 1 1 1 68 1
742 4 2 1 1 16 3 1 1 1 1 68 1
743 2 1 1 1 49 2 1 2 1 1 72 1
744 2 2 1 1 27 11 1 2 1 1 56 1
745 2 1 1 1 23 11 2 1 2 1 21 1
745 3 1 1 1 21 11 2 1 2 1 21 1
746 2 2 1 1 37 9 1 1 1 1 89 1
746 3 1 1 2 5 9 1 1 1 1 89 1
747 2 2 1 1 65 2 1 1 1 1 67 1
748 2 2 1 1 33 2 1 1 1 1 29 1
748 3 1 1 1 3 3 1 1 1 1 29 1
749 2 2 8 1 45 2 1 1 8 1 50 1
750 2 2 1 1 95 11 2 2 7 5 59 1
751 2 2 2 1 14 3 2 1 2 1 36 1
752 2 2 1 2 54 2 1 1 1 2 57 1
753 2 1 8 1 31 3 1 2 1 1 70 1
754 2 1 1 1 72 2 1 2 1 1 70 1
755 2 2 1 1 20 9 1 2 1 1 61 1
755 3 1 1 1 2 9 1 2 1 1 61 1
756 2 2 1 1 53 2 1 1 1 1 55 1
756 3 1 1 1 25 3 1 1 1 1 55 1
756 4 1 1 1 20 3 1 1 1 1 55 1
757 2 2 1 1 72 2 1 1 1 1 74 1
758 2 2 1 1 58 2 1 1 1 1 62 1
759 2 2 1 1 86 2 1 1 1 1 85 1
760 2 1 1 1 33 2 1 2 1 1 32 1
760 3 2 1 1 10 3 1 2 1 1 32 1
761 2 2 9 1 56 2 1 1 1 1 63 1
761 3 1 9 1 18 3 1 1 1 1 63 1
761 4 2 9 1 18 9 1 1 1 1 63 1
762 2 1 1 1 56 2 1 2 1 1 50 1
762 3 1 1 1 21 3 1 2 1 1 50 1
762 4 1 1 1 17 3 1 2 1 1 50 1
763 2 2 1 1 58 2 1 1 1 1 54 1
764 2 2 2 1 48 2 1 1 2 1 58 1
764 3 1 2 1 18 3 1 1 2 1 58 1
764 4 2 2 1 15 3 1 1 2 1 58 1
765 2 1 1 1 20 3 1 1 1 1 46 1
765 3 1 1 1 10 3 1 1 1 1 46 1
765 4 2 1 1 44 11 1 1 1 1 46 1
766 2 1 2 1 82 2 2 2 2 1 54 1
766 3 1 2 1 27 3 2 2 2 1 54 1
767 2 2 2 1 19 3 2 2 2 1 42 1
767 3 2 2 1 17 3 2 2 2 1 42 1
767 4 2 2 1 15 3 2 2 2 1 42 1
768 2 1 1 1 29 2 2 2 1 1 29 1
769 2 2 5 1 47 2 1 1 2 1 47 1
769 3 1 8 1 11 3 1 1 2 1 47 1
769 4 2 8 1 9 3 1 1 2 1 47 1
770 2 2 1 1 69 2 2 1 1 1 76 1
771 2 1 1 1 49 11 2 1 1 1 61 1
771 3 1 1 1 47 11 2 1 1 1 61 1
772 2 1 1 1 41 2 1 2 1 1 41 1
772 3 2 1 1 4 3 1 2 1 1 41 1
772 4 2 1 1 2 3 1 2 1 1 41 1
773 2 2 4 1 50 2 1 1 4 1 52 1
773 3 2 4 1 23 3 1 1 4 1 52 1
774 2 1 1 1 6 3 1 2 1 1 43 1
775 2 1 1 1 28 2 2 2 1 1 28 1
775 3 1 1 1 5 3 2 2 1 1 28 1
775 4 1 1 1 2 3 2 2 1 1 28 1
776 2 2 1 1 72 2 1 1 1 1 95 1
777 2 1 1 1 49 2 1 2 1 1 47 1
777 3 1 1 1 12 3 1 2 1 1 47 1
778 2 2 6 1 66 2 1 1 6 1 66 1
779 2 1 1 2 51 2 1 2 1 1 50 1
779 3 2 1 2 24 3 1 2 1 1 50 1
779 4 2 8 2 5 9 1 2 1 1 50 1
780 2 2 1 1 64 2 1 1 1 1 66 1
781 2 1 2 1 39 3 1 2 2 1 59 1
782 2 2 1 1 60 2 1 1 1 1 62 1
783 2 1 1 1 42 2 1 2 1 1 37 1
783 3 1 1 1 12 3 1 2 1 1 37 1
783 4 1 1 1 9 3 1 2 1 1 37 1
784 2 2 1 1 41 3 1 2 1 1 71 1
785 2 2 1 1 30 11 2 1 1 1 30 1
786 2 2 1 1 1 9 1 1 1 1 74 1
787 2 1 3 1 29 12 2 2 3 1 39 1
788 2 2 1 4 51 2 1 1 1 4 52 1
788 3 1 1 4 21 3 1 1 1 4 52 1
788 4 1 1 4 15 3 1 1 1 4 52 1
789 2 1 1 1 13 3 2 2 1 1 36 1
790 2 2 1 1 67 11 1 1 1 1 87 1
791 2 1 1 1 44 2 1 2 1 1 46 1
791 3 2 1 1 10 3 1 2 1 1 46 1
792 2 1 1 5 58 3 1 2 1 5 85 1
792 3 2 1 5 35 9 1 2 1 5 85 1
793 2 2 1 1 36 2 1 1 1 1 39 1
793 3 2 1 1 17 3 1 1 1 1 39 1
793 4 2 1 1 2 3 1 1 1 1 39 1
794 2 1 2 1 4 3 2 2 2 1 24 1
794 3 1 2 1 15 7 2 2 2 1 24 1
794 4 1 2 1 28 11 2 2 2 1 24 1
795 2 1 2 1 48 3 2 2 2 1 69 1
796 2 2 3 1 5 3 2 2 3 1 25 1
797 2 2 1 1 61 2 1 1 1 1 66 1
798 2 2 1 1 25 11 2 1 1 1 23 1
799 2 2 1 1 38 3 1 2 1 1 63 1
800 2 2 1 1 55 2 1 1 1 1 58 1
801 2 2 1 1 67 2 1 1 1 1 66 1
802 2 2 1 1 16 3 1 2 1 1 53 1
803 2 1 2 1 63 2 2 2 2 1 64 1
804 2 2 6 1 63 2 1 1 6 1 61 1
804 3 1 6 1 31 3 1 1 6 1 61 1
804 4 2 6 1 29 12 1 1 6 1 61 1
805 2 2 1 1 51 2 2 1 1 1 45 1
805 3 1 1 1 9 3 2 1 1 1 45 1
806 2 2 1 1 31 2 1 1 1 1 34 1
806 3 2 1 1 1 3 1 1 1 1 34 1
807 2 1 1 1 53 2 1 2 1 1 52 1
808 2 2 1 1 67 2 1 1 1 1 69 1
809 2 2 1 1 42 2 1 1 1 1 43 1
809 3 2 1 1 10 3 1 1 1 1 43 1
809 4 2 1 1 8 3 1 1 1 1 43 1
810 2 2 1 1 49 11 1 1 1 1 62 1
811 2 2 1 1 27 2 1 1 1 2 24 1
812 2 1 1 1 69 2 1 2 1 1 73 1
813 2 1 1 2 68 2 1 2 1 2 69 1
814 2 2 1 1 52 2 1 1 1 1 56 1
814 3 2 1 1 14 3 1 1 1 1 56 1
815 2 1 1 1 32 2 1 2 1 1 29 1
816 2 1 1 1 67 2 1 2 1 1 59 1
817 2 2 1 1 60 2 2 1 1 1 62 1
818 2 1 2 1 2 3 2 2 2 1 38 1
819 2 2 2 1 30 3 2 2 1 1 60 1
819 3 2 2 1 6 9 2 2 1 1 60 1
819 4 2 2 1 5 9 2 2 1 1 60 1
820 2 2 1 1 67 2 1 1 1 1 74 1
821 2 2 1 1 51 2 1 1 1 2 60 1
821 3 1 1 2 9 3 1 1 1 2 60 1
822 2 2 1 1 29 2 2 1 1 1 29 1
823 2 1 1 1 33 11 2 2 1 1 28 1
824 2 1 1 1 64 2 1 2 1 1 60 1
825 2 1 1 1 56 2 1 2 1 1 60 1
825 3 2 1 1 11 9 1 2 1 1 60 1
825 4 1 1 1 10 9 1 2 1 1 60 1
826 2 2 1 1 73 2 1 1 1 1 69 1
827 2 1 1 1 56 2 1 2 1 1 55 1
828 2 2 1 1 51 2 1 1 1 1 53 1
829 2 2 1 1 31 3 2 2 1 1 56 1
829 3 2 1 1 12 9 2 2 1 1 56 1
830 2 1 1 1 45 2 1 2 1 1 41 1
830 3 2 1 1 17 3 1 2 1 1 41 1
830 4 1 1 1 15 3 1 2 1 1 41 1
831 2 2 1 1 88 2 1 1 1 1 88 1
832 2 2 1 1 86 2 1 1 1 1 83 1
833 2 2 8 1 20 2 2 1 1 1 22 1
834 2 2 1 2 54 2 1 1 1 2 57 1
835 2 2 7 5 31 11 2 2 1 1 26 1
836 2 1 1 1 16 3 2 1 1 1 42 1
836 3 2 1 1 14 3 2 1 1 1 42 1
837 2 1 1 1 72 2 1 2 1 1 71 1
838 2 2 1 1 81 2 1 1 1 1 90 1
838 3 2 1 1 52 3 1 1 1 1 90 1
839 2 2 1 1 12 3 2 2 1 1 34 1
839 3 1 1 1 6 3 2 2 1 1 34 1
840 2 1 1 1 84 2 1 2 1 1 71 1
841 2 1 1 1 39 2 1 2 1 1 37 1
841 3 2 1 1 16 3 1 2 1 1 37 1
842 2 1 1 1 62 2 1 2 1 1 63 1
843 2 1 1 1 73 10 1 1 1 1 94 1
844 2 1 8 1 6 3 2 1 1 1 28 1
844 3 1 1 1 26 11 2 1 1 1 28 1
845 2 1 2 1 11 3 1 2 2 1 36 1
846 2 2 1 1 64 2 1 1 1 1 64 1
846 3 1 1 1 89 6 1 1 1 1 64 1
847 2 2 1 1 69 2 1 1 1 1 70 1
848 2 2 1 1 41 11 2 1 1 1 43 1
849 2 2 1 1 55 2 1 1 1 1 62 1
850 2 2 1 1 8 3 2 1 1 1 35 1
851 2 2 1 1 17 3 2 1 1 1 55 1
851 3 2 1 1 15 3 2 1 1 1 55 1
852 2 2 1 1 62 2 1 1 1 1 60 1
853 2 2 1 1 72 7 1 2 1 1 74 1
854 2 1 1 5 50 2 1 2 1 5 50 1
854 3 2 1 5 21 3 1 2 1 5 50 1
854 4 2 1 5 18 3 1 2 1 5 50 1
855 2 2 7 3 17 3 2 2 7 3 41 1
855 3 1 7 3 6 10 2 2 7 3 41 1
856 2 1 1 1 37 2 1 2 1 1 40 1
857 2 2 1 1 56 2 1 1 1 1 63 1
858 2 2 1 1 78 2 1 1 1 1 83 1
859 2 2 1 1 58 2 1 1 1 1 61 1
860 2 2 1 1 72 2 1 1 1 1 76 1
861 2 2 1 1 43 2 1 1 1 1 46 1
862 2 1 1 1 21 3 1 1 1 1 47 1
862 3 1 1 1 17 3 1 1 1 1 47 1
863 2 2 1 1 56 2 1 1 1 1 55 1
864 2 1 2 1 46 11 2 1 1 1 74 1
865 2 2 1 1 28 11 2 1 1 1 28 1
866 2 1 1 1 76 2 1 2 1 1 74 1
867 2 2 1 1 65 2 1 1 1 1 66 1
868 2 2 1 1 55 2 1 1 1 1 57 1
869 2 1 1 1 69 2 1 2 1 1 76 1
870 2 2 8 1 8 3 2 2 8 1 28 1
871 2 1 1 2 29 11 2 1 1 1 31 1
872 2 2 1 1 40 2 1 1 1 1 41 1
872 3 1 1 1 8 3 1 1 1 1 41 1
872 4 1 1 1 2 3 1 1 1 1 41 1
873 2 2 1 1 46 2 1 1 1 1 48 1
874 2 2 1 2 59 2 1 1 1 1 61 1
875 2 1 4 1 53 2 1 2 4 1 47 1
875 3 1 4 1 2 3 1 2 4 1 47 1
876 2 2 1 1 78 2 1 1 1 1 82 1
877 2 2 1 2 21 3 1 1 1 1 49 1
877 3 2 1 2 16 3 1 1 1 1 49 1
877 4 2 1 2 14 3 1 1 1 1 49 1
878 2 2 1 1 69 2 1 1 1 1 83 1
879 2 2 6 1 44 12 2 2 6 1 45 1
879 3 2 6 1 13 12 2 2 6 1 45 1
880 2 2 1 1 43 3 1 2 1 1 70 1
881 2 1 7 2 59 2 2 2 7 2 58 1
881 3 1 7 2 20 3 2 2 7 2 58 1
882 2 2 1 1 47 2 1 1 1 1 45 1
882 3 2 1 1 9 3 1 1 1 1 45 1
883 2 2 1 1 58 11 1 1 1 1 60 1
884 2 1 1 1 84 2 1 2 1 1 63 1
885 2 2 1 1 51 2 1 1 1 1 64 1
886 2 2 1 1 57 2 1 1 1 1 62 1
887 2 1 1 2 18 3 2 2 1 1 48 1
888 2 2 1 1 34 2 1 1 1 1 39 1
888 3 2 1 1 5 3 1 1 1 1 39 1
889 2 2 1 1 17 3 1 2 1 1 55 1
890 2 1 1 1 80 2 1 2 1 1 78 1
891 2 2 1 1 59 2 1 1 1 1 60 1
892 2 2 1 2 62 2 1 1 1 2 61 1
892 3 1 1 2 40 3 1 1 1 2 61 1
892 4 2 1 2 22 9 1 1 1 2 61 1
893 2 2 1 1 64 2 1 1 1 1 68 1
894 2 2 1 1 76 2 1 1 1 1 82 1
895 2 2 1 1 75 2 1 1 1 1 75 1
896 2 2 6 1 62 2 1 1 6 1 64 1
897 2 2 1 1 80 2 1 1 1 1 82 1
898 2 2 1 1 39 3 1 2 1 1 81 1
899 2 1 1 1 62 2 1 2 1 1 60 1
900 2 1 1 1 51 2 1 2 1 1 49 1
901 2 1 2 1 40 2 1 2 2 1 41 1
902 2 1 1 1 59 2 1 2 1 1 58 1
902 3 1 1 1 25 3 1 2 1 1 58 1
903 2 2 4 1 36 2 1 1 4 1 34 1
904 2 2 1 1 29 2 1 1 1 1 30 1
905 2 1 1 1 10 3 2 1 1 1 33 1
906 2 2 1 1 32 2 1 1 1 1 36 1
906 3 2 1 1 1 3 1 1 1 1 36 1
907 2 2 1 1 35 2 1 1 1 1 40 1
907 3 2 1 1 4 3 1 1 1 1 40 1
907 4 2 1 1 2 3 1 1 1 1 40 1
908 2 2 1 1 47 11 1 1 1 1 58 1
909 2 2 1 1 7 3 2 2 1 1 35 1
909 3 2 1 1 53 5 2 2 1 1 35 1
910 2 2 1 1 44 2 1 1 1 1 45 1
910 3 2 1 1 15 3 1 1 1 1 45 1
911 2 1 2 1 43 7 1 1 2 1 48 1
912 2 2 1 1 66 2 1 1 1 1 65 1
913 2 1 1 2 33 2 1 2 1 2 30 1
913 3 2 1 2 2 3 1 2 1 2 30 1
914 2 2 1 1 74 2 1 1 1 1 82 1
915 2 2 2 1 48 2 1 1 2 1 49 1
915 3 2 2 1 18 3 1 1 2 1 49 1
915 4 2 2 1 14 3 1 1 2 1 49 1
916 2 2 1 1 67 2 1 1 1 1 62 1
917 2 2 2 1 18 3 1 2 2 1 40 1
917 3 2 2 1 14 3 1 2 2 1 40 1
918 2 2 1 1 69 2 1 1 1 1 74 1
918 3 1 1 1 44 3 1 1 1 1 74 1
919 2 1 2 1 73 11 1 2 2 1 74 1
920 2 2 1 1 68 2 1 1 1 1 76 1
920 3 1 1 1 40 3 1 1 1 1 76 1
921 2 1 1 1 16 3 1 2 1 1 55 1
922 2 2 1 1 56 11 1 2 1 1 49 1
923 2 1 1 1 41 2 1 2 1 1 42 1
923 3 2 1 1 17 3 1 2 1 1 42 1
923 4 2 1 1 16 3 1 2 1 1 42 1
924 2 1 1 1 61 2 1 2 1 1 54 1
925 2 2 5 1 78 2 1 1 1 1 79 1
926 2 2 1 1 24 11 2 2 1 1 28 1
927 2 1 1 2 67 2 1 2 1 2 62 1
927 3 1 1 2 45 3 1 2 1 2 62 1
927 4 2 1 2 24 9 1 2 1 2 62 1
928 2 2 1 2 89 12 1 1 1 2 45 1
928 3 2 1 2 56 12 1 1 1 2 45 1
928 4 1 1 2 37 12 1 1 1 2 45 1
929 2 1 8 1 43 2 1 2 1 1 42 1
929 3 1 1 1 16 3 1 2 1 1 42 1
929 4 1 1 1 12 3 1 2 1 1 42 1
930 2 2 1 1 56 2 1 1 1 1 64 1
930 3 1 1 1 21 3 1 1 1 1 64 1
931 2 2 1 1 55 2 1 1 1 1 71 1
932 2 2 1 1 37 2 1 1 1 1 38 1
932 3 2 1 1 6 3 1 1 1 1 38 1
932 4 2 1 1 2 3 1 1 1 1 38 1
933 2 2 1 1 67 2 1 1 1 1 68 1
934 2 1 1 1 10 3 2 2 1 1 32 1
935 2 1 1 1 36 2 1 2 1 1 39 1
935 3 2 1 1 7 3 1 2 1 1 39 1
935 4 1 1 1 4 3 1 2 1 1 39 1
936 2 2 1 1 78 2 2 1 1 1 80 1
937 2 2 2 1 25 2 2 1 2 1 31 1
938 2 2 1 1 78 2 2 1 1 1 78 1
939 2 1 1 1 73 2 1 2 1 1 66 1
940 2 2 1 1 45 2 2 1 1 1 51 1
940 3 1 1 1 16 3 2 1 1 1 51 1
940 4 2 1 1 13 3 2 1 1 1 51 1
941 2 2 2 1 72 7 1 2 2 1 59 1
941 3 2 2 1 59 11 1 2 2 1 59 1
942 2 1 1 1 53 2 1 2 1 1 52 1
943 2 2 1 5 65 3 1 1 1 1 94 1
944 2 2 1 1 56 2 1 1 1 1 56 1
945 2 2 1 1 50 2 1 1 1 1 40 1
945 3 1 1 1 37 11 1 1 1 1 40 1
946 2 2 1 1 77 2 1 1 1 1 84 1
947 2 2 1 1 66 2 1 1 1 1 67 1
948 2 1 8 1 19 3 1 1 6 1 49 1
948 3 1 8 1 17 3 1 1 6 1 49 1
949 2 2 1 1 78 2 1 1 1 1 85 1
950 2 2 1 1 27 11 2 2 1 1 28 1
950 3 1 1 1 27 11 2 2 1 1 28 1
951 2 2 1 1 61 11 1 1 1 1 39 1
952 2 1 1 2 65 2 1 2 1 2 55 1
952 3 2 1 2 26 3 1 2 1 2 55 1
952 4 1 1 2 3 9 1 2 1 2 55 1
953 2 1 1 1 37 2 1 2 1 1 36 1
953 3 1 1 1 11 3 1 2 1 1 36 1
953 4 1 1 1 7 3 1 2 1 1 36 1
954 2 1 1 1 49 2 1 2 1 1 52 1
954 3 1 1 1 19 3 1 2 1 1 52 1
955 2 1 8 1 12 3 1 2 8 1 48 1
955 3 2 8 1 10 3 1 2 8 1 48 1
955 4 2 8 3 17 10 1 2 8 1 48 1
956 2 2 1 1 63 2 1 1 1 1 60 1
957 2 1 1 3 20 3 1 2 1 1 56 1
957 3 1 1 1 54 11 1 2 1 1 56 1
958 2 1 1 1 52 2 2 2 1 1 48 1
958 3 2 1 1 20 3 2 2 1 1 48 1
959 2 1 1 1 82 2 2 2 1 1 80 1
960 2 1 1 1 65 2 1 2 1 1 65 1
961 2 2 1 1 62 2 1 1 1 1 64 1
962 2 2 6 1 68 5 1 1 1 1 39 1
962 3 1 1 1 36 11 1 1 1 1 39 1
963 2 1 1 1 40 2 1 2 1 1 38 1
963 3 1 1 1 16 3 1 2 1 1 38 1
963 4 2 1 1 13 3 1 2 1 1 38 1
964 2 2 6 1 67 11 2 2 4 1 58 1
964 3 1 4 1 66 11 2 2 4 1 58 1
964 4 1 6 1 60 11 2 2 4 1 58 1
965 2 1 1 5 54 11 2 2 1 5 54 1
966 2 2 1 1 77 2 1 1 1 1 80 1
967 2 1 1 1 36 2 2 2 1 1 39 1
967 3 2 1 1 4 3 2 2 1 1 39 1
967 4 1 1 1 2 3 2 2 1 1 39 1
968 2 2 1 1 57 2 1 1 1 1 66 1
968 3 1 1 1 21 3 1 1 1 1 66 1
969 2 2 1 1 31 2 1 1 1 1 36 1
969 3 1 1 1 5 3 1 1 1 1 36 1
969 4 2 1 1 3 3 1 1 1 1 36 1
970 2 1 1 1 64 2 1 2 1 1 51 1
971 2 2 2 1 22 3 1 2 2 1 52 1
972 2 2 1 1 24 3 1 2 1 1 56 1
972 3 1 1 1 30 12 1 2 1 1 56 1
973 2 1 2 1 37 3 1 2 2 1 55 1
974 2 2 1 1 54 2 1 1 1 1 54 1
974 3 2 1 1 10 3 1 1 1 1 54 1
975 2 2 1 1 31 2 1 1 1 1 34 1
975 3 1 1 1 5 3 1 1 1 1 34 1
975 4 2 1 1 2 3 1 1 1 1 34 1
976 2 1 2 1 69 2 2 2 2 1 70 1
976 3 2 2 1 50 3 2 2 2 1 70 1
976 4 1 2 1 27 10 2 2 2 1 70 1
977 2 1 1 1 54 2 1 2 1 1 59 1
978 2 1 1 1 12 3 1 2 1 4 32 1
979 2 2 1 1 48 2 1 1 1 1 49 1
979 3 1 1 1 13 3 1 1 1 1 49 1
980 2 2 1 1 65 2 1 1 1 1 65 1
981 2 1 2 1 47 2 1 2 2 1 47 1
981 3 1 2 1 24 3 1 2 2 1 47 1
982 2 1 1 1 56 3 1 1 1 1 89 1
983 2 1 1 1 53 2 1 2 1 1 50 1
983 3 1 1 1 15 3 1 2 1 1 50 1
983 4 1 1 1 13 3 1 2 1 1 50 1
984 2 2 1 2 65 2 1 1 1 2 66 1
985 2 2 1 1 25 11 2 2 1 1 24 1
986 2 2 1 1 31 2 1 1 1 1 34 1
986 3 1 1 1 13 3 1 1 1 1 34 1
986 4 2 1 1 9 3 1 1 1 1 34 1
987 2 2 1 1 29 2 2 1 2 1 32 1
987 3 1 1 1 8 3 2 1 2 1 32 1
987 4 2 2 1 6 3 2 1 2 1 32 1
988 2 1 1 1 55 2 2 2 1 1 53 1
989 2 2 1 1 76 2 1 1 1 1 83 1
990 2 1 3 1 43 2 1 2 1 1 39 1
990 3 1 3 1 14 3 1 2 1 1 39 1
990 4 2 3 1 10 3 1 2 1 1 39 1
991 2 1 1 1 42 11 2 2 1 1 34 1
992 2 2 1 2 36 2 2 1 1 1 37 1
992 3 2 1 2 1 3 2 1 1 1 37 1
993 2 1 3 1 70 2 1 2 1 5 60 1
993 3 2 1 2 55 12 1 2 1 5 60 1
993 4 2 1 2 18 12 1 2 1 5 60 1
994 2 1 1 2 11 3 1 1 1 2 32 1
994 3 2 1 2 34 11 1 1 1 2 32 1
995 2 2 2 1 24 2 2 1 2 3 24 1
995 3 1 2 3 3 3 2 1 2 3 24 1
996 2 2 1 1 31 2 1 1 1 1 41 1
996 3 1 1 1 3 3 1 1 1 1 41 1
996 4 1 1 1 1 3 1 1 1 1 41 1
997 2 2 1 2 52 2 1 1 1 2 54 1
997 3 1 1 2 19 3 1 1 1 2 54 1
997 4 1 1 2 15 3 1 1 1 2 54 1
998 2 2 1 1 53 2 1 1 1 1 58 1
999 2 1 1 1 78 2 1 2 1 1 73 1
1000 2 2 1 1 63 2 1 1 1 1 65 1
1000 3 1 1 1 39 3 1 1 1 1 65 1
1000 4 1 1 1 16 9 1 1 1 1 65 1
1001 2 2 1 1 65 2 1 1 1 1 66 1
1002 2 1 1 1 72 2 1 2 1 1 69 1
1003 2 2 1 1 64 2 1 1 1 1 64 1
1004 2 1 1 1 60 2 1 2 1 1 54 1
1005 2 1 1 1 21 3 2 1 1 1 49 1
1006 2 2 1 1 60 2 1 1 1 1 62 1
1006 3 2 1 1 36 3 1 1 1 1 62 1
1006 4 1 1 1 4 9 1 1 1 1 62 1
1007 2 2 1 1 61 2 1 1 1 1 64 1
1008 2 2 2 1 40 3 2 2 2 1 64 1
1008 3 2 2 1 34 3 2 2 2 1 64 1
1008 4 2 2 1 18 9 2 2 2 1 64 1
1009 2 2 1 1 56 2 1 1 1 1 54 1
1009 3 1 1 1 34 3 1 1 1 1 54 1
1009 4 1 1 1 5 9 1 1 1 1 54 1
1010 2 1 1 1 71 2 1 2 1 1 69 1
1010 3 2 1 1 94 5 1 2 1 1 69 1
1011 2 2 1 1 46 12 1 1 1 1 41 1
1011 3 1 1 1 17 12 1 1 1 1 41 1
1011 4 2 1 1 15 12 1 1 1 1 41 1
1012 2 2 1 1 51 2 1 1 1 1 60 1
1012 3 1 1 1 25 3 1 1 1 1 60 1
1013 2 1 1 1 43 2 2 2 1 1 42 1
1013 3 1 1 1 11 3 2 2 1 1 42 1
1013 4 1 1 1 8 3 2 2 1 1 42 1
1014 2 2 1 1 52 2 1 1 1 1 56 1
1015 2 2 1 1 31 2 1 1 1 1 33 1
1015 3 2 1 1 2 3 1 1 1 1 33 1
1015 4 2 1 1 1 3 1 1 1 1 33 1
1016 2 1 1 2 37 11 2 1 1 2 43 1
1017 2 1 1 1 9 3 2 2 1 1 28 1
1018 2 2 2 1 47 7 2 2 2 1 48 1
1018 3 2 2 1 42 7 2 2 2 1 48 1
1019 2 2 2 1 45 3 2 2 2 1 60 1
1019 3 1 2 1 19 9 2 2 2 1 60 1
1019 4 2 2 1 12 9 2 2 2 1 60 1
1020 2 2 1 1 63 2 2 1 1 1 68 1
1021 2 2 1 1 63 2 1 1 1 1 71 1
1022 2 2 1 1 62 2 1 1 1 1 68 1
1023 2 1 1 1 38 3 1 2 1 5 69 1
1023 3 2 1 2 72 7 1 2 1 5 69 1
1023 4 1 1 1 19 9 1 2 1 5 69 1
1024 2 1 6 1 40 2 2 2 6 1 36 1
1024 3 1 6 1 5 3 2 2 6 1 36 1
1024 4 1 6 1 3 3 2 2 6 1 36 1
1025 2 2 1 1 58 2 1 1 1 1 58 1
1025 3 1 1 1 26 3 1 1 1 1 58 1
1026 2 1 1 1 49 2 2 2 1 1 50 1
1026 3 1 1 1 18 3 2 2 1 1 50 1
1027 2 2 1 1 40 2 2 1 1 1 48 1
1027 3 1 1 1 21 12 2 1 1 1 48 1
1027 4 1 1 1 17 12 2 1 1 1 48 1
1028 2 1 1 1 41 2 1 2 1 5 41 1
1028 3 1 1 5 19 3 1 2 1 5 41 1
1028 4 2 1 5 5 3 1 2 1 5 41 1
1029 2 1 1 3 43 2 1 2 1 1 42 1
1029 3 2 1 2 8 3 1 2 1 1 42 1
1029 4 2 1 3 6 3 1 2 1 1 42 1
1030 2 2 3 1 57 2 1 1 1 1 62 1
1031 2 2 1 3 67 2 2 1 1 3 68 1
1032 2 2 1 1 61 2 1 1 1 1 65 1
1032 3 1 1 1 36 3 1 1 1 1 65 1
1033 2 2 1 2 46 2 1 1 1 2 50 1
1033 3 1 1 2 18 3 1 1 1 2 50 1
1033 4 2 1 2 13 3 1 1 1 2 50 1
1034 2 2 1 1 51 2 1 1 1 1 51 1
1034 3 2 1 1 25 3 1 1 1 1 51 1
1034 4 1 1 1 23 3 1 1 1 1 51 1
1035 2 2 3 2 70 2 1 1 3 2 77 1
1036 2 1 1 1 57 2 1 2 1 1 55 1
1036 3 1 1 1 18 3 1 2 1 1 55 1
1037 2 2 1 1 25 11 1 1 1 1 25 1
1038 2 1 1 1 20 3 1 2 1 1 56 1
1038 3 2 1 1 17 3 1 2 1 1 56 1
1039 2 2 1 1 78 11 2 1 1 1 82 1
1040 2 1 1 1 56 2 2 2 1 1 52 1
1041 2 1 1 1 65 2 1 2 1 1 65 1
1042 2 2 1 1 55 2 1 1 1 1 62 1
1042 3 2 1 1 29 3 1 1 1 1 62 1
1043 2 2 1 1 37 2 1 1 1 1 36 1
1043 3 1 1 1 9 3 1 1 1 1 36 1
1043 4 1 1 1 5 3 1 1 1 1 36 1
1044 2 2 1 1 48 2 1 1 4 1 59 1
1044 3 2 8 1 10 3 1 1 4 1 59 1
1044 4 2 8 1 24 3 1 1 4 1 59 1
1045 2 2 1 1 43 2 1 1 1 1 45 1
1045 3 2 1 1 16 3 1 1 1 1 45 1
1046 2 2 7 2 34 2 2 1 7 2 28 1
1046 3 2 7 2 15 3 2 1 7 2 28 1
1046 4 2 7 2 4 3 2 1 7 2 28 1
1047 2 1 1 1 63 2 1 2 1 1 74 1
1048 2 2 1 1 52 2 1 1 1 1 53 1
1048 3 2 1 1 23 3 1 1 1 1 53 1
1049 2 2 6 1 41 2 1 1 1 1 39 1
1049 3 1 8 1 11 3 1 1 1 1 39 1
1049 4 1 8 1 8 3 1 1 1 1 39 1
1050 2 1 1 1 94 7 1 1 1 1 86 1
1051 2 2 1 1 70 2 1 1 1 1 72 1
1051 3 1 1 1 47 3 1 1 1 1 72 1
1051 4 2 1 1 31 12 1 1 1 1 72 1
1052 2 2 1 1 32 2 1 1 1 1 30 1
1053 2 2 1 1 74 2 1 1 1 1 77 1
1053 3 2 1 1 54 3 1 1 1 1 77 1
1054 2 2 1 1 75 2 1 1 1 1 78 1
1054 3 2 1 1 65 12 1 1 1 1 78 1
1055 2 2 1 1 28 2 1 1 1 1 35 1
1056 2 1 1 1 26 3 2 2 1 1 57 1
1057 2 2 6 1 49 2 1 1 1 1 71 1
1058 2 1 1 1 67 2 1 2 1 1 66 1
1058 3 1 1 1 90 5 1 2 1 1 66 1
1058 4 2 1 1 87 5 1 2 1 1 66 1
1059 2 2 1 1 61 2 1 1 1 1 55 1
1060 2 2 1 1 8 3 1 1 1 1 44 1
1060 3 2 1 1 17 3 1 1 1 1 44 1
1060 4 2 1 1 17 3 1 1 1 1 44 1
1061 2 1 1 1 60 2 1 2 1 1 60 1
1061 3 2 1 1 84 5 1 2 1 1 60 1
1062 2 2 8 1 30 2 2 1 8 1 36 1
1062 3 1 8 1 7 3 2 1 8 1 36 1
1062 4 2 8 1 6 3 2 1 8 1 36 1
1063 2 2 1 2 21 2 2 1 1 2 30 1
1063 3 1 1 2 2 3 2 1 1 2 30 1
1064 2 1 2 1 43 2 2 2 2 1 48 1
1064 3 1 2 1 15 3 2 2 2 1 48 1
1065 2 1 1 1 86 2 1 2 1 1 86 1
1065 3 1 1 1 50 3 1 2 1 1 86 1
1066 2 2 9 5 30 2 2 1 8 1 31 1
1066 3 1 9 5 2 3 2 1 8 1 31 1
1067 2 2 1 1 68 2 1 1 1 1 65 1
1068 2 2 1 1 56 2 1 1 1 1 80 1
1068 3 2 1 1 32 3 1 1 1 1 80 1
1069 2 2 1 1 62 2 1 1 1 1 73 1
1070 2 1 4 1 49 2 2 2 4 1 49 1
1070 3 1 4 1 15 3 2 2 4 1 49 1
1070 4 2 4 1 52 7 2 2 4 1 49 1
1071 2 2 1 1 51 2 1 1 1 1 51 1
1072 2 1 2 1 1 3 1 1 1 1 50 1
1072 3 2 2 1 3 11 1 1 1 1 50 1
1072 4 2 2 1 24 11 1 1 1 1 50 1
1073 2 1 1 1 63 2 1 2 1 1 60 1
1074 2 2 7 2 44 2 1 1 8 2 44 1
1074 3 1 7 2 21 3 1 1 8 2 44 1
1074 4 1 7 2 10 3 1 1 8 2 44 1
1075 2 2 1 1 8 3 2 2 1 1 30 1
1076 2 2 1 1 47 2 1 1 1 1 59 1
1077 2 2 1 1 65 2 1 1 1 1 71 1
1078 2 2 2 1 57 2 1 1 2 1 59 1
1078 3 1 2 1 38 3 1 1 2 1 59 1
1079 2 2 2 1 16 3 2 2 2 1 38 1
1079 3 2 2 1 9 3 2 2 2 1 38 1
1080 2 2 1 1 59 2 1 1 1 1 67 1
1081 2 2 1 1 50 2 1 1 1 1 49 1
1081 3 1 1 1 25 3 1 1 1 1 49 1
1081 4 2 1 1 71 6 1 1 1 1 49 1
1082 2 2 4 1 28 2 2 1 4 1 28 1
1083 2 2 1 1 59 3 1 2 1 1 79 1
1083 3 1 1 1 51 11 1 2 1 1 79 1
1084 2 2 1 1 62 2 1 1 1 1 66 1
1085 2 1 1 1 62 2 1 2 1 1 58 1
1085 3 2 1 1 17 3 1 2 1 1 58 1
1086 2 2 1 1 60 2 1 1 1 1 66 1
1087 2 2 1 1 75 2 1 1 1 1 83 1
1088 2 1 1 2 39 3 1 2 1 2 65 1
1089 2 1 1 1 74 2 2 2 1 1 76 1
1090 2 2 1 1 71 2 1 1 1 1 72 1
1090 3 2 1 1 35 3 1 1 1 1 72 1
1091 2 1 1 1 45 2 1 2 1 1 45 1
1092 2 2 1 1 79 2 1 1 1 1 80 1
1092 3 2 1 1 46 3 1 1 1 1 80 1
1092 4 1 1 1 21 9 1 1 1 1 80 1
1093 2 1 2 1 7 3 2 1 2 1 32 1
1094 2 1 1 1 46 2 2 2 1 1 49 1
1094 3 1 1 1 12 3 2 2 1 1 49 1
1094 4 2 1 1 10 3 2 2 1 1 49 1
1095 2 2 2 1 6 3 2 2 2 1 25 1
1095 3 1 2 1 3 3 2 2 2 1 25 1
1095 4 1 2 1 1 3 2 2 2 1 25 1
1096 2 2 2 1 65 2 1 1 2 1 62 1
1097 2 1 1 1 10 3 1 1 1 1 43 1
1098 2 1 1 4 17 3 1 2 1 4 47 1
1098 3 2 1 4 15 3 1 2 1 4 47 1
1098 4 1 1 1 52 11 1 2 1 4 47 1
1099 2 2 1 1 66 2 1 1 1 1 67 1
1099 3 1 1 1 27 3 1 1 1 1 67 1
1100 2 1 8 2 63 2 1 2 8 2 59 1
1100 3 2 8 2 33 3 1 2 8 2 59 1
1101 2 2 1 1 54 11 1 2 1 1 53 1
1101 3 2 1 1 31 11 1 2 1 1 53 1
1102 2 2 6 1 32 2 2 1 6 1 29 1
1102 3 2 6 1 5 3 2 1 6 1 29 1
1103 2 1 1 1 56 2 1 2 1 1 56 1
1104 2 1 2 2 41 2 1 2 1 1 31 1
1104 3 2 1 2 3 3 1 2 1 1 31 1
1104 4 1 1 2 1 3 1 2 1 1 31 1
1105 2 2 1 1 33 2 1 1 1 1 33 1
1105 3 2 1 1 5 3 1 1 1 1 33 1
1105 4 2 1 1 3 3 1 1 1 1 33 1
1106 2 2 6 1 55 2 2 1 6 1 63 1
1106 3 1 6 1 27 3 2 1 6 1 63 1
1107 2 2 1 1 77 2 1 1 1 1 82 1
1108 2 2 1 1 53 2 2 1 1 1 55 1
1109 2 2 1 1 7 3 1 2 1 1 32 1
1110 2 1 2 1 2 3 1 2 2 1 27 1
1111 2 2 1 1 68 2 1 1 1 1 74 1
1112 2 2 2 1 14 3 2 2 2 1 45 1
1112 3 1 2 1 10 3 2 2 2 1 45 1
1113 2 2 1 1 40 2 1 1 1 1 40 1
1113 3 1 1 1 13 3 1 1 1 1 40 1
1113 4 1 1 1 10 3 1 1 1 1 40 1
1114 2 1 1 1 38 2 1 2 1 1 48 1
1114 3 1 1 1 19 3 1 2 1 1 48 1
1114 4 2 1 1 10 3 1 2 1 1 48 1
1115 2 2 1 1 64 2 1 1 1 1 65 1
1115 3 2 1 1 21 3 1 1 1 1 65 1
1116 2 1 1 1 47 3 1 2 1 1 76 1
1116 3 2 1 1 17 9 1 2 1 1 76 1
1117 2 2 2 1 65 11 2 1 2 1 32 1
1118 2 1 1 1 55 11 1 1 1 1 58 1
1119 2 1 1 1 56 2 1 2 1 1 57 1
1119 3 1 1 1 16 3 1 2 1 1 57 1
1120 2 2 1 2 48 2 1 1 1 1 52 1
1121 2 2 6 1 53 2 1 1 6 1 55 1
1121 3 1 6 1 23 3 1 1 6 1 55 1
1121 4 2 6 1 18 3 1 1 6 1 55 1
1122 2 1 7 2 81 5 2 1 7 2 38 1
1123 2 2 1 1 55 2 1 1 1 1 59 1
1124 2 2 1 1 46 2 1 1 1 1 49 1
1124 3 2 1 1 17 3 1 1 1 1 49 1
1124 4 1 1 1 15 3 1 1 1 1 49 1
1125 2 1 1 2 31 2 1 2 1 2 32 1
1126 2 2 1 1 60 2 1 1 1 1 61 1
1127 2 1 1 1 66 11 1 2 1 1 69 1
1128 2 2 1 1 75 2 2 1 1 1 79 1
1129 2 2 1 1 61 11 1 2 1 1 62 1
1130 2 1 1 1 52 2 1 2 1 1 50 1
1130 3 2 1 1 19 3 1 2 1 1 50 1
1131 2 2 1 1 62 2 1 1 1 1 68 1
1132 2 2 1 1 79 2 1 1 1 1 81 1
1133 2 1 1 1 82 2 2 2 1 1 71 1
1134 2 1 1 1 32 11 2 2 1 1 28 1
1135 2 2 1 1 40 2 1 1 1 1 41 1
1135 3 1 1 1 11 3 1 1 1 1 41 1
1135 4 2 1 1 8 3 1 1 1 1 41 1
1136 2 2 1 1 8 3 2 2 1 1 31 1
1136 3 2 1 1 6 3 2 2 1 1 31 1
1136 4 1 1 1 5 3 2 2 1 1 31 1
1137 2 1 1 1 41 2 1 2 7 5 44 1
1137 3 1 1 5 19 3 1 2 7 5 44 1
1138 2 1 1 1 29 11 1 1 1 1 33 1
1139 2 2 1 1 67 2 1 1 1 1 74 1
1140 2 1 7 2 33 10 2 1 7 2 27 1
1140 3 1 7 2 25 10 2 1 7 2 27 1
1141 2 2 1 1 65 2 1 1 1 1 70 1
1142 2 2 1 1 56 2 2 1 1 1 64 1
1143 2 1 2 1 19 3 1 2 2 1 48 1
1143 3 2 2 1 15 3 1 2 2 1 48 1
1143 4 2 2 1 12 3 1 2 2 1 48 1
1144 2 2 1 1 50 2 1 1 1 1 53 1
1144 3 2 1 1 9 3 1 1 1 1 53 1
1145 2 1 1 2 82 2 2 2 1 2 72 1
1146 2 1 2 1 37 2 1 2 2 1 35 1
1146 3 1 2 1 3 3 1 2 2 1 35 1
1147 2 2 1 1 68 2 2 1 1 1 65 1
1148 2 2 2 1 54 12 2 2 2 1 54 1
1149 2 2 1 1 48 2 1 1 1 1 48 1
1149 3 2 1 1 25 3 1 1 1 1 48 1
1149 4 1 1 1 21 3 1 1 1 1 48 1
1150 2 2 1 1 26 2 2 1 1 1 22 1
1151 2 2 2 1 46 11 2 1 2 1 64 1
1151 3 2 2 1 62 12 2 1 2 1 64 1
1152 2 2 1 1 17 3 2 2 1 1 54 1
1153 2 1 1 1 67 2 1 2 1 1 63 1
1154 2 2 1 1 62 2 1 1 1 1 62 1
1155 2 1 1 1 87 2 1 2 1 1 74 1
1156 2 2 1 1 61 2 1 1 1 1 64 1
1157 2 1 1 1 63 7 1 1 1 1 58 1
1158 2 2 1 1 57 2 1 1 1 1 58 1
1159 2 2 1 1 78 2 1 1 1 1 88 1
1160 2 2 1 1 31 3 1 2 1 1 51 1
1161 2 1 1 1 60 2 1 2 1 1 61 1
1162 2 1 1 1 61 2 1 2 1 1 61 1
1163 2 1 1 1 12 3 2 2 1 1 39 1
1163 3 2 1 1 10 3 2 2 1 1 39 1
1163 4 1 1 1 4 3 2 2 1 1 39 1
1164 2 2 1 1 58 2 1 1 1 1 55 1
1165 2 1 6 1 31 11 2 1 6 1 45 1
1166 2 2 1 1 46 2 1 1 1 1 40 1
1167 2 1 2 1 27 3 2 2 2 1 58 1
1167 3 1 2 1 24 3 2 2 2 1 58 1
1168 2 1 2 1 67 2 1 2 2 1 61 1
1168 3 2 2 1 33 3 1 2 2 1 61 1
1168 4 2 2 1 32 3 1 2 2 1 61 1
1169 2 2 1 1 60 2 1 1 1 1 63 1
1170 2 1 1 1 82 11 2 2 1 1 68 1
1171 2 2 1 1 59 2 1 1 1 1 61 1
1172 2 1 1 1 70 2 1 2 1 1 65 1
1173 2 2 1 1 39 2 1 1 1 1 51 1
1173 3 2 1 1 9 3 1 1 1 1 51 1
1173 4 1 1 1 5 3 1 1 1 1 51 1
1174 2 1 8 1 8 3 1 2 1 1 36 1
1175 2 1 1 1 20 7 2 2 8 1 29 1
1176 2 2 1 1 74 2 1 1 1 1 67 1
1177 2 2 1 1 61 2 1 1 1 1 63 1
1178 2 2 2 1 35 2 1 1 2 1 40 1
1178 3 2 2 1 13 3 1 1 2 1 40 1
1178 4 2 2 1 9 3 1 1 2 1 40 1
1179 2 1 1 1 83 2 2 2 1 1 73 1
1179 3 2 1 1 52 3 2 2 1 1 73 1
1179 4 1 1 1 31 12 2 2 1 1 73 1
1180 2 2 1 1 2 3 1 2 1 1 36 1
1180 3 2 1 1 33 11 1 2 1 1 36 1
1181 2 2 1 1 50 2 1 1 1 1 48 1
1182 2 2 1 2 27 11 1 1 1 2 33 1
1182 3 2 1 2 57 12 1 1 1 2 33 1
1183 2 1 1 1 34 2 1 2 1 1 34 1
1183 3 2 1 1 1 3 1 2 1 1 34 1
1184 2 1 1 1 64 2 1 2 1 1 67 1
1185 2 2 1 1 62 2 1 1 1 1 59 1
1185 3 1 1 1 23 3 1 1 1 1 59 1
1185 4 1 1 1 20 3 1 1 1 1 59 1
1186 2 2 1 1 44 2 1 1 1 1 44 1
1186 3 1 1 1 11 3 1 1 1 1 44 1
1186 4 1 1 1 9 3 1 1 1 1 44 1
1187 2 2 1 2 55 2 2 1 1 2 68 1
1187 3 1 1 2 15 3 2 1 1 2 68 1
1188 2 2 1 1 60 2 1 1 1 1 67 1
1189 2 2 1 1 65 2 1 1 1 1 70 1
1189 3 2 3 1 20 3 1 1 1 1 70 1
1190 2 1 1 1 42 2 2 2 1 1 45 1
1190 3 1 1 1 10 3 2 2 1 1 45 1
1191 2 1 1 1 60 2 2 2 1 1 59 1
1192 2 1 2 1 42 2 2 2 1 5 33 1
1192 3 2 8 5 10 3 2 2 1 5 33 1
1192 4 1 8 5 9 3 2 2 1 5 33 1
1193 2 1 1 1 41 2 1 2 1 1 41 1
1193 3 2 1 1 14 3 1 2 1 1 41 1
1193 4 2 1 1 10 3 1 2 1 1 41 1
1194 2 1 4 1 50 2 1 2 4 1 49 1
1195 2 2 1 4 55 2 1 1 1 1 61 1
1195 3 1 1 4 27 3 1 1 1 1 61 1
1196 2 1 1 1 41 2 1 2 1 1 38 1
1197 2 2 1 1 62 2 1 1 1 1 63 1
1198 2 1 1 1 54 2 1 2 1 1 57 1
1199 2 2 1 1 44 2 1 1 1 1 47 1
1199 3 2 1 1 18 3 1 1 1 1 47 1
1200 2 2 1 1 28 3 1 2 1 1 50 1
1200 3 2 1 1 6 9 1 2 1 1 50 1
1200 4 1 1 1 50 11 1 2 1 1 50 1
1201 2 2 1 1 50 2 1 1 1 1 51 1
1202 2 1 1 1 67 2 1 2 1 1 65 1
1203 2 2 1 1 63 2 1 1 1 1 68 1
1204 2 1 1 5 53 11 2 1 1 1 41 1
1205 2 1 1 1 56 2 1 2 1 1 45 1
1205 3 1 1 1 26 3 1 2 1 1 45 1
1206 2 1 2 1 41 2 1 2 2 5 35 1
1206 3 2 2 5 5 3 1 2 2 5 35 1
1206 4 2 2 5 2 3 1 2 2 5 35 1
1207 2 2 1 1 15 3 1 2 1 1 56 1
1207 3 2 2 1 13 3 1 2 1 1 56 1
1208 2 2 1 1 67 2 1 1 1 1 73 1
1209 2 2 1 1 80 2 1 1 1 1 80 1
1210 2 1 1 1 81 2 1 2 1 1 81 1
1211 2 1 1 1 31 2 1 2 1 1 32 1
1211 3 1 1 1 5 3 1 2 1 1 32 1
1211 4 1 1 1 1 3 1 2 1 1 32 1
1212 2 1 1 1 48 2 1 2 1 1 48 1
1212 3 1 1 1 21 3 1 2 1 1 48 1
1212 4 1 1 1 16 3 1 2 1 1 48 1
1213 2 2 1 1 17 9 2 2 1 1 55 1
1213 3 1 1 1 3 9 2 2 1 1 55 1
1213 4 1 1 1 20 12 2 2 1 1 55 1
1214 2 1 9 1 3 3 2 2 1 1 42 1
1215 2 2 1 1 59 2 1 1 1 1 61 1
1216 2 2 1 1 75 2 1 1 1 1 71 1
1217 2 2 1 1 67 2 1 1 1 1 68 1
1218 2 2 1 1 65 2 1 1 1 1 69 1
1219 2 2 1 1 45 2 1 1 1 1 55 1
1219 3 2 1 1 18 3 1 1 1 1 55 1
1219 4 2 1 1 16 3 1 1 1 1 55 1
1220 2 1 1 1 19 3 2 2 1 1 49 1
1221 2 2 1 1 72 2 1 1 1 1 72 1
1222 2 2 8 1 8 3 2 2 8 1 28 1
1223 2 1 1 1 39 2 1 2 1 2 41 1
1223 3 2 1 2 6 3 1 2 1 2 41 1
1223 4 2 1 2 4 3 1 2 1 2 41 1
1224 2 1 1 1 57 2 2 2 1 1 51 1
1225 2 2 9 3 40 2 2 1 9 3 39 1
1225 3 2 9 3 14 3 2 1 9 3 39 1
1225 4 1 9 3 9 3 2 1 9 3 39 1
1226 2 2 1 1 42 11 1 1 1 1 51 1
1227 2 2 1 1 38 2 1 1 1 1 43 1
1227 3 1 1 1 12 3 1 1 1 1 43 1
1227 4 2 1 1 10 3 1 1 1 1 43 1
1228 2 2 1 1 44 2 1 1 1 1 43 1
1229 2 2 1 1 62 2 1 1 1 1 66 1
1230 2 2 7 5 27 2 2 1 7 5 33 1
1230 3 1 7 5 5 3 2 1 7 5 33 1
1230 4 2 7 5 2 3 2 1 7 5 33 1
1231 2 2 1 1 23 2 2 1 1 1 25 1
1231 3 2 1 1 4 3 2 1 1 1 25 1
1231 4 2 1 1 1 3 2 1 1 1 25 1
1232 2 2 1 1 24 2 2 1 1 1 24 1
1233 2 2 2 1 37 2 1 1 1 1 37 1
1233 3 2 8 1 5 3 1 1 1 1 37 1
1233 4 2 8 1 2 3 1 1 1 1 37 1
1234 2 2 1 1 29 3 1 2 1 1 56 1
1235 2 2 1 1 70 2 1 1 1 1 73 1
1236 2 2 4 1 41 2 2 1 4 1 41 1
1236 3 1 4 1 15 3 2 1 4 1 41 1
1237 2 2 1 2 41 2 1 1 1 2 73 1
1237 3 2 1 2 18 3 1 1 1 2 73 1
1237 4 1 1 2 16 3 1 1 1 2 73 1
1238 2 1 1 1 21 3 1 2 1 1 57 1
1238 3 1 2 1 27 11 1 2 1 1 57 1
1239 2 2 1 1 72 2 1 1 1 1 66 1
1240 2 1 1 1 48 2 1 2 1 1 42 1
1240 3 2 1 1 15 3 1 2 1 1 42 1
1240 4 1 1 1 8 3 1 2 1 1 42 1
1241 2 2 1 4 76 2 1 1 1 4 82 1
1242 2 1 1 1 36 2 2 2 1 1 33 1
1243 2 1 2 1 29 2 2 2 1 1 25 1
1243 3 1 8 1 1 3 2 2 1 1 25 1
1244 2 2 1 1 54 11 2 1 1 1 31 1
1245 2 2 1 1 62 2 1 1 1 1 61 1
1246 2 2 1 1 82 2 1 1 1 1 85 1
1247 2 2 1 3 4 3 2 2 1 3 32 1
1248 2 1 1 1 23 3 1 2 1 1 52 1
1249 2 2 1 1 42 2 1 1 1 1 42 1
1249 3 2 1 1 13 3 1 1 1 1 42 1
1249 4 1 1 1 10 3 1 1 1 1 42 1
1250 2 1 1 1 9 3 2 2 1 1 45 1
1250 3 1 1 1 8 3 2 2 1 1 45 1
1250 4 2 1 1 6 3 2 2 1 1 45 1
1251 2 2 1 1 15 3 1 2 1 1 43 1
1251 3 2 1 1 7 3 1 2 1 1 43 1
1251 4 1 1 1 6 3 1 2 1 1 43 1
1252 2 1 6 1 57 10 1 2 6 1 53 1
1253 2 2 1 1 52 2 1 1 1 1 54 1
1254 2 2 1 1 57 2 2 1 1 1 57 1
1255 2 2 1 1 56 2 1 1 1 1 61 1
1256 2 2 2 1 52 2 1 1 2 1 52 1
1256 3 2 2 1 21 3 1 1 2 1 52 1
1257 2 1 1 5 29 11 2 2 1 5 44 1
1258 2 2 1 1 78 2 1 1 1 1 81 1
1259 2 1 1 1 85 2 1 2 1 1 90 1
1260 2 1 1 1 46 2 1 2 1 1 53 1
1260 3 1 1 1 21 3 1 2 1 1 53 1
1261 2 1 1 1 55 2 1 2 1 1 53 1
1261 3 2 1 1 31 3 1 2 1 1 53 1
1262 2 1 1 1 64 2 1 2 1 1 63 1
1263 2 1 1 1 11 3 1 1 1 1 43 1
1263 3 2 1 1 62 5 1 1 1 1 43 1
1264 2 1 1 1 58 3 1 2 1 2 85 1
1265 2 2 2 1 24 3 2 2 2 1 48 1
1265 3 2 2 1 18 3 2 2 2 1 48 1
1266 2 1 1 1 20 3 1 2 1 1 52 1
1266 3 1 1 1 17 3 1 2 1 1 52 1
1266 4 2 1 1 15 3 1 2 1 1 52 1
1267 2 2 6 1 60 2 1 1 6 1 52 1
1268 2 2 1 1 60 2 1 1 1 1 61 1
1268 3 2 1 1 30 3 1 1 1 1 61 1
1269 2 2 1 1 69 2 1 1 1 1 72 1
1270 2 2 1 1 65 3 1 2 1 1 83 1
1271 2 2 1 2 43 2 2 1 1 2 38 1
1271 3 1 1 2 15 3 2 1 1 2 38 1
1271 4 2 1 2 13 3 2 1 1 2 38 1
1272 2 2 1 1 53 2 1 1 1 1 54 1
1273 2 1 1 3 41 2 1 2 1 5 33 1
1273 3 1 1 5 13 3 1 2 1 5 33 1
1273 4 1 1 5 5 3 1 2 1 5 33 1
1274 2 2 1 1 34 2 2 1 1 1 35 1
1274 3 2 1 1 11 3 2 1 1 1 35 1
1274 4 1 1 1 10 3 2 1 1 1 35 1
1275 2 1 1 2 69 2 1 2 1 1 65 1
1276 2 1 1 1 68 2 1 2 1 1 57 1
1277 2 2 1 1 58 2 1 1 1 1 65 1
1278 2 2 1 1 56 2 1 1 1 1 55 1
1278 3 2 1 1 19 3 1 1 1 1 55 1
1279 2 2 1 1 52 2 1 1 1 1 58 1
1279 3 1 1 1 20 3 1 1 1 1 58 1
1279 4 2 1 1 18 3 1 1 1 1 58 1
1280 2 1 2 1 52 3 1 2 2 1 83 1
1281 2 1 1 1 54 7 1 2 1 1 52 1
1281 3 1 1 1 6 9 1 2 1 1 52 1
1282 2 2 1 5 23 3 2 2 1 5 51 1
1282 3 1 1 5 39 10 2 2 1 5 51 1
1282 4 2 1 5 39 10 2 2 1 5 51 1
1283 2 1 1 1 18 3 1 1 1 1 36 1
1284 2 2 1 1 90 5 1 1 1 1 55 1
1285 2 1 1 1 29 2 2 2 1 1 28 1
1285 3 2 1 1 2 3 2 2 1 1 28 1
1286 2 1 1 1 37 2 1 2 1 1 35 1
1286 3 2 1 1 8 3 1 2 1 1 35 1
1286 4 2 1 1 4 3 1 2 1 1 35 1
1287 2 2 1 1 51 2 2 1 1 1 63 1
1288 2 1 1 1 31 11 1 2 1 1 50 1
1289 2 2 1 1 30 11 2 1 1 1 27 1
1290 2 2 1 1 57 2 1 1 1 1 59 1
1290 3 2 1 1 15 3 1 1 1 1 59 1
1291 2 1 1 1 67 2 2 2 1 1 63 1
1292 2 2 1 1 67 2 1 1 1 1 61 1
1293 2 2 1 1 33 3 1 2 1 1 57 1
1294 2 2 1 1 64 2 1 1 1 1 64 1
1295 2 1 1 1 61 2 2 2 1 1 57 1
1296 2 2 1 1 64 2 1 1 1 1 68 1
1297 2 2 1 1 60 2 1 1 1 1 68 1
1298 2 2 1 4 44 11 2 1 1 4 46 1
1299 2 2 2 1 76 2 2 1 2 1 79 1
1300 2 2 1 1 71 2 2 1 1 1 70 1
1300 3 1 1 1 38 3 2 1 1 1 70 1
1301 2 1 1 1 19 10 1 2 1 1 46 1
1301 3 1 1 1 56 11 1 2 1 1 46 1
1302 2 1 7 2 46 11 2 1 7 2 45 1
1303 2 1 2 1 43 3 2 1 2 1 63 1
1304 2 1 1 1 71 2 1 2 1 1 67 1
1304 3 2 1 1 24 3 1 2 1 1 67 1
1305 2 1 1 1 57 2 1 2 1 1 53 1
1305 3 1 1 1 20 3 1 2 1 1 53 1
1305 4 1 1 1 17 3 1 2 1 1 53 1
1306 2 2 1 1 61 2 1 1 1 1 61 1
1307 2 1 1 1 38 2 1 2 1 1 36 1
1307 3 2 1 1 6 3 1 2 1 1 36 1
1307 4 2 1 1 3 3 1 2 1 1 36 1
1308 2 1 1 1 61 2 2 2 1 1 58 1
1308 3 2 1 1 14 3 2 2 1 1 58 1
1309 2 2 2 1 64 2 1 1 2 1 65 1
1310 2 1 1 1 60 3 1 1 1 1 88 1
1311 2 2 1 1 47 2 1 1 1 1 47 1
1311 3 1 1 1 14 3 1 1 1 1 47 1
1312 2 2 1 1 25 11 1 1 1 1 31 1
1313 2 1 1 1 18 3 1 1 1 1 40 1
1313 3 2 1 1 26 11 1 1 1 1 40 1
1314 2 2 1 2 61 2 1 1 1 1 64 1
1315 2 1 1 1 25 11 1 2 1 1 24 1
1316 2 2 1 2 21 2 2 1 1 2 23 1
1317 2 1 1 1 48 2 1 2 1 1 55 1
1317 3 1 1 1 15 3 1 2 1 1 55 1
1317 4 1 1 1 14 3 1 2 1 1 55 1
1318 2 2 6 1 65 5 1 1 8 1 35 1
1319 2 2 1 1 69 2 1 1 1 1 73 1
1320 2 1 6 1 29 3 1 2 6 1 55 1
1320 3 2 6 1 30 4 1 2 6 1 55 1
1321 2 2 8 1 24 3 2 2 1 1 49 1
1321 3 1 8 1 16 3 2 2 1 1 49 1
1322 2 1 1 1 71 2 1 2 1 1 70 1
1323 2 2 1 1 84 2 1 1 1 1 71 1
1324 2 1 1 1 26 3 1 2 1 1 57 1
1325 2 1 2 1 51 2 1 2 2 1 51 1
1325 3 2 2 1 26 3 1 2 2 1 51 1
1326 2 1 1 1 55 2 1 2 6 1 53 1
1326 3 2 1 1 32 3 1 2 6 1 53 1
1327 2 2 2 1 48 11 2 1 2 1 58 1
1328 2 1 1 1 26 3 1 2 1 1 47 1
1328 3 1 1 1 22 3 1 2 1 1 47 1
1328 4 1 1 1 17 3 1 2 1 1 47 1
1329 2 2 1 1 56 2 1 1 1 1 61 1
1330 2 2 2 1 25 3 1 2 2 1 52 1
1330 3 1 2 1 15 3 1 2 2 1 52 1
1331 2 1 2 1 34 2 2 2 2 1 41 1
1331 3 1 2 1 11 3 2 2 2 1 41 1
1332 2 1 7 5 17 3 2 2 7 5 55 1
1333 2 2 1 1 41 2 1 1 1 1 46 1
1333 3 1 1 1 11 3 1 1 1 1 46 1
1333 4 2 1 1 7 3 1 1 1 1 46 1
1334 2 2 7 2 17 3 2 1 8 2 42 1
1335 2 2 1 1 50 2 1 1 1 1 52 1
1336 2 2 1 1 49 2 1 1 1 1 65 1
1336 3 1 1 1 19 3 1 1 1 1 65 1
1337 2 2 2 2 62 2 1 1 2 2 63 1
1338 2 1 1 1 60 2 1 2 1 1 64 1
1339 2 2 1 1 78 2 1 1 1 1 74 1
1340 2 2 1 1 35 2 1 1 1 1 36 1
1340 3 2 1 1 8 3 1 1 1 1 36 1
1340 4 2 1 1 4 3 1 1 1 1 36 1
1341 2 2 1 1 61 2 1 1 1 1 64 1
1342 2 1 8 1 26 2 2 2 1 1 26 1
1342 3 1 1 1 2 3 2 2 1 1 26 1
1343 2 2 1 1 31 2 1 1 1 1 34 1
1343 3 2 1 1 6 3 1 1 1 1 34 1
1343 4 1 1 1 4 3 1 1 1 1 34 1
1344 2 2 1 2 7 9 2 2 2 1 63 1
1345 2 1 1 1 36 3 1 1 1 1 64 1
1345 3 2 1 1 6 9 1 1 1 1 64 1
1346 2 2 1 1 55 2 1 1 1 1 58 1
1347 2 2 1 1 55 2 1 1 1 1 59 1
1347 3 2 1 1 84 5 1 1 1 1 59 1
1348 2 2 1 1 64 2 1 1 1 1 66 1
1349 2 1 4 1 35 11 1 1 4 1 62 1
1349 3 1 4 1 35 11 1 1 4 1 62 1
1350 2 2 1 1 71 2 1 1 1 1 71 1
1351 2 1 1 1 39 11 2 2 1 1 32 1
1352 2 1 1 5 32 2 2 2 8 1 35 1
1353 2 2 1 1 70 2 1 1 1 1 75 1
1354 2 1 2 1 14 3 1 2 2 1 41 1
1354 3 2 2 1 11 3 1 2 2 1 41 1
1355 2 2 6 1 46 2 2 1 6 1 47 1
1355 3 2 6 1 24 3 2 1 6 1 47 1
1355 4 2 6 1 20 3 2 1 6 1 47 1
1356 2 2 1 1 4 3 2 2 1 1 30 1
1356 3 1 1 1 30 11 2 2 1 1 30 1
1357 2 2 1 1 70 11 1 1 1 1 77 1
1358 2 1 2 1 38 7 1 2 2 1 41 1
1359 2 2 2 1 54 2 1 1 2 1 59 1
1359 3 1 2 1 14 3 1 1 2 1 59 1
1360 2 2 1 1 60 2 2 1 1 1 69 1
1361 2 2 9 1 64 2 1 1 1 1 65 1
1362 2 2 1 1 68 2 1 1 1 1 69 1
1363 2 1 1 5 31 2 2 2 6 1 37 1
1364 2 2 1 1 72 2 1 1 1 1 73 1
1365 2 1 1 1 56 3 1 1 1 1 78 1
1366 2 2 1 1 36 2 1 1 1 1 44 1
1367 2 2 1 2 21 7 2 2 1 2 34 1
1367 3 1 1 2 59 5 2 2 1 2 34 1
1368 2 2 8 1 8 3 1 1 8 1 46 1
1369 2 2 1 1 57 2 1 1 1 1 61 1
1370 2 2 1 1 61 2 1 1 1 1 62 1
1371 2 2 6 1 59 11 2 2 6 1 64 1
1372 2 1 1 1 65 2 1 2 1 1 69 1
1373 2 2 1 1 70 2 1 1 1 1 71 1
1374 2 2 1 1 30 2 1 1 1 1 32 1
1374 3 1 1 1 5 3 1 1 1 1 32 1
1375 2 1 1 1 61 11 1 2 1 1 62 1
1376 2 2 1 1 79 5 1 2 1 1 57 1
1377 2 1 1 1 48 2 1 2 1 1 53 1
1378 2 1 1 1 37 2 2 2 1 1 36 1
1379 2 1 8 2 10 9 2 2 2 1 49 1
1380 2 2 1 1 79 2 1 1 1 1 80 1
1380 3 1 1 1 48 3 1 1 1 1 80 1
1381 2 1 7 1 49 2 1 2 6 1 49 1
1382 2 2 1 1 70 2 1 1 1 1 77 1
1383 2 1 1 1 59 2 1 2 1 1 55 1
1383 3 1 1 1 32 3 1 2 1 1 55 1
1384 2 2 1 1 52 2 1 1 1 1 50 1
1384 3 1 1 1 17 3 1 1 1 1 50 1
1384 4 2 1 1 13 3 1 1 1 1 50 1
1385 2 2 1 3 13 3 2 2 1 3 36 1
1385 3 1 1 3 8 3 2 2 1 3 36 1
1385 4 2 1 3 3 3 2 2 1 3 36 1
1386 2 1 1 1 29 2 1 2 1 1 28 1
1387 2 1 1 1 30 3 1 2 1 1 56 1
1388 2 2 1 1 56 2 1 1 1 1 58 1
1389 2 2 8 5 33 11 2 1 1 1 41 1
1389 3 2 1 1 21 11 2 1 1 1 41 1
1390 2 1 1 1 28 11 1 1 1 1 31 1
1391 2 2 1 1 60 2 1 1 1 1 74 1
1392 2 1 1 1 54 2 1 2 1 1 51 1
1393 2 1 1 1 16 3 2 2 1 1 41 1
1393 3 2 1 1 14 3 2 2 1 1 41 1
1394 2 2 2 1 40 2 1 1 2 5 44 1
1394 3 2 2 1 10 3 1 1 2 5 44 1
1394 4 1 2 1 5 3 1 1 2 5 44 1
1395 2 1 1 1 14 3 1 2 1 1 40 1
1395 3 1 1 1 43 11 1 2 1 1 40 1
1396 2 1 1 1 43 2 1 2 1 1 41 1
1396 3 1 1 1 11 3 1 2 1 1 41 1
1396 4 1 1 1 5 3 1 2 1 1 41 1
1397 2 2 1 1 75 2 1 1 1 1 76 1
1398 2 2 1 1 39 2 1 1 1 1 41 1
1398 3 2 1 1 9 3 1 1 1 1 41 1
1398 4 2 1 1 4 3 1 1 1 1 41 1
1399 2 1 1 1 36 2 2 2 1 1 38 1
1399 3 2 1 1 2 3 2 2 1 1 38 1
1400 2 1 1 1 50 2 1 2 1 1 49 1
1401 2 2 1 1 46 2 1 1 1 1 52 1
1401 3 2 1 1 7 3 1 1 1 1 52 1
1402 2 1 2 1 67 2 1 2 2 1 64 1
1403 2 2 1 1 39 2 2 1 1 1 46 1
1403 3 1 1 1 16 3 2 1 1 1 46 1
1403 4 1 1 1 11 3 2 1 1 1 46 1
1404 2 2 1 1 25 2 2 1 1 1 25 1
1405 2 2 1 1 50 2 1 1 1 1 52 1
1405 3 1 1 1 18 3 1 1 1 1 52 1
1406 2 2 1 1 58 2 1 1 1 1 64 1
1407 2 2 1 1 45 2 1 1 1 1 48 1
1407 3 1 1 1 23 3 1 1 1 1 48 1
1407 4 1 1 1 19 3 1 1 1 1 48 1
1408 2 1 2 1 8 3 2 2 2 1 26 1
1408 3 1 2 1 7 3 2 2 2 1 26 1
1409 2 1 1 1 7 3 2 2 1 1 42 1
1410 2 2 1 1 55 2 1 1 1 1 54 1
1410 3 1 1 1 17 3 1 1 1 1 54 1
1411 2 1 1 1 82 2 1 2 1 1 73 1
1412 2 2 1 1 58 9 1 2 1 1 93 1
1413 2 2 1 1 55 2 1 1 1 1 53 1
1414 2 2 1 1 51 2 1 1 1 1 56 1
1414 3 1 1 1 19 3 1 1 1 1 56 1
1415 2 2 1 1 75 2 1 1 1 1 78 1
1416 2 2 1 1 51 2 1 1 1 1 54 1
1417 2 2 1 1 29 2 2 1 1 1 31 1
1417 3 1 1 1 2 3 2 1 1 1 31 1
1418 2 1 1 1 52 2 1 2 1 1 51 1
1418 3 1 1 1 16 3 1 2 1 1 51 1
1418 4 2 1 1 11 3 1 2 1 1 51 1
1419 2 1 1 1 59 2 1 2 1 1 59 1
1420 2 1 1 1 41 3 2 2 1 1 68 1
1421 2 2 1 1 47 2 1 1 1 1 60 1
1421 3 2 1 1 24 3 1 1 1 1 60 1
1421 4 1 1 1 11 3 1 1 1 1 60 1
1422 2 2 7 5 18 3 2 2 7 5 39 1
1422 3 1 7 5 12 3 2 2 7 5 39 1
1422 4 1 7 5 2 9 2 2 7 5 39 1
1423 2 1 1 1 30 2 1 2 1 1 30 1
1423 3 2 1 1 10 3 1 2 1 1 30 1
1423 4 1 1 1 4 3 1 2 1 1 30 1
1424 2 1 1 1 32 11 2 2 1 1 25 1
1425 2 2 1 1 24 2 2 1 1 1 23 1
1426 2 1 2 1 45 3 1 2 2 1 63 1
1427 2 1 4 1 70 2 1 2 4 1 63 1
1428 2 1 1 1 33 11 2 1 1 1 41 1
1429 2 2 1 1 77 2 1 1 1 1 74 1
1430 2 2 1 1 66 2 1 1 1 1 61 1
1431 2 2 1 1 58 2 1 1 1 1 60 1
1432 2 1 1 1 28 2 1 2 1 1 28 1
1432 3 1 1 1 3 3 1 2 1 1 28 1
1432 4 1 1 1 1 3 1 2 1 1 28 1
1433 2 2 1 1 29 2 1 1 1 1 31 1
1433 3 1 1 1 3 3 1 1 1 1 31 1
1433 4 2 1 1 1 3 1 1 1 1 31 1
1434 2 2 1 2 26 2 1 1 1 1 26 1
1434 3 2 1 2 22 10 1 1 1 1 26 1
1434 4 1 1 1 27 11 1 1 1 1 26 1
1435 2 1 1 1 66 2 1 2 1 1 67 1
1436 2 2 1 1 69 2 1 1 1 1 72 1
1437 2 2 1 1 56 2 1 1 1 1 61 1
1437 3 2 1 1 85 6 1 1 1 1 61 1
1438 2 2 1 1 84 2 1 1 1 1 87 1
1439 2 2 1 1 25 2 1 1 1 1 25 1
1440 2 1 1 1 72 2 1 2 1 1 78 1
1441 2 2 1 1 33 2 1 1 1 1 32 1
1441 3 2 1 1 2 3 1 1 1 1 32 1
1442 2 2 1 1 57 2 1 1 1 1 59 1
1443 2 1 1 1 28 2 2 2 1 1 27 1
1444 2 2 1 1 61 2 1 1 1 1 64 1
1445 2 2 1 1 26 11 2 2 1 1 30 1
1446 2 2 1 2 36 7 1 1 1 2 37 1
1447 2 1 1 1 77 2 1 2 1 1 77 1
1448 2 2 1 1 32 9 1 2 1 1 80 1
1448 3 1 1 1 1 9 1 2 1 1 80 1
1449 2 1 1 1 48 2 1 2 1 1 44 1
1449 3 2 1 1 5 3 1 2 1 1 44 1
1449 4 2 1 1 3 3 1 2 1 1 44 1
1450 2 2 1 1 62 2 1 1 1 1 60 1
1450 3 1 1 1 25 3 1 1 1 1 60 1
1451 2 2 1 1 61 2 1 1 1 1 62 1
1452 2 2 1 1 18 3 1 2 1 1 41 1
1453 2 2 1 1 52 3 1 2 1 1 76 1
1454 2 2 1 1 48 2 1 1 1 1 41 1
1455 2 2 1 1 38 2 1 1 1 1 40 1
1455 3 2 1 1 11 3 1 1 1 1 40 1
1455 4 2 1 1 8 3 1 1 1 1 40 1
1456 2 2 7 2 52 2 2 1 7 2 52 1
1457 2 1 1 1 89 11 1 2 1 1 87 1
1458 2 2 1 1 61 2 1 1 1 1 61 1
1459 2 2 1 1 39 2 1 1 1 1 51 1
1460 2 2 1 1 66 2 1 1 1 1 67 1
1461 2 1 1 4 91 10 2 1 1 4 34 1
1461 3 1 1 4 54 10 2 1 1 4 34 1
1461 4 2 1 4 24 11 2 1 1 4 34 1
1462 2 2 1 1 38 2 1 1 1 1 37 1
1462 3 1 1 1 16 3 1 1 1 1 37 1
1462 4 2 1 1 14 3 1 1 1 1 37 1
1463 2 2 7 2 14 3 1 1 7 2 36 1
1463 3 2 7 2 10 3 1 1 7 2 36 1
1463 4 2 1 1 30 11 1 1 7 2 36 1
1464 2 1 1 1 26 11 2 2 1 1 29 1
1465 2 1 2 1 58 2 1 2 1 1 64 1
1466 2 1 7 5 31 2 2 2 7 5 30 1
1466 3 2 7 5 2 3 2 2 7 5 30 1
1466 4 1 7 5 1 3 2 2 7 5 30 1
1467 2 2 1 1 56 2 1 1 1 1 59 1
1467 3 1 1 1 29 3 1 1 1 1 59 1
1468 2 2 1 1 26 11 2 1 1 1 38 1
1468 3 2 1 1 43 11 2 1 1 1 38 1
1469 2 1 2 1 74 2 1 2 2 1 73 1
1469 3 1 2 1 42 3 1 2 2 1 73 1
1470 2 1 7 2 29 2 2 2 8 5 25 1
1471 2 2 1 1 23 11 2 2 1 1 21 1
1472 2 2 1 1 34 2 1 1 1 1 33 1
1472 3 1 1 1 4 3 1 1 1 1 33 1
1473 2 2 1 1 52 2 1 1 1 1 49 1
1473 3 1 1 1 28 3 1 1 1 1 49 1
1474 2 2 1 1 60 2 1 1 1 1 57 1
1475 2 2 1 1 68 11 1 2 1 1 65 1
1476 2 1 1 1 78 7 1 2 1 1 88 1
1477 2 1 1 1 57 2 1 2 1 1 60 1
1477 3 1 1 1 6 9 1 2 1 1 60 1
1477 4 2 1 1 4 9 1 2 1 1 60 1
1478 2 2 2 1 36 2 1 1 2 1 31 1
1478 3 1 2 1 16 3 1 1 2 1 31 1
1478 4 2 2 1 16 3 1 1 2 1 31 1
1479 2 2 1 1 30 2 1 1 1 1 30 1
1480 2 2 1 1 64 2 1 1 1 1 66 1
1481 2 2 1 1 33 2 1 1 1 1 34 1
1482 2 1 1 1 38 2 1 2 1 1 34 1
1482 3 1 1 1 7 3 1 2 1 1 34 1
1482 4 1 1 1 4 3 1 2 1 1 34 1
1483 2 2 1 1 76 2 1 1 1 1 74 1
1484 2 2 1 1 28 2 1 1 1 1 33 1
1484 3 2 1 1 2 3 1 1 1 1 33 1
1485 2 1 1 1 42 11 2 2 1 2 51 1
1486 2 1 4 1 31 3 2 1 4 1 70 1
1487 2 2 1 1 46 2 1 1 7 2 39 1
1487 3 1 1 1 20 3 1 1 7 2 39 1
1488 2 2 1 1 61 2 1 1 1 1 76 1
1489 2 2 1 1 51 2 1 1 1 1 58 1
1489 3 2 1 1 15 3 1 1 1 1 58 1
1490 2 1 2 1 42 7 2 2 1 1 56 1
1491 2 1 1 1 22 3 2 1 1 1 56 1
1492 2 1 1 1 86 2 1 2 1 2 67 1
1493 2 2 1 1 50 2 1 1 1 1 57 1
1493 3 1 1 1 15 3 1 1 1 1 57 1
1493 4 2 1 1 13 3 1 1 1 1 57 1
1494 2 1 1 1 76 2 1 2 1 1 74 1
1495 2 1 1 1 54 2 1 2 1 1 54 1
1496 2 2 1 1 31 2 1 1 1 1 50 1
1497 2 2 1 1 66 2 1 1 1 1 69 1
1498 2 1 1 1 34 2 1 2 1 1 34 1
1499 2 2 1 1 31 2 1 1 1 1 31 1
1499 3 2 1 1 13 3 1 1 1 1 31 1
1499 4 1 1 1 8 3 1 1 1 1 31 1
1500 2 1 1 1 58 2 1 2 1 1 57 1
1500 3 2 1 1 19 3 1 2 1 1 57 1
1501 2 2 1 1 61 2 1 1 1 1 64 1
1502 2 1 1 1 70 2 1 2 1 1 70 1
1503 2 2 1 1 36 2 1 1 1 1 36 1
1503 3 2 1 1 4 3 1 1 1 1 36 1
1503 4 2 1 1 2 3 1 1 1 1 36 1
1504 2 1 1 5 36 11 2 2 1 1 39 1
1505 2 2 1 2 39 2 2 1 1 2 42 1
1505 3 2 1 2 21 3 2 1 1 2 42 1
1505 4 1 1 2 19 3 2 1 1 2 42 1
1506 2 2 1 1 30 11 2 2 1 1 27 1
1507 2 2 1 1 65 2 1 1 1 1 63 1
1508 2 2 1 1 52 2 1 1 1 1 52 1
1509 2 2 1 1 49 2 1 1 1 1 53 1
1509 3 1 1 1 25 3 1 1 1 1 53 1
1510 2 1 1 1 48 2 1 2 1 1 52 1
1511 2 1 1 1 65 11 2 2 1 1 63 1
1512 2 2 1 1 48 2 1 1 1 1 49 1
1512 3 2 1 1 17 3 1 1 1 1 49 1
1512 4 1 1 1 15 3 1 1 1 1 49 1
1513 2 2 1 1 7 3 1 2 1 1 27 1
1513 3 1 1 1 4 3 1 2 1 1 27 1
1514 2 2 1 1 81 2 1 1 1 1 87 1
1515 2 1 1 1 66 2 1 2 8 1 65 1
1516 2 2 1 1 63 2 1 1 1 1 65 1
1517 2 2 1 1 63 11 1 2 1 1 63 1
1518 2 1 1 4 57 2 1 2 1 5 50 1
1518 3 1 1 5 29 3 1 2 1 5 50 1
1518 4 2 1 5 18 3 1 2 1 5 50 1
1519 2 2 1 1 5 3 1 2 1 1 24 1
1519 3 2 1 1 3 3 1 2 1 1 24 1
1520 2 1 1 1 28 3 1 2 1 1 71 1
1520 3 1 1 1 29 9 1 2 1 1 71 1
1521 2 2 1 1 69 2 1 1 1 1 70 1
1522 2 1 1 2 55 11 2 1 6 2 37 1
1523 2 2 1 1 66 2 1 1 1 1 68 1
1524 2 1 2 1 59 7 1 1 2 1 53 1
1525 2 2 1 1 46 2 1 1 1 1 45 1
1525 3 1 1 1 16 3 1 1 1 1 45 1
1525 4 2 1 1 12 3 1 1 1 1 45 1
1526 2 1 1 1 59 2 1 2 1 1 55 1
1526 3 1 6 1 23 3 1 2 1 1 55 1
1527 2 2 6 1 19 3 2 1 6 1 55 1
1527 3 1 6 1 14 3 2 1 6 1 55 1
1528 2 2 2 1 45 2 2 1 7 4 57 1
1529 2 2 1 1 28 11 2 2 8 1 25 1
1530 2 2 1 1 38 2 1 1 1 1 48 1
1530 3 1 1 1 8 3 1 1 1 1 48 1
1531 2 1 1 1 39 2 1 2 1 1 42 1
1531 3 2 1 1 14 3 1 2 1 1 42 1
1532 2 1 8 1 15 3 2 2 1 1 47 1
1533 2 2 4 1 40 2 1 1 4 1 45 1
1533 3 1 4 1 10 3 1 1 4 1 45 1
1533 4 1 4 1 2 3 1 1 4 1 45 1
1534 2 1 1 1 20 3 2 2 1 1 46 1
1535 2 2 1 1 71 2 1 1 1 1 71 1
1535 3 2 1 1 45 3 1 1 1 1 71 1
1536 2 1 2 1 14 9 2 2 2 1 47 1
1537 2 2 1 1 50 3 1 1 1 1 78 1
1538 2 2 6 1 73 2 1 1 1 1 74 1
1538 3 1 1 1 42 3 1 1 1 1 74 1
1539 2 2 1 2 36 2 2 1 1 2 31 1
1539 3 2 1 2 1 3 2 1 1 2 31 1
1540 2 2 1 1 47 2 1 1 1 1 48 1
1540 3 1 1 1 18 3 1 1 1 1 48 1
1540 4 1 1 1 13 3 1 1 1 1 48 1
1541 2 2 1 1 55 2 1 1 1 1 58 1
1542 2 2 1 1 79 2 1 1 1 1 76 1
1543 2 2 1 1 26 7 1 2 1 1 30 1
1544 2 2 1 1 52 2 1 1 1 1 49 1
1544 3 1 1 1 19 3 1 1 1 1 49 1
1544 4 1 1 1 17 3 1 1 1 1 49 1
1545 2 2 6 1 48 2 2 1 6 1 54 1
1546 2 1 1 1 49 2 1 2 1 1 46 1
1546 3 1 1 1 20 3 1 2 1 1 46 1
1546 4 2 1 1 17 3 1 2 1 1 46 1
1547 2 2 1 1 60 2 1 1 1 1 60 1
1548 2 1 1 1 84 2 2 2 8 1 77 1
1549 2 1 1 2 31 2 1 2 1 2 27 1
1549 3 1 1 2 1 3 1 2 1 2 27 1
1550 2 1 2 1 9 3 2 2 2 1 31 1
1550 3 1 2 1 8 3 2 2 2 1 31 1
1550 4 1 2 1 6 3 2 2 2 1 31 1
1551 2 2 1 1 45 2 1 1 1 1 50 1
1552 2 2 1 5 8 3 2 2 7 5 35 1
1552 3 1 1 5 6 3 2 2 7 5 35 1
1552 4 2 7 5 56 5 2 2 7 5 35 1
1553 2 1 2 1 51 2 1 2 2 1 55 1
1554 2 1 1 1 18 3 2 2 1 1 35 1
1554 3 1 1 1 15 3 2 2 1 1 35 1
1555 2 2 3 1 67 2 1 1 1 1 66 1
1556 2 1 1 1 56 2 1 2 1 1 53 1
1557 2 1 1 2 25 3 1 1 1 1 64 1
1557 3 1 1 2 21 3 1 1 1 1 64 1
1557 4 2 1 1 24 11 1 1 1 1 64 1
1558 2 1 1 1 29 3 1 2 1 1 51 1
1558 3 1 1 1 31 7 1 2 1 1 51 1
1558 4 1 1 1 67 10 1 2 1 1 51 1
1559 2 1 1 1 35 3 1 1 1 1 60 1
1560 2 2 1 1 82 2 1 1 1 1 86 1
1561 2 2 1 4 68 5 1 2 1 4 39 1
1561 3 2 1 4 94 10 1 2 1 4 39 1
1562 2 2 1 1 74 2 1 1 1 1 76 1
1563 2 1 1 1 56 2 1 2 1 1 56 1
1563 3 1 1 1 25 3 1 2 1 1 56 1
1564 2 1 1 1 64 2 1 2 1 1 52 1
1565 2 2 1 1 71 2 1 1 1 1 72 1
1566 2 2 1 1 49 2 1 1 1 1 48 1
1567 2 2 1 1 49 2 1 1 1 1 50 1
1567 3 1 1 1 22 3 1 1 1 1 50 1
1568 2 1 1 1 11 3 1 2 1 1 45 1
1569 2 1 1 1 18 3 1 2 1 1 46 1
1570 2 2 1 2 51 11 2 1 1 2 49 1
1571 2 1 8 1 26 3 1 2 6 1 59 1
1572 2 2 1 1 41 2 1 1 5 1 44 1
1573 2 2 1 1 45 2 1 1 1 1 61 1
1573 3 2 1 1 19 3 1 1 1 1 61 1
1573 4 2 1 1 14 3 1 1 1 1 61 1
1574 2 2 1 1 51 2 1 1 1 1 55 1
1574 3 2 1 1 20 3 1 1 1 1 55 1
1574 4 1 1 1 16 3 1 1 1 1 55 1
1575 2 1 8 1 57 10 2 2 1 1 44 1
1576 2 1 1 1 59 2 1 2 1 1 56 1
1577 2 2 1 1 61 2 1 1 1 1 63 1
1578 2 2 1 2 44 11 1 2 1 1 55 1
1579 2 2 1 1 66 2 1 1 1 1 66 1
1580 2 1 1 1 60 2 1 2 1 1 59 1
1581 2 2 5 1 37 2 2 1 5 1 40 1
1581 3 2 5 1 7 3 2 1 5 1 40 1
1581 4 2 5 1 5 3 2 1 5 1 40 1
1582 2 2 1 1 31 2 2 1 1 1 38 1
1582 3 2 1 1 6 3 2 1 1 1 38 1
1582 4 1 1 1 2 3 2 1 1 1 38 1
1583 2 2 1 1 25 11 2 1 1 1 33 1
1584 2 2 1 1 62 2 1 1 1 1 64 1
1585 2 1 1 1 42 2 1 2 1 1 41 1
1585 3 2 1 1 8 3 1 2 1 1 41 1
1585 4 2 1 1 5 3 1 2 1 1 41 1
1586 2 2 1 1 43 2 1 1 1 1 42 1
1586 3 1 1 1 10 3 1 1 1 1 42 1
1587 2 2 1 1 27 9 1 2 1 1 83 1
1588 2 2 1 1 52 2 1 1 1 1 55 1
1589 2 1 2 1 18 9 1 2 2 1 80 1
1589 3 1 2 1 71 10 1 2 2 1 80 1
1590 2 1 1 1 37 2 1 2 1 1 37 1
1590 3 1 1 1 10 3 1 2 1 1 37 1
1590 4 1 1 1 8 3 1 2 1 1 37 1
1591 2 2 1 1 31 2 1 1 1 1 38 1
1591 3 2 1 1 7 3 1 1 1 1 38 1
1591 4 2 1 1 1 3 1 1 1 1 38 1
1592 2 2 1 1 76 11 1 1 1 1 82 1
1593 2 1 7 5 54 11 2 1 7 2 49 1
1593 3 1 7 2 29 11 2 1 7 2 49 1
1594 2 2 1 1 31 7 1 2 1 1 25 1
1594 3 2 1 1 65 5 1 2 1 1 25 1
1595 2 1 1 1 61 2 1 2 1 1 54 1
1595 3 2 1 1 23 3 1 2 1 1 54 1
1595 4 2 1 1 16 3 1 2 1 1 54 1
1596 2 2 7 1 59 3 2 2 8 1 81 1
1596 3 1 7 1 67 7 2 2 8 1 81 1
1597 2 2 1 1 53 2 1 1 1 1 54 1
1597 3 1 1 1 19 3 1 1 1 1 54 1
1597 4 2 1 1 14 3 1 1 1 1 54 1
1598 2 2 1 1 55 2 1 1 1 1 59 1
1599 2 2 7 2 40 2 1 1 7 2 41 1
1599 3 2 7 2 18 3 1 1 7 2 41 1
1599 4 2 7 2 7 3 1 1 7 2 41 1
1600 2 1 1 1 15 3 1 2 1 1 55 1
1600 3 1 1 1 63 11 1 2 1 1 55 1
1601 2 2 1 2 83 2 1 1 1 1 90 1
1601 3 1 1 2 52 3 1 1 1 1 90 1
1601 4 1 1 2 63 11 1 1 1 1 90 1
1602 2 1 1 1 14 3 1 1 1 1 47 1
1603 2 2 1 1 67 2 1 1 1 1 67 1
1604 2 2 1 1 44 2 1 1 1 1 43 1
1604 3 1 1 1 5 3 1 1 1 1 43 1
1604 4 2 1 1 2 3 1 1 1 1 43 1
1605 2 1 1 1 24 3 1 2 1 1 50 1
1606 2 2 2 1 52 2 2 1 2 1 49 1
1607 2 1 1 1 63 2 1 2 1 1 62 1
1607 3 1 1 1 95 6 1 2 1 1 62 1
1608 2 1 4 1 52 2 1 2 4 1 53 1
1609 2 1 1 1 34 2 1 2 1 1 35 1
1609 3 1 1 1 5 3 1 2 1 1 35 1
1609 4 2 1 1 3 3 1 2 1 1 35 1
1610 2 2 1 1 38 2 1 1 1 1 41 1
1610 3 1 1 1 4 3 1 1 1 1 41 1
1610 4 1 1 1 1 3 1 1 1 1 41 1
1611 2 1 1 1 62 2 1 2 1 1 64 1
1612 2 2 1 5 69 2 1 1 1 1 72 1
1613 2 1 1 1 63 2 1 2 1 1 59 1
1614 2 1 1 1 94 2 1 2 1 1 91 1
1615 2 2 1 1 56 2 1 1 1 1 61 1
1616 2 2 1 1 46 11 1 1 1 1 43 1
1617 2 2 2 1 52 2 1 1 2 1 53 1
1618 2 2 1 1 28 2 2 1 1 1 28 1
1619 2 2 1 1 61 2 1 1 1 1 75 1
1619 3 2 1 1 81 10 1 1 1 1 75 1
1620 2 2 1 1 49 2 1 1 1 1 50 1
1620 3 1 1 1 9 3 1 1 1 1 50 1
1620 4 1 1 1 8 3 1 1 1 1 50 1
1621 2 2 1 1 56 2 1 1 1 1 63 1
1621 3 2 1 1 17 3 1 1 1 1 63 1
1622 2 1 1 1 56 2 1 2 1 1 61 1
1622 3 2 8 1 19 3 1 2 1 1 61 1
1622 4 2 9 3 16 3 1 2 1 1 61 1
1623 2 1 8 1 13 3 2 2 1 1 34 1
1623 3 2 8 1 11 3 2 2 1 1 34 1
1623 4 2 8 1 9 3 2 2 1 1 34 1
1624 2 1 1 3 28 11 2 2 1 1 26 1
1625 2 1 6 1 61 12 1 2 6 1 58 1
1626 2 1 1 1 46 11 1 2 1 1 41 1
1627 2 1 1 1 23 10 1 1 1 1 44 1
1628 2 2 6 1 27 3 1 2 6 1 63 1
1629 2 1 6 1 45 2 1 2 6 1 40 1
1629 3 1 6 1 11 3 1 2 6 1 40 1
1629 4 2 6 1 8 3 1 2 6 1 40 1
1630 2 1 1 1 49 11 1 2 1 1 52 1
1631 2 2 1 1 18 3 2 2 1 1 45 1
1631 3 2 1 1 16 3 2 2 1 1 45 1
1632 2 2 1 1 59 2 1 1 1 1 57 1
1633 2 2 1 1 82 2 1 1 1 1 86 1
1634 2 2 1 1 22 3 2 2 1 1 58 1
1635 2 2 1 1 53 2 1 1 1 1 54 1
1635 3 1 1 1 17 3 1 1 1 1 54 1
1635 4 1 1 1 14 3 1 1 1 1 54 1
1636 2 1 1 1 66 2 1 2 1 1 61 1
1637 2 2 1 1 57 2 1 1 1 1 62 1
1637 3 2 1 1 21 3 1 1 1 1 62 1
1638 2 1 3 1 41 2 1 2 3 1 45 1
1639 2 2 1 1 48 2 1 1 1 1 49 1
1639 3 2 1 1 21 3 1 1 1 1 49 1
1639 4 2 1 1 19 3 1 1 1 1 49 1
1640 2 1 1 1 81 2 1 2 1 1 77 1
1641 2 2 6 1 32 2 1 1 6 1 33 1
1642 2 2 2 1 49 2 1 1 2 1 52 1
1642 3 2 2 1 18 3 1 1 2 1 52 1
1642 4 2 2 1 14 3 1 1 2 1 52 1
1643 2 1 1 1 65 2 1 2 1 2 67 1
1644 2 2 1 1 54 2 1 1 1 1 63 1
1645 2 2 1 1 55 2 1 1 1 1 57 1
1646 2 2 1 1 54 2 1 1 1 1 55 1
1646 3 1 1 1 25 3 1 1 1 1 55 1
1647 2 1 2 1 49 2 2 2 2 1 47 1
1647 3 2 2 1 10 3 2 2 2 1 47 1
1648 2 1 1 2 27 2 2 2 1 2 30 1
1649 2 2 1 1 57 2 1 1 1 1 60 1
1650 2 1 1 2 61 7 1 2 1 2 67 1
1650 3 1 1 2 57 7 1 2 1 2 67 1
1651 2 2 1 1 8 3 1 2 1 1 38 1
1652 2 2 1 1 69 11 1 2 1 1 75 1
1653 2 1 1 1 42 2 1 2 1 5 45 1
1653 3 2 1 1 8 3 1 2 1 5 45 1
1653 4 2 1 1 7 3 1 2 1 5 45 1
1654 2 1 1 1 28 3 2 2 1 1 55 1
1654 3 1 1 1 21 3 2 2 1 1 55 1
1654 4 1 1 1 20 3 2 2 1 1 55 1
1655 2 2 2 1 11 3 2 2 2 1 29 1
1655 3 1 2 1 9 3 2 2 2 1 29 1
1655 4 2 2 1 5 3 2 2 2 1 29 1
1656 2 1 1 1 66 2 1 2 1 1 65 1
1657 2 1 1 1 43 2 1 2 1 1 41 1
1657 3 1 1 1 14 3 1 2 1 1 41 1
1657 4 2 1 1 11 3 1 2 1 1 41 1
1658 2 2 1 1 66 2 1 1 1 1 77 1
1659 2 2 1 1 59 2 1 1 1 1 75 1
1660 2 1 7 2 14 3 1 2 7 5 31 1
1660 3 2 7 2 13 3 1 2 7 5 31 1
1661 2 1 1 1 49 7 1 2 1 1 53 1
1662 2 1 1 1 45 3 1 2 1 1 73 1
1663 2 2 1 1 20 3 2 2 1 1 52 1
1664 2 2 1 1 47 2 1 1 1 1 43 1
1664 3 1 1 1 8 3 1 1 1 1 43 1
1664 4 2 1 1 4 3 1 1 1 1 43 1
1665 2 1 3 1 86 2 1 2 3 1 81 1
1665 3 2 3 1 33 9 1 2 3 1 81 1
1666 2 2 1 1 59 2 1 1 1 1 67 1
1667 2 2 1 1 69 2 1 1 1 1 71 1
1668 2 2 1 1 79 2 1 1 1 1 85 1
1669 2 2 1 1 46 2 1 1 1 1 51 1
1670 2 2 1 1 62 2 1 1 1 1 73 1
1670 3 2 1 1 95 6 1 1 1 1 73 1
1671 2 2 2 1 51 7 1 2 2 1 57 1
1672 2 1 3 1 74 2 1 2 3 1 67 1
1672 3 2 3 1 25 3 1 2 3 1 67 1
1673 2 1 1 1 95 2 1 2 1 1 89 1
1674 2 2 1 1 65 2 1 1 1 1 70 1
1675 2 1 1 1 13 3 1 2 1 1 41 1
1676 2 1 1 1 34 3 2 1 1 1 59 1
1676 3 1 1 1 28 3 2 1 1 1 59 1
1677 2 2 7 2 44 2 2 1 7 2 44 1
1677 3 2 7 2 14 3 2 1 7 2 44 1
1677 4 1 7 2 11 3 2 1 7 2 44 1
1678 2 1 1 1 34 2 1 2 1 1 29 1
1679 2 1 1 1 35 2 1 2 1 1 32 1
1679 3 2 1 1 11 3 1 2 1 1 32 1
1679 4 2 1 1 7 3 1 2 1 1 32 1
1680 2 2 1 1 66 10 1 1 1 1 66 1
1681 2 1 2 1 14 3 2 2 2 1 33 1
1681 3 1 2 1 12 3 2 2 2 1 33 1
1681 4 1 2 1 54 11 2 2 2 1 33 1
1682 2 1 1 1 50 2 1 2 1 1 48 1
1682 3 1 1 1 18 3 1 2 1 1 48 1
1682 4 2 1 1 16 3 1 2 1 1 48 1
1683 2 2 1 1 72 2 1 1 1 1 85 1
1684 2 2 1 1 63 2 1 1 1 1 66 1
1685 2 2 1 1 52 2 1 1 1 1 57 1
1686 2 2 2 1 58 2 1 1 2 1 70 1
1687 2 1 1 1 12 3 1 2 1 1 37 1
1687 3 1 1 1 17 3 1 2 1 1 37 1
1687 4 1 1 1 41 11 1 2 1 1 37 1
1688 2 1 1 1 59 2 1 2 1 1 55 1
1688 3 1 1 1 17 3 1 2 1 1 55 1
1689 2 2 1 1 69 2 1 1 1 1 73 1
1690 2 2 1 1 20 2 1 1 1 1 23 1
1690 3 1 1 1 3 3 1 1 1 1 23 1
1691 2 2 1 1 53 2 1 1 1 1 57 1
1691 3 2 1 1 14 9 1 1 1 1 57 1
1691 4 1 8 1 7 9 1 1 1 1 57 1
1692 2 1 1 1 46 2 1 2 1 1 45 1
1692 3 1 1 1 12 3 1 2 1 1 45 1
1692 4 2 1 1 10 3 1 2 1 1 45 1
1693 2 1 1 1 36 2 1 2 1 1 34 1
1693 3 2 1 1 14 3 1 2 1 1 34 1
1694 2 2 1 1 29 2 1 1 1 1 41 1
1694 3 1 1 1 8 3 1 1 1 1 41 1
1694 4 1 1 1 1 3 1 1 1 1 41 1
1695 2 2 1 1 50 2 1 1 1 1 51 1
1695 3 1 1 1 18 3 1 1 1 1 51 1
1695 4 2 1 1 14 3 1 1 1 1 51 1
1696 2 1 1 1 57 3 1 2 1 1 85 1
1697 2 1 1 4 38 2 2 2 1 4 32 1
1698 2 2 1 1 37 2 1 1 1 1 39 1
1698 3 1 1 1 12 3 1 1 1 1 39 1
1698 4 2 1 1 6 3 1 1 1 1 39 1
1699 2 2 1 1 52 2 1 1 1 1 52 1
1699 3 1 1 1 24 3 1 1 1 1 52 1
1699 4 2 1 1 19 12 1 1 1 1 52 1
1700 2 2 1 1 53 2 1 1 1 1 52 1
1701 2 2 7 5 59 2 2 1 7 5 65 1
1701 3 2 7 5 30 3 2 1 7 5 65 1
1701 4 1 7 5 7 9 2 1 7 5 65 1
1702 2 1 1 1 78 2 1 2 1 1 74 1
1702 3 1 1 1 46 3 1 2 1 1 74 1
1703 2 2 1 1 43 2 1 1 1 1 46 1
1704 2 2 6 1 33 11 2 1 1 1 49 1
1705 2 2 1 1 17 3 1 2 1 1 47 1
1706 2 2 1 1 66 2 1 1 1 1 69 1
1707 2 1 1 1 4 3 1 2 1 1 26 1
1708 2 2 1 1 75 2 2 1 1 1 75 1
1709 2 2 1 1 43 12 1 1 1 1 44 1
1709 3 1 1 1 22 12 1 1 1 1 44 1
1710 2 2 1 1 24 3 1 2 1 1 54 1
1711 2 2 1 1 28 2 1 1 1 1 28 1
1712 2 2 1 1 56 2 1 1 1 1 63 1
1712 3 2 1 1 19 3 1 1 1 1 63 1
1713 2 2 1 1 49 2 1 1 1 1 52 1
1713 3 1 1 1 20 3 1 1 1 1 52 1
1713 4 2 1 1 18 3 1 1 1 1 52 1
1714 2 1 1 1 50 2 1 2 1 1 49 1
1714 3 2 1 1 12 3 1 2 1 1 49 1
1715 2 2 1 1 43 2 1 1 1 1 42 1
1716 2 1 1 1 9 3 2 1 1 1 32 1
1716 3 2 1 1 7 3 2 1 1 1 32 1
1717 2 2 2 1 30 3 1 2 2 1 54 1
1718 2 1 1 1 47 2 1 2 1 1 45 1
1718 3 2 1 1 16 3 1 2 1 1 45 1
1718 4 1 1 1 12 3 1 2 1 1 45 1
1719 2 2 1 1 65 2 1 1 1 1 64 1
1720 2 1 1 3 3 3 2 2 1 3 34 1
1720 3 1 1 3 39 11 2 2 1 3 34 1
1721 2 2 7 5 20 3 2 1 7 5 35 1
1721 3 2 7 5 35 10 2 1 7 5 35 1
1721 4 1 7 5 22 11 2 1 7 5 35 1
1722 2 2 1 1 35 2 1 1 1 1 38 1
1722 3 2 1 1 7 3 1 1 1 1 38 1
1722 4 2 1 1 4 3 1 1 1 1 38 1
1723 2 2 6 1 78 2 1 1 6 1 81 1
1724 2 2 2 1 88 5 2 2 2 1 49 1
1725 2 1 1 1 38 2 1 2 1 1 36 1
1725 3 1 1 1 11 3 1 2 1 1 36 1
1725 4 1 1 1 8 3 1 2 1 1 36 1
1726 2 2 1 1 36 2 1 1 1 1 37 1
1727 2 2 1 1 33 2 2 1 1 1 34 1
1727 3 2 1 1 6 3 2 1 1 1 34 1
1727 4 2 1 1 5 3 2 1 1 1 34 1
1728 2 2 1 1 62 2 1 1 1 1 70 1
1729 2 2 1 1 47 11 1 1 1 1 51 1
1730 2 1 1 1 46 2 1 2 1 1 46 1
1731 2 1 1 1 49 3 1 1 1 1 88 1
1731 3 1 1 1 44 3 1 1 1 1 88 1
1732 2 2 1 1 47 11 1 1 1 1 43 1
1733 2 2 1 1 75 2 1 1 1 1 81 1
1734 2 1 1 1 19 3 2 2 1 1 42 1
1734 3 1 1 1 17 3 2 2 1 1 42 1
1734 4 2 1 1 5 3 2 2 1 1 42 1
1735 2 2 1 1 42 2 1 1 1 1 41 1
1735 3 2 1 1 14 3 1 1 1 1 41 1
1735 4 1 1 1 12 3 1 1 1 1 41 1
1736 2 1 1 1 70 2 1 2 1 1 64 1
1737 2 2 1 1 75 2 1 1 1 1 82 1
1738 2 2 1 1 74 2 1 1 1 1 78 1
1739 2 2 1 1 23 10 2 1 1 1 25 1
1740 2 2 1 2 54 2 1 1 1 2 60 1
1741 2 2 3 1 54 2 1 1 3 1 64 1
1742 2 2 1 1 53 5 2 2 1 1 25 1
1742 3 1 1 1 26 11 2 2 1 1 25 1
1743 2 2 6 1 46 2 1 1 6 1 53 1
1743 3 2 6 1 22 3 1 1 6 1 53 1
1743 4 1 6 1 18 3 1 1 6 1 53 1
1744 2 2 1 1 67 2 1 1 1 1 67 1
1745 2 1 1 1 65 2 1 2 1 1 66 1
1746 2 2 1 1 55 2 1 1 1 1 56 1
1747 2 1 1 1 78 2 1 2 1 1 72 1
1748 2 1 1 2 41 11 1 1 1 1 40 1
1749 2 2 1 1 13 3 2 2 1 1 33 1
1749 3 1 1 1 10 3 2 2 1 1 33 1
1749 4 1 1 1 29 11 2 2 1 1 33 1
1750 2 2 1 1 82 2 1 1 1 1 79 1
1751 2 1 1 1 49 2 1 2 1 1 50 1
1751 3 1 1 1 19 3 1 2 1 1 50 1
1752 2 1 2 1 66 2 1 2 2 1 68 1
1752 3 1 2 1 16 9 1 2 2 1 68 1
1752 4 2 2 1 14 9 1 2 2 1 68 1
1753 2 1 2 1 17 3 2 2 2 1 42 1
1754 2 2 1 1 55 2 1 1 1 1 62 1
1755 2 1 1 1 60 2 1 2 1 2 58 1
1756 2 2 1 1 63 2 1 1 1 1 68 1
1757 2 2 1 1 56 2 1 1 1 1 57 1
1758 2 2 1 1 63 2 2 1 1 1 66 1
1759 2 2 1 1 31 2 1 1 1 1 39 1
1760 2 1 1 1 57 2 2 2 1 1 50 1
1761 2 2 1 1 60 2 1 1 1 1 58 1
1762 2 2 1 1 19 11 2 1 1 2 30 1
1763 2 2 1 1 50 2 1 1 1 1 55 1
1763 3 2 1 1 24 3 1 1 1 1 55 1
1764 2 2 2 1 22 9 1 2 2 1 64 1
1764 3 1 8 1 2 9 1 2 2 1 64 1
1765 2 2 7 2 47 3 1 2 7 2 73 1
1766 2 1 1 1 60 2 1 2 1 1 59 1
1766 3 1 1 1 38 3 1 2 1 1 59 1
1766 4 2 1 1 18 12 1 2 1 1 59 1
1767 2 1 1 1 55 2 1 2 1 1 55 1
1767 3 1 1 1 21 3 1 2 1 1 55 1
1767 4 2 1 1 20 3 1 2 1 1 55 1
1768 2 2 1 1 68 2 1 1 1 1 69 1
1769 2 1 1 1 36 2 2 2 1 1 34 1
1769 3 2 1 1 14 3 2 2 1 1 34 1
1769 4 2 1 1 10 3 2 2 1 1 34 1
1770 2 2 1 1 65 2 1 1 1 1 68 1
1771 2 2 6 1 57 2 1 1 1 1 62 1
1771 3 1 1 1 26 3 1 1 1 1 62 1
1771 4 2 1 1 18 3 1 1 1 1 62 1
1772 2 1 2 1 52 10 2 2 2 1 61 1
1772 3 2 2 1 15 10 2 2 2 1 61 1
1773 2 1 1 1 5 3 1 1 1 1 49 1
1773 3 2 1 1 69 5 1 1 1 1 49 1
1773 4 2 1 1 35 11 1 1 1 1 49 1
1774 2 1 2 1 63 2 1 2 2 5 53 1
1775 2 2 1 1 48 2 1 1 1 1 48 1
1775 3 2 1 1 17 3 1 1 1 1 48 1
1776 2 2 2 1 64 2 1 1 2 1 69 1
1777 2 2 1 1 55 2 1 1 3 1 44 1
1778 2 2 1 1 60 2 1 1 1 1 66 1
1779 2 1 1 1 84 2 1 2 1 1 82 1
1780 2 1 1 1 37 11 2 1 1 1 31 1
1780 3 2 1 1 27 11 2 1 1 1 31 1
1781 2 1 8 1 45 3 1 2 3 1 71 1
1782 2 2 1 1 64 2 1 1 1 1 66 1
1783 2 1 1 4 12 7 2 1 1 4 25 1
1783 3 2 1 4 48 5 2 1 1 4 25 1
1784 2 2 1 1 82 7 1 1 1 1 80 1
1784 3 2 1 1 76 11 1 1 1 1 80 1
1785 2 2 5 1 56 2 1 1 1 1 54 1
1786 2 1 1 5 20 3 1 2 1 5 47 1
1786 3 2 1 5 17 3 1 2 1 5 47 1
1787 2 2 1 1 41 2 1 1 1 1 42 1
1787 3 1 1 1 12 3 1 1 1 1 42 1
1787 4 1 1 1 10 3 1 1 1 1 42 1
1788 2 2 1 1 37 2 1 1 1 1 37 1
1788 3 2 1 1 4 3 1 1 1 1 37 1
1788 4 1 1 1 34 12 1 1 1 1 37 1
1789 2 2 1 2 38 2 1 1 1 1 43 1
1790 2 1 1 1 19 3 1 2 1 1 51 1
1791 2 1 1 1 65 2 1 2 1 1 65 1
1792 2 2 1 1 75 2 1 1 1 1 77 1
1793 2 2 1 1 66 2 1 1 1 1 65 1
1794 2 1 1 1 23 3 2 2 1 1 48 1
1794 3 2 1 1 14 3 2 2 1 1 48 1
1795 2 1 1 1 60 11 1 2 1 1 53 1
1795 3 2 8 1 71 12 1 2 1 1 53 1
1796 2 2 1 1 55 2 1 1 1 1 71 1
1797 2 2 1 1 12 3 1 1 1 1 48 1
1797 3 2 1 1 10 3 1 1 1 1 48 1
1798 2 2 1 1 60 2 1 1 1 1 65 1
1799 2 2 2 1 64 3 2 1 2 1 93 1
1799 3 2 2 1 27 9 2 1 2 1 93 1
1800 2 1 2 1 17 9 1 2 2 1 68 1
1800 3 1 2 1 42 4 1 2 2 1 68 1
1801 2 1 2 1 38 2 1 2 2 1 40 1
1801 3 2 2 1 8 3 1 2 2 1 40 1
1801 4 1 2 1 2 3 1 2 2 1 40 1
1802 2 2 1 1 63 2 1 1 1 1 67 1
1803 2 2 1 1 71 2 1 1 1 1 70 1
1804 2 1 1 1 56 3 1 1 1 1 86 1
1805 2 2 1 1 52 2 1 1 1 1 56 1
1806 2 2 1 1 48 2 1 1 1 1 52 1
1806 3 2 1 1 17 3 1 1 1 1 52 1
1806 4 2 1 1 7 3 1 1 1 1 52 1
1807 2 1 1 1 18 3 1 1 1 1 51 1
1808 2 2 1 1 31 11 2 1 1 1 35 1
1809 2 2 1 2 14 3 1 2 1 2 47 1
1810 2 2 6 1 16 3 1 2 6 1 52 1
1810 3 2 6 1 13 3 1 2 6 1 52 1
1811 2 1 1 1 39 2 1 2 1 1 34 1
1812 2 2 1 1 72 2 1 1 1 1 77 1
1813 2 2 1 2 54 2 1 1 1 2 56 1
1813 3 2 1 2 18 3 1 1 1 2 56 1
1814 2 2 1 1 52 2 1 1 1 1 52 1
1814 3 2 1 1 6 3 1 1 1 1 52 1
1815 2 2 1 1 64 2 1 1 1 1 63 1
1816 2 1 1 1 53 2 1 2 1 1 52 1
1816 3 1 1 1 17 3 1 2 1 1 52 1
1816 4 1 1 1 14 3 1 2 1 1 52 1
1817 2 2 1 1 3 3 2 2 1 1 29 1
1817 3 1 1 1 31 7 2 2 1 1 29 1
1818 2 2 1 1 35 2 1 1 1 1 42 1
1818 3 1 1 1 15 3 1 1 1 1 42 1
1818 4 1 1 1 13 3 1 1 1 1 42 1
1819 2 2 1 1 42 2 1 1 1 1 44 1
1819 3 2 1 1 14 3 1 1 1 1 44 1
1819 4 1 1 1 10 3 1 1 1 1 44 1
1820 2 2 6 1 77 2 1 1 1 1 70 1
1821 2 2 1 1 52 2 1 1 1 1 52 1
1822 2 1 1 1 57 2 1 2 1 1 59 1
1823 2 1 2 1 62 12 1 2 1 1 66 1
1824 2 2 1 1 59 2 1 1 1 1 56 1
1824 3 2 1 1 41 3 1 1 1 1 56 1
1824 4 2 1 1 7 9 1 1 1 1 56 1
1825 2 2 1 1 76 5 1 2 1 1 53 1
1826 2 2 1 1 43 2 2 1 1 2 58 1
1827 2 2 1 1 57 2 1 1 1 1 53 1
1828 2 1 1 5 56 11 1 1 1 5 59 1
1828 3 2 1 5 69 12 1 1 1 5 59 1
1829 2 2 1 1 33 2 1 1 1 1 33 1
1830 2 1 1 1 39 2 2 2 1 1 37 1
1831 2 1 1 1 53 2 1 2 1 1 60 1
1831 3 2 1 1 78 5 1 2 1 1 60 1
1832 2 2 1 1 54 2 1 1 1 1 58 1
1833 2 1 8 1 72 2 1 2 1 1 58 1
1833 3 2 1 1 28 3 1 2 1 1 58 1
1834 2 2 8 1 14 3 1 2 1 1 37 1
1834 3 1 8 1 10 3 1 2 1 1 37 1
1834 4 1 8 1 6 3 1 2 1 1 37 1
1835 2 2 2 1 70 2 1 1 2 1 74 1
1836 2 2 1 1 56 2 1 1 1 1 49 1
1837 2 1 1 1 9 3 2 2 1 1 25 1
1837 3 1 1 1 2 3 2 2 1 1 25 1
1837 4 1 1 1 24 11 2 2 1 1 25 1
1838 2 1 1 1 74 2 1 2 1 1 74 1
1839 2 2 1 1 67 2 1 1 1 1 70 1
1840 2 2 1 1 53 2 1 1 7 2 55 1
1840 3 2 1 2 17 3 1 1 7 2 55 1
1841 2 1 1 1 36 2 1 2 1 1 43 1
1842 2 2 1 1 37 2 1 1 1 1 39 1
1842 3 1 1 1 11 3 1 1 1 1 39 1
1842 4 1 1 1 9 3 1 1 1 1 39 1
1843 2 1 7 2 34 2 1 2 7 2 33 1
1843 3 2 7 2 12 3 1 2 7 2 33 1
1843 4 1 7 2 9 3 1 2 7 2 33 1
1844 2 2 1 1 46 11 1 1 1 1 66 1
1845 2 1 2 1 43 7 2 1 2 1 58 1
1846 2 1 2 1 12 3 2 2 2 1 46 1
1846 3 2 2 1 10 3 2 2 2 1 46 1
1847 2 1 1 1 69 2 1 2 1 1 66 1
1848 2 2 8 3 15 3 2 2 3 3 41 1
1848 3 1 8 3 9 3 2 2 3 3 41 1
1849 2 2 1 1 29 11 1 1 1 1 32 1
1850 2 1 1 1 78 2 1 2 1 1 70 1
1851 2 2 1 1 42 2 1 1 1 1 44 1
1851 3 1 1 1 18 3 1 1 1 1 44 1
1851 4 1 1 1 15 3 1 1 1 1 44 1
1852 2 2 1 1 48 2 1 1 1 1 65 1
1853 2 1 1 1 45 2 1 2 1 1 56 1
1854 2 2 1 1 41 2 1 1 1 1 39 1
1854 3 2 1 1 11 3 1 1 1 1 39 1
1854 4 2 1 1 10 3 1 1 1 1 39 1
1855 2 2 1 2 57 2 1 1 1 2 62 1
1856 2 2 1 2 48 2 2 1 1 2 51 1
1856 3 2 1 2 20 3 2 1 1 2 51 1
1856 4 1 1 2 14 3 2 1 1 2 51 1
1857 2 1 4 1 42 2 1 2 4 1 42 1
1857 3 1 4 1 9 3 1 2 4 1 42 1
1857 4 1 4 1 7 3 1 2 4 1 42 1
1858 2 2 6 1 31 2 1 1 4 1 31 1
1858 3 2 6 1 25 10 1 1 4 1 31 1
1859 2 2 1 1 38 2 2 1 1 1 38 1
1860 2 2 7 5 24 11 2 1 7 5 37 1
1861 2 2 1 1 50 2 1 1 1 1 59 1
1862 2 1 1 1 43 2 1 2 1 1 46 1
1862 3 1 1 1 20 3 1 2 1 1 46 1
1863 2 1 1 1 75 2 1 2 1 1 69 1
1864 2 2 7 2 72 2 1 1 1 2 81 1
1865 2 2 1 1 63 7 1 1 1 1 59 1
1865 3 1 1 1 51 7 1 1 1 1 59 1
1866 2 1 1 1 29 3 1 2 1 1 62 1
1867 2 2 1 1 48 2 1 1 1 1 50 1
1867 3 1 1 1 21 3 1 1 1 1 50 1
1868 2 2 1 1 20 11 2 2 1 1 21 1
1869 2 1 1 1 78 2 1 2 1 1 75 1
1870 2 2 1 1 69 2 1 1 1 1 69 1
1871 2 1 1 1 28 11 2 2 1 1 24 1
1872 2 2 1 1 23 11 2 1 1 1 22 1
1873 2 2 6 1 59 2 2 1 6 1 66 1
1874 2 1 4 1 75 2 2 2 4 1 70 1
1875 2 1 1 1 41 11 2 1 1 1 42 1
1876 2 1 1 1 70 2 1 2 1 1 69 1
1877 2 2 2 3 20 3 2 1 1 1 45 1
1877 3 2 1 1 75 5 2 1 1 1 45 1
1878 2 2 2 1 18 3 2 2 2 1 40 1
1878 3 2 2 1 16 3 2 2 2 1 40 1
1878 4 2 2 1 3 3 2 2 2 1 40 1
1879 2 2 1 1 64 2 1 1 1 1 63 1
1880 2 1 7 2 29 2 1 2 1 1 29 1
1880 3 1 7 2 3 3 1 2 1 1 29 1
1880 4 2 7 2 1 3 1 2 1 1 29 1
1881 2 2 1 1 35 2 1 1 1 1 39 1
1881 3 2 1 1 9 3 1 1 1 1 39 1
1881 4 1 1 1 5 3 1 1 1 1 39 1
1882 2 2 2 1 30 10 2 2 2 1 32 1
1883 2 2 1 1 79 2 1 1 1 1 79 1
1884 2 2 1 2 71 2 1 1 1 1 65 1
1885 2 2 1 1 68 2 1 1 1 1 71 1
1885 3 1 1 1 28 3 1 1 1 1 71 1
1886 2 2 1 1 72 2 1 1 1 1 79 1
1887 2 2 1 1 62 2 1 1 1 1 71 1
1888 2 1 1 1 27 2 2 2 1 1 24 1
1889 2 1 1 2 10 9 2 1 1 2 57 1
1889 3 1 1 2 9 9 2 1 1 2 57 1
1889 4 2 1 2 28 4 2 1 1 2 57 1
1890 2 1 1 1 7 3 1 2 1 1 49 1
1891 2 1 1 1 63 2 2 2 1 1 56 1
1892 2 1 1 1 52 2 1 2 1 1 57 1
1892 3 1 1 1 28 3 1 2 1 1 57 1
1892 4 2 1 1 27 12 1 2 1 1 57 1
1893 2 1 1 1 66 7 1 1 1 1 62 1
1894 2 2 2 1 54 2 1 1 2 1 47 1
1895 2 1 1 2 34 3 1 2 1 2 55 1
1896 2 2 7 3 25 2 2 1 1 1 36 1
1897 2 1 1 1 21 3 2 2 1 1 62 1
1898 2 1 1 1 26 3 1 2 1 1 60 1
1898 3 2 1 1 23 3 1 2 1 1 60 1
1898 4 2 1 1 4 9 1 2 1 1 60 1
1899 2 2 1 1 60 2 2 1 1 1 48 1
1900 2 2 1 1 19 11 2 1 1 1 24 1
1901 2 2 1 1 27 2 2 1 1 2 30 1
1901 3 2 1 2 4 3 2 1 1 2 30 1
1902 2 2 1 2 8 3 2 2 1 2 32 1
1902 3 2 1 2 64 5 2 2 1 2 32 1
1903 2 2 6 1 51 2 1 1 6 1 72 1
1904 2 1 1 1 35 2 1 2 1 1 34 1
1904 3 2 1 1 2 3 1 2 1 1 34 1
1905 2 2 1 1 61 2 1 1 1 1 63 1
1906 2 2 1 1 52 2 1 1 1 1 57 1
1906 3 2 1 1 29 3 1 1 1 1 57 1
1907 2 2 1 1 56 3 1 1 1 1 77 1
1907 3 1 1 1 61 4 1 1 1 1 77 1
1908 2 1 1 1 13 3 2 1 1 1 40 1
1909 2 2 1 1 51 2 1 1 1 1 53 1
1909 3 2 1 1 15 3 1 1 1 1 53 1
1910 2 1 1 2 49 11 2 2 1 2 66 1
1911 2 2 6 1 65 2 2 1 6 1 69 1
1912 2 2 1 1 38 2 2 1 1 1 36 1
1913 2 2 1 1 46 2 1 1 1 1 48 1
1913 3 2 1 1 13 3 1 1 1 1 48 1
1913 4 2 1 1 11 3 1 1 1 1 48 1
1914 2 1 1 1 28 11 2 1 1 1 30 1
1915 2 1 1 1 56 3 1 2 1 1 81 1
1916 2 1 2 1 64 2 1 2 2 1 60 1
1917 2 2 1 2 37 2 1 1 1 5 40 1
1917 3 1 1 5 15 3 1 1 1 5 40 1
1917 4 1 1 5 10 3 1 1 1 5 40 1
1918 2 2 1 1 66 2 2 1 1 1 70 1
1918 3 1 1 1 11 10 2 1 1 1 70 1
1919 2 1 8 5 21 3 1 2 8 5 50 1
1919 3 2 8 5 13 3 1 2 8 5 50 1
1919 4 2 8 5 76 5 1 2 8 5 50 1
1920 2 2 1 1 47 2 1 1 1 1 46 1
1921 2 1 1 1 48 2 1 2 1 1 45 1
1921 3 1 1 1 18 3 1 2 1 1 45 1
1921 4 2 1 1 16 3 1 2 1 1 45 1
1922 2 2 4 1 49 2 1 1 4 1 51 1
1922 3 2 4 1 3 3 1 1 4 1 51 1
1922 4 2 4 1 7 3 1 1 4 1 51 1
1923 2 1 1 1 12 3 2 1 1 1 36 1
1923 3 1 1 1 11 3 2 1 1 1 36 1
1923 4 2 1 1 34 11 2 1 1 1 36 1
1924 2 2 1 1 74 2 1 1 1 1 75 1
1925 2 2 1 3 10 3 2 2 1 3 41 1
1926 2 1 1 1 59 2 1 2 1 1 56 1
1926 3 2 1 1 24 3 1 2 1 1 56 1
1927 2 2 2 1 29 11 2 1 2 1 32 1
1928 2 1 1 1 26 3 1 2 1 1 55 1
1929 2 2 1 1 52 2 2 1 1 1 59 1
1929 3 1 1 1 14 3 2 1 1 1 59 1
1929 4 1 1 1 11 3 2 1 1 1 59 1
1930 2 2 1 1 81 11 1 1 1 1 88 1
1931 2 2 1 1 60 2 1 1 1 1 65 1
1932 2 1 7 2 1 3 2 1 7 2 26 1
1932 3 1 7 2 8 10 2 1 7 2 26 1
1932 4 2 1 1 21 11 2 1 7 2 26 1
1933 2 2 1 1 38 2 1 1 1 1 39 1
1933 3 1 1 1 13 3 1 1 1 1 39 1
1934 2 2 2 1 65 2 1 1 2 1 65 1
1935 2 2 7 1 35 2 1 1 7 1 43 1
1935 3 2 7 1 7 3 1 1 7 1 43 1
1936 2 1 1 1 48 2 1 2 1 1 45 1
1936 3 1 1 1 19 3 1 2 1 1 45 1
1936 4 2 1 1 12 3 1 2 1 1 45 1
1937 2 2 1 1 80 2 1 1 1 1 84 1
1938 2 2 1 1 62 2 1 1 1 1 71 1
1938 3 1 1 1 40 3 1 1 1 1 71 1
1939 2 2 1 1 64 2 1 1 1 1 66 1
1940 2 1 1 1 22 3 1 2 1 1 48 1
1940 3 2 1 1 15 3 1 2 1 1 48 1
1940 4 1 1 1 55 12 1 2 1 1 48 1
1941 2 2 1 1 44 2 2 1 1 1 45 1
1941 3 2 1 1 15 3 2 1 1 1 45 1
1941 4 2 1 1 15 3 2 1 1 1 45 1
1942 2 2 1 1 77 2 1 1 1 1 75 1
1943 2 2 1 1 58 2 1 1 1 1 58 1
1943 3 1 1 1 26 3 1 1 1 1 58 1
1944 2 2 1 1 29 2 1 1 1 1 41 1
1944 3 1 1 1 2 3 1 1 1 1 41 1
1945 2 1 2 1 57 2 1 2 2 1 62 1
1946 2 1 2 1 27 3 2 2 2 1 58 1
1946 3 1 2 1 25 3 2 2 2 1 58 1
1947 2 1 6 1 65 2 1 2 6 1 62 1
1948 2 2 6 1 32 2 1 1 1 1 31 1
1948 3 2 8 1 6 3 1 1 1 1 31 1
1948 4 1 8 1 1 3 1 1 1 1 31 1
1949 2 1 1 1 67 11 1 1 1 4 69 1
1950 2 2 1 1 16 3 1 1 1 1 44 1
1951 2 1 1 1 17 3 2 1 1 1 49 1
1952 2 1 1 5 49 3 2 2 1 5 85 1
1953 2 2 1 1 85 2 1 1 1 1 87 1
1954 2 2 1 1 41 2 1 1 1 1 50 1
1955 2 2 1 1 49 2 1 1 1 1 53 1
1956 2 2 1 1 65 2 1 1 1 1 56 1
1956 3 1 1 1 36 3 1 1 1 1 56 1
1957 2 2 1 1 36 2 1 1 1 1 72 1
1958 2 2 1 1 65 2 1 1 1 1 69 1
1958 3 1 1 1 17 9 1 1 1 1 69 1
1958 4 2 1 1 13 9 1 1 1 1 69 1
1959 2 1 2 1 13 3 2 1 2 1 33 1
1959 3 1 2 1 6 3 2 1 2 1 33 1
1959 4 2 2 1 32 11 2 1 2 1 33 1
1960 2 1 1 1 59 12 1 2 1 1 57 1
1961 2 1 2 1 57 3 1 2 2 1 73 1
1961 3 1 2 1 31 9 1 2 2 1 73 1
1961 4 2 2 1 19 9 1 2 2 1 73 1
1962 2 2 1 1 61 2 2 1 1 1 60 1
1963 2 2 1 1 44 2 1 1 1 2 48 1
1964 2 1 6 5 68 2 1 2 6 5 63 1
1964 3 2 6 5 26 3 1 2 6 5 63 1
1964 4 1 6 5 49 7 1 2 6 5 63 1
1965 2 1 7 3 71 2 1 2 7 3 65 1
1965 3 1 7 3 23 9 1 2 7 3 65 1
1965 4 1 7 3 73 10 1 2 7 3 65 1
1966 2 2 1 5 50 2 2 1 1 5 35 1
1967 2 2 2 1 6 3 2 2 2 1 24 1
1967 3 1 2 1 4 3 2 2 2 1 24 1
1968 2 2 1 1 55 2 1 1 1 1 61 1
1969 2 2 1 1 66 2 1 1 1 1 69 1
1970 2 1 1 1 94 2 1 2 8 1 94 1
1971 2 1 1 1 45 2 1 2 1 1 43 1
1971 3 1 1 1 21 3 1 2 1 1 43 1
1972 2 2 1 2 40 2 1 1 1 1 40 1
1973 2 2 1 1 75 2 1 1 1 1 81 1
1974 2 2 1 2 40 2 2 1 1 2 40 1
1974 3 1 1 2 13 3 2 1 1 2 40 1
1975 2 1 1 1 41 11 1 2 1 1 25 1
1976 2 1 1 1 15 3 1 2 1 1 43 1
1976 3 1 1 1 14 3 1 2 1 1 43 1
1977 2 2 1 1 47 11 1 1 1 1 40 1
1978 2 2 1 2 51 2 1 1 1 1 62 1
1979 2 1 1 1 49 3 1 2 1 1 77 1
1980 2 1 1 2 7 3 2 2 1 2 31 1
1981 2 2 1 2 60 2 2 1 1 1 63 1
1981 3 1 1 1 25 3 2 1 1 1 63 1
1981 4 2 1 1 22 3 2 1 1 1 63 1
1982 2 1 1 1 29 2 1 2 1 1 31 1
1983 2 2 1 1 42 2 1 1 1 1 48 1
1984 2 2 1 2 56 2 1 1 1 2 57 1
1985 2 1 2 1 41 3 1 2 2 1 67 1
1986 2 2 1 1 90 5 1 1 1 1 62 1
1987 2 1 1 1 44 2 1 2 1 1 44 1
1988 2 2 4 1 23 3 1 2 4 1 53 1
1989 2 1 2 1 23 11 2 2 2 1 23 1
1990 2 1 1 1 37 2 1 2 1 1 44 1
1990 3 1 1 1 13 3 1 2 1 1 44 1
1990 4 1 1 1 12 3 1 2 1 1 44 1
1991 2 1 1 1 4 3 1 2 1 1 28 1
1992 2 2 1 1 68 2 1 1 1 1 74 1
1993 2 1 1 1 32 2 1 2 1 1 35 1
1993 3 2 1 1 13 3 1 2 1 1 35 1
1993 4 2 1 1 9 3 1 2 1 1 35 1
1994 2 1 1 5 13 3 1 1 1 1 47 1
1994 3 2 1 5 40 11 1 1 1 1 47 1
1995 2 1 1 1 3 3 2 2 1 1 37 1
1996 2 1 2 1 47 3 1 2 2 1 79 1
1997 2 2 1 1 37 2 1 1 1 1 51 1
1998 2 1 1 1 33 9 1 2 1 1 87 1
1998 3 1 1 1 7 9 1 2 1 1 87 1
1998 4 2 1 1 38 4 1 2 1 1 87 1
1999 2 2 1 1 16 3 2 2 1 1 49 1
1999 3 2 1 1 11 3 2 2 1 1 49 1
2000 2 2 1 1 60 2 1 1 1 1 60 1
