"Gender" "Race" "Hisp" "Age" "Relate"
1 1 1 86 2
1 1 1 55 2
1 1 1 29 2
2 1 1 30 2
1 1 1 4 3
2 1 1 9 3
2 1 1 61 2
2 7 5 29 2
1 3 1 26 10
1 1 2 31 11
2 2 1 47 2
1 2 1 25 3
2 2 1 64 6
1 1 1 60 2
2 1 1 17 3
2 1 1 85 6
2 1 1 56 2
1 1 4 30 2
2 1 4 1 3
2 1 1 43 2
1 1 1 3 3
2 1 1 68 2
1 2 1 18 9
1 2 1 19 3
2 4 1 71 2
1 1 1 46 2
2 1 1 78 2
1 1 1 78 10
2 1 5 18 3
2 1 5 43 11
2 1 1 78 2
2 1 1 85 7
1 2 1 21 9
1 1 1 43 2
2 1 1 2 3
2 1 1 61 2
2 1 1 42 10
2 6 1 50 2
1 8 1 9 3
2 2 1 33 2
2 2 1 11 3
1 2 1 65 2
1 1 1 54 2
1 1 1 3 9
2 1 1 79 2
1 1 3 10 3
2 1 3 6 3
2 4 1 27 11
1 1 1 24 3
2 4 1 60 2
1 1 1 62 3
2 1 1 58 4
1 1 1 52 2
1 1 1 22 3
2 1 1 18 3
1 1 2 41 3
2 1 1 10 3
2 1 1 71 2
2 1 1 40 2
2 1 1 17 3
1 1 1 12 3
2 1 1 32 2
1 1 1 5 3
1 1 1 2 3
2 1 1 48 2
2 1 1 16 3
2 1 1 35 11
1 6 1 31 7
2 2 1 53 2
1 2 1 20 3
1 2 1 21 3
2 1 1 25 2
1 1 1 55 10
1 1 1 13 10
2 1 1 32 2
1 8 1 4 3
1 8 1 2 3
2 1 1 33 2
1 1 1 3 3
2 6 1 32 2
2 6 1 62 5
2 1 1 62 2
2 1 1 22 3
1 1 1 22 3
2 1 1 50 2
2 2 1 48 2
1 2 1 23 3
1 2 1 4 9
2 4 1 33 2
1 4 1 4 3
1 4 1 2 3
2 1 1 24 2
1 1 1 16 3
2 1 1 15 3
2 1 1 72 2
2 1 1 56 2
2 1 1 29 3
2 1 3 67 2
2 1 1 71 2
2 2 1 62 2
2 1 1 46 2
2 1 1 10 10
2 1 1 13 12
2 1 1 42 2
2 1 1 18 3
1 1 1 14 3
2 1 1 65 2
1 2 1 35 3
2 2 1 76 7
1 2 1 61 7
1 1 1 58 11
2 1 5 19 3
2 1 1 16 3
1 1 1 48 11
1 1 1 49 11
2 1 1 56 2
2 1 1 72 2
1 2 1 12 3
1 2 1 6 3
2 2 1 2 3
2 1 1 32 2
1 1 1 12 3
2 1 1 11 3
1 1 1 53 2
1 1 1 21 3
1 1 1 59 2
1 1 1 82 2
2 1 1 63 2
2 1 1 66 2
2 1 1 34 2
2 1 1 5 3
2 1 1 2 3
2 1 1 28 3
2 1 1 4 9
1 1 1 3 9
1 1 1 56 2
2 1 1 49 2
1 1 1 18 3
1 1 1 14 3
2 1 1 53 2
1 1 1 26 2
2 1 1 81 2
2 8 1 15 3
1 8 1 3 3
2 1 1 44 2
2 1 1 18 3
2 7 5 34 2
2 7 5 2 3
1 1 1 61 2
2 1 1 61 2
2 1 1 45 2
1 1 1 19 3
1 2 1 24 2
2 6 1 61 2
1 6 1 29 3
2 6 1 26 3
2 1 1 77 2
2 1 2 66 10
2 1 1 49 2
2 1 1 60 2
2 1 1 28 3
1 1 4 41 12
2 1 1 50 2
2 1 1 20 3
1 1 1 16 3
2 1 1 27 11
1 1 1 18 3
1 1 1 38 2
1 1 1 9 3
2 1 1 6 3
2 1 1 53 11
2 1 1 78 2
2 1 1 47 3
1 2 1 72 3
2 2 1 19 3
1 1 2 66 2
2 1 1 62 11
2 1 1 27 2
1 1 1 18 3
2 1 1 66 2
1 1 1 42 2
1 1 1 10 3
2 1 1 56 2
1 1 1 9 3
2 1 1 72 2
2 1 1 81 2
1 1 1 11 3
2 1 1 11 3
2 1 1 71 2
1 1 3 33 3
2 1 1 77 2
2 1 1 48 2
2 1 1 43 2
1 1 1 14 3
2 1 1 10 3
1 1 1 60 2
2 1 1 17 3
1 1 1 14 10
2 1 1 66 2
2 2 1 20 10
1 1 1 34 2
1 1 1 9 3
1 1 1 6 3
1 1 1 18 3
2 1 1 36 2
2 1 2 9 3
1 1 2 6 3
1 2 1 26 3
2 2 1 23 3
2 1 1 22 4
2 1 1 77 2
2 9 2 32 2
2 2 1 12 3
1 1 1 28 2
2 4 1 53 2
1 4 1 29 3
2 4 1 18 3
2 1 1 56 11
2 2 1 23 9
2 2 1 2 9
2 2 1 49 2
2 2 1 17 3
1 2 1 38 3
1 2 1 27 3
1 2 1 60 2
1 2 1 7 9
2 1 1 36 2
1 1 1 17 3
2 1 1 66 2
1 1 1 17 3
2 1 1 65 3
2 1 1 8 3
2 1 1 68 2
2 1 3 63 3
1 1 3 37 9
2 1 3 34 9
2 1 1 3 3
1 1 1 26 11
1 1 1 17 3
2 1 1 13 3
1 1 1 11 9
1 1 1 33 2
2 8 1 14 3
1 8 1 3 3
2 6 1 9 3
2 6 1 56 5
2 6 1 12 10
1 3 1 3 3
1 3 1 28 11
1 1 2 32 2
2 9 2 5 3
1 9 2 4 3
1 8 2 7 3
1 8 2 5 3
2 1 1 69 2
2 1 1 56 2
2 1 1 19 3
2 1 1 71 2
2 1 1 47 3
2 1 1 34 3
2 1 1 51 11
2 1 1 80 2
2 1 1 9 7
2 1 1 47 5
1 1 1 71 2
1 2 1 17 3
2 2 1 11 3
2 1 1 37 2
1 1 1 10 3
2 1 1 56 2
1 1 1 54 2
1 1 1 16 3
2 1 1 14 3
1 1 1 67 11
1 1 1 60 2
1 1 1 28 3
1 1 1 86 11
1 7 3 43 3
2 1 1 53 2
2 1 1 61 2
1 1 1 24 3
2 2 1 19 3
2 2 1 64 5
1 1 1 30 2
1 1 1 73 2
2 1 1 24 2
2 1 1 70 2
2 1 1 57 2
2 1 1 54 2
2 1 1 45 2
1 1 1 10 3
1 3 1 1 3
1 3 1 27 12
1 1 1 52 2
1 1 2 27 3
2 1 1 23 3
2 1 1 55 2
2 1 1 61 2
2 2 1 29 3
1 2 1 6 9
2 2 1 64 2
1 2 1 38 3
1 2 1 12 3
1 2 1 6 3
2 1 1 65 2
2 1 1 57 2
1 1 1 27 3
2 1 1 23 3
1 1 1 48 2
2 1 1 10 3
2 1 1 68 2
1 1 1 15 3
1 1 1 11 3
2 1 1 65 2
2 1 1 56 2
1 1 1 30 3
1 1 1 65 2
1 1 1 35 3
1 1 1 48 11
2 1 1 37 2
1 1 1 2 3
2 1 1 41 2
2 1 1 23 3
1 1 1 20 3
2 1 1 69 2
2 1 2 43 2
2 1 5 19 3
2 1 5 17 3
1 2 1 36 2
1 2 1 13 3
2 2 1 11 3
2 1 1 68 2
2 1 1 44 2
2 1 1 10 3
1 1 1 8 3
1 1 1 9 3
1 1 4 67 5
2 1 4 66 5
2 1 1 45 2
1 1 1 20 3
2 1 1 18 3
1 1 1 55 2
1 1 1 26 3
2 1 1 23 3
2 1 1 64 2
1 1 1 46 7
2 1 1 89 5
1 1 1 51 11
2 2 1 27 3
2 1 1 53 11
1 2 1 45 2
2 5 3 30 2
1 8 3 3 3
2 1 1 66 2
2 1 2 16 9
1 1 1 63 2
2 1 1 48 2
1 1 1 18 3
1 1 1 15 3
2 2 1 53 2
2 1 1 63 2
1 1 1 50 2
1 1 1 15 3
1 1 1 13 3
2 1 1 54 2
1 1 1 27 3
2 1 1 81 5
2 2 1 58 2
1 1 1 42 2
1 1 4 9 3
2 1 1 5 3
2 1 1 28 11
2 1 1 58 2
1 1 1 5 9
2 4 1 56 2
1 4 1 22 3
2 4 1 80 5
2 1 1 73 2
1 7 2 53 11
1 2 1 47 2
2 2 1 10 3
1 1 3 16 3
2 1 5 10 3
2 1 5 56 2
2 2 5 35 3
2 2 5 8 9
1 1 3 8 3
1 1 5 49 7
2 1 1 66 2
2 1 1 28 7
1 1 1 37 11
1 1 1 28 2
2 1 1 10 3
1 1 1 50 2
1 1 1 27 3
2 1 1 21 3
2 1 1 63 2
2 1 1 53 2
2 1 1 22 3
2 1 1 20 3
2 7 2 28 2
2 7 2 11 3
1 7 2 7 3
1 1 1 51 2
1 1 1 27 3
2 1 1 9 3
2 2 1 51 2
2 2 1 39 3
1 2 1 9 9
2 7 2 69 2
2 1 1 38 2
1 1 1 9 3
2 1 1 7 3
2 1 1 78 12
1 1 1 56 2
2 1 1 22 3
1 1 1 74 2
2 1 1 43 11
2 1 1 17 9
2 1 1 46 2
2 1 1 37 2
2 1 1 11 3
2 1 1 8 3
2 1 1 65 2
2 1 1 63 3
1 1 1 59 2
2 1 1 73 2
1 1 1 58 3
2 1 1 50 11
2 1 1 63 2
1 1 1 11 3
2 1 1 36 11
2 8 1 63 2
2 2 1 20 3
1 2 1 12 3
1 1 1 31 2
2 1 1 79 2
2 4 1 43 2
1 4 1 10 3
2 4 1 6 3
1 1 1 55 2
2 1 1 78 2
1 1 1 46 2
2 2 1 65 2
1 1 1 23 11
2 1 1 56 2
2 1 1 43 2
1 1 1 59 2
2 2 1 44 11
2 1 1 59 2
1 2 1 8 3
1 2 1 6 3
1 2 1 4 3
2 2 1 65 2
2 1 1 83 2
1 1 1 53 2
1 1 1 17 3
1 1 1 13 3
2 1 1 57 2
1 1 1 82 6
2 1 1 79 6
2 1 2 53 3
1 1 1 52 2
1 1 1 9 3
1 1 1 7 3
2 1 1 48 2
1 1 1 19 3
2 1 1 15 3
2 1 1 66 2
2 1 1 58 2
1 1 1 63 2
1 1 1 47 11
2 1 1 56 2
2 1 1 25 3
2 1 1 23 3
2 6 1 48 2
1 1 1 32 3
2 1 1 72 2
2 1 1 39 2
2 1 1 10 3
2 1 1 7 3
1 1 1 24 3
2 2 1 19 3
1 2 1 10 3
2 1 1 11 3
1 1 1 4 3
2 1 1 50 2
2 1 1 50 2
2 1 1 12 3
2 1 1 10 3
1 1 1 41 2
1 1 1 15 3
2 1 1 4 3
2 1 1 49 2
1 1 2 15 3
1 1 2 12 3
1 6 1 29 11
2 1 1 11 3
1 1 1 63 2
2 1 1 65 2
1 7 5 28 3
1 7 5 23 3
1 7 5 53 11
2 1 1 58 2
1 1 1 32 3
1 1 1 29 3
1 1 1 47 2
1 1 2 28 3
1 1 2 22 3
1 1 1 28 2
2 1 1 29 2
2 1 1 9 3
2 1 1 7 3
1 1 1 56 2
2 1 1 20 3
2 1 1 15 3
1 1 1 79 11
1 1 1 47 2
1 1 1 14 3
2 2 1 56 3
2 1 1 62 2
1 1 2 30 2
1 6 1 17 3
2 1 1 36 2
1 1 1 14 3
2 1 1 5 3
1 1 1 51 2
2 1 1 75 2
2 1 1 3 3
1 1 1 58 2
1 1 1 22 3
1 1 1 16 3
1 1 2 16 3
2 1 2 11 3
2 1 1 35 2
1 1 5 18 3
2 1 5 16 3
1 2 2 13 3
1 2 2 5 3
2 1 1 54 11
1 1 1 73 2
2 1 1 87 2
2 1 1 45 2
1 7 2 28 2
1 1 2 41 2
2 1 2 14 3
1 1 2 9 3
2 1 1 59 2
2 1 1 50 2
2 1 1 16 3
1 1 1 25 11
1 1 1 22 11
1 8 1 14 3
2 8 1 12 3
2 1 1 49 2
1 4 1 76 2
1 1 1 56 3
2 1 1 77 5
1 1 1 43 2
1 1 1 6 3
2 1 1 4 3
2 1 1 61 2
1 1 1 80 2
1 1 2 40 2
1 1 5 6 3
2 8 1 65 2
2 1 1 57 2
1 1 1 66 2
2 6 1 66 2
1 1 1 60 2
2 1 1 50 3
1 1 1 45 12
2 1 1 72 2
2 1 1 75 2
2 1 1 68 2
2 2 1 64 2
1 2 1 22 3
2 1 3 65 2
2 6 1 68 2
2 1 1 70 2
1 2 1 35 2
2 1 1 50 2
1 1 1 23 3
1 1 1 6 9
2 1 1 38 2
2 1 1 11 3
1 1 1 6 3
1 1 1 25 9
2 1 1 63 2
1 2 1 67 2
1 1 1 67 2
1 1 1 71 2
1 1 2 44 2
2 1 2 17 3
1 1 2 9 3
1 1 1 64 2
2 1 1 66 2
2 1 1 43 3
2 1 1 14 9
2 2 1 38 3
2 2 1 12 9
1 2 1 40 4
2 1 1 75 2
1 1 1 39 7
2 1 1 86 7
2 9 1 22 9
1 1 1 56 2
2 7 2 37 2
2 8 2 3 3
2 1 1 59 5
2 6 1 59 2
2 7 1 55 11
2 7 1 54 11
2 2 1 22 3
1 1 1 53 2
2 1 1 23 3
2 1 1 20 3
2 1 1 30 2
2 1 1 22 11
1 1 1 16 3
1 1 1 14 3
2 1 1 48 11
1 1 1 34 11
2 2 1 6 3
2 1 1 50 2
2 1 1 36 2
1 1 1 12 3
2 1 1 10 3
1 8 1 9 3
1 9 1 5 3
2 1 2 61 2
2 1 1 57 2
2 2 1 59 2
1 1 1 30 2
1 1 1 3 3
1 1 1 2 3
1 1 2 30 2
1 1 2 1 3
2 1 1 39 2
1 1 1 1 3
1 1 1 1 3
2 1 1 3 3
2 1 1 47 2
1 1 1 48 2
1 1 1 22 3
1 1 1 19 3
1 9 1 37 2
2 1 1 43 2
1 1 1 14 3
2 1 1 12 3
2 2 1 34 2
1 2 1 10 3
2 1 1 1 3
2 1 1 25 11
2 1 1 4 12
1 8 1 30 2
2 1 1 17 3
1 1 1 46 11
1 1 2 64 2
1 1 2 38 3
1 1 1 63 2
2 1 1 11 3
1 1 1 69 2
2 1 1 37 2
2 1 1 4 3
1 2 1 60 11
2 1 1 54 2
2 1 1 22 3
2 1 1 18 3
1 1 1 24 11
2 1 1 70 2
2 1 1 76 2
1 1 1 60 2
1 1 1 71 2
2 7 2 44 11
1 1 1 62 2
2 1 1 50 2
1 1 1 20 3
2 1 1 13 3
2 1 1 65 2
2 1 1 28 2
2 1 1 59 2
2 1 1 20 11
1 1 1 28 11
1 1 1 48 2
1 1 1 77 5
1 1 1 48 2
2 1 1 24 3
1 2 1 34 3
2 1 1 56 2
2 2 1 57 11
2 8 3 6 3
2 8 3 5 3
2 8 3 25 11
1 1 1 27 11
2 1 1 27 11
2 1 1 28 11
2 2 1 16 3
2 2 1 58 2
2 1 1 25 3
2 1 1 52 12
2 1 1 20 11
2 1 1 20 11
2 1 1 20 11
2 1 4 42 2
1 1 5 17 3
1 1 5 15 3
2 3 1 11 3
2 3 1 3 3
1 6 1 28 3
2 6 1 19 3
1 1 1 93 2
1 1 2 56 2
2 1 1 80 2
2 1 1 50 2
2 1 1 58 2
1 1 1 61 2
1 1 1 72 7
1 1 1 45 7
2 1 1 69 5
2 1 1 85 2
2 1 1 44 2
1 1 1 12 3
1 1 1 10 3
1 3 1 26 3
2 7 2 55 2
2 7 2 21 3
1 7 2 19 3
2 1 1 56 2
2 1 1 61 2
1 1 1 41 2
1 1 1 3 9
1 1 3 26 11
2 1 1 41 3
1 1 1 40 11
1 1 1 83 2
2 8 1 57 11
1 1 1 23 3
2 1 1 65 2
2 1 1 25 2
2 1 1 1 3
2 1 1 7 3
1 1 1 36 3
2 1 1 5 3
1 1 1 40 11
1 1 1 35 2
2 1 1 13 3
2 1 1 68 2
1 1 1 43 3
1 1 1 50 3
1 1 1 18 3
2 1 1 14 3
2 1 1 72 2
2 1 3 26 2
2 1 1 92 2
1 1 1 28 2
1 1 1 43 10
2 1 1 33 2
1 1 1 5 3
2 1 1 1 3
1 1 1 36 2
1 7 2 8 3
1 7 2 4 3
2 1 1 76 2
2 1 5 63 2
1 1 1 17 3
1 1 1 12 3
2 1 1 41 11
2 1 1 20 3
2 1 1 40 2
1 1 1 8 3
2 1 1 6 3
1 3 1 33 3
2 3 1 30 3
1 3 1 2 9
1 1 1 47 3
1 2 1 78 2
2 1 1 14 3
1 1 1 3 3
2 1 1 52 2
2 1 1 55 2
2 1 1 25 3
2 1 1 63 2
1 1 1 87 2
1 1 1 62 2
2 1 2 43 2
2 1 1 33 2
2 1 1 1 3
2 1 1 85 2
1 1 1 5 3
1 1 1 26 11
2 1 1 40 2
1 1 1 8 3
1 1 1 26 2
2 1 1 47 3
1 1 1 48 12
2 1 1 52 2
2 1 1 57 2
2 1 5 78 2
2 1 1 63 2
2 1 1 66 2
1 1 1 66 2
2 1 1 26 3
1 1 1 44 2
1 2 1 1 3
1 1 1 66 2
2 1 1 14 3
2 2 1 41 11
1 1 1 1 3
2 1 1 33 11
2 1 1 33 2
1 1 1 45 3
1 2 1 50 11
2 2 1 9 3
2 1 1 55 2
2 1 1 75 2
2 1 1 59 2
2 1 1 55 2
2 2 1 49 2
1 2 1 5 3
2 2 1 12 3
2 1 1 32 11
2 1 1 9 12
2 1 1 8 12
2 1 1 75 2
2 1 3 13 3
2 1 3 8 3
2 1 1 47 2
2 1 1 17 3
2 1 1 15 3
1 1 1 38 2
2 1 1 49 2
2 1 1 11 3
2 1 1 61 2
1 1 1 30 12
1 7 2 17 12
1 1 1 14 12
1 1 1 53 11
2 1 1 61 2
2 1 1 60 2
1 1 1 25 3
2 1 1 57 2
1 1 1 60 2
1 1 1 42 3
2 1 1 54 2
2 1 1 30 3
1 1 1 6 9
2 1 1 61 2
2 1 1 57 2
1 1 1 25 3
1 1 1 78 2
2 1 1 57 2
2 7 5 59 2
1 7 5 24 3
2 1 1 42 11
1 1 1 72 2
1 1 1 13 3
2 1 1 10 3
1 1 1 51 2
1 1 1 14 3
1 1 1 11 3
1 1 1 61 2
2 2 1 2 3
2 1 1 57 2
1 1 1 42 2
2 1 1 19 3
1 1 1 21 12
1 1 1 64 2
2 4 1 37 2
2 8 1 2 3
2 1 1 58 2
2 1 1 50 11
2 2 1 58 2
2 2 1 28 3
1 2 1 26 3
2 1 1 31 2
2 1 1 36 2
1 1 1 18 3
1 1 1 14 3
1 1 1 29 11
1 1 1 68 2
2 1 1 79 2
1 1 1 62 2
1 2 1 1 3
1 2 1 1 3
2 2 1 23 11
2 1 1 1 3
1 1 1 28 11
1 1 1 25 2
2 1 1 4 3
2 1 1 2 3
2 6 1 43 2
1 6 1 17 3
2 6 1 12 3
1 1 1 53 2
1 1 1 17 3
1 1 1 14 3
2 1 1 20 3
2 1 1 15 3
1 8 2 60 2
2 1 2 20 3
2 1 2 20 3
2 3 1 42 3
1 1 1 49 2
2 1 1 43 12
2 1 1 51 2
1 1 1 24 3
2 1 1 51 2
2 8 1 70 2
1 1 1 40 11
2 1 1 69 2
2 1 1 24 2
1 1 1 2 3
2 1 1 53 2
1 1 1 9 3
2 7 1 45 2
2 1 1 18 3
2 1 1 16 3
2 8 1 13 3
2 1 1 34 11
2 1 1 27 2
2 3 1 6 3
2 3 1 1 3
1 1 1 45 2
1 1 1 15 3
1 1 1 9 3
2 1 1 58 2
1 1 1 43 2
1 1 2 4 3
2 1 2 64 5
2 1 1 68 2
2 1 1 40 3
2 1 1 38 2
2 1 1 65 3
2 1 1 30 2
1 1 1 3 3
1 1 1 31 11
2 1 1 16 3
2 1 1 24 3
2 1 1 84 5
2 1 1 49 2
1 1 1 30 3
1 1 1 30 2
2 1 1 1 3
1 1 1 43 2
2 1 2 10 3
1 1 2 7 3
1 1 1 54 2
2 1 1 20 3
2 1 1 73 2
2 1 1 10 3
1 2 1 14 3
2 1 1 69 2
2 1 1 28 2
2 1 1 1 3
2 1 1 56 2
1 1 1 51 2
1 1 1 19 3
2 1 1 23 3
1 1 1 17 3
1 1 1 21 7
1 1 4 26 11
1 1 1 38 2
2 1 1 3 3
1 1 1 1 3
1 9 1 55 7
2 1 1 46 2
1 1 1 10 3
1 1 1 62 2
2 1 1 20 3
1 2 1 11 3
2 2 1 8 3
1 2 1 15 3
2 1 2 38 2
1 1 2 15 3
2 1 1 38 2
1 1 1 16 3
1 1 1 6 3
1 1 1 57 2
1 2 1 58 2
2 1 1 32 2
1 1 1 20 11
2 1 1 56 2
2 1 1 24 2
2 1 1 4 3
1 1 1 1 3
2 1 1 64 2
1 1 1 36 2
2 1 1 10 3
1 1 1 5 3
1 1 1 90 11
1 4 1 28 11
1 2 1 1 3
2 1 5 58 2
2 1 5 22 3
1 1 1 6 3
2 1 1 4 3
1 1 1 72 2
2 1 1 70 2
1 1 1 57 2
2 1 1 5 9
2 1 1 51 2
1 1 1 19 3
2 1 1 44 11
2 1 1 19 12
2 1 1 16 3
1 1 1 45 11
1 1 1 63 2
1 1 1 33 3
2 1 1 61 2
2 1 1 57 2
1 1 1 32 3
2 1 2 33 3
2 1 2 29 3
2 1 2 22 3
2 1 1 66 2
2 1 1 28 3
2 1 1 37 2
2 1 1 7 3
2 1 1 2 3
2 1 1 48 2
1 1 2 12 3
2 1 3 13 3
1 1 1 27 9
1 1 1 51 2
2 1 1 43 2
1 1 1 13 3
1 4 1 75 2
1 1 1 50 11
2 1 1 18 3
2 1 1 13 3
1 1 1 45 2
2 1 1 68 2
1 2 1 54 3
1 2 1 30 9
2 1 1 57 2
2 1 1 58 2
1 1 1 76 2
1 1 1 8 3
2 1 1 16 3
2 1 1 65 2
2 1 1 33 2
1 2 1 75 2
2 2 1 21 3
1 2 1 1 9
2 1 1 44 2
2 1 1 14 3
1 1 1 59 3
2 1 1 59 2
2 1 1 60 2
1 1 1 34 3
1 1 4 47 3
2 1 2 38 3
2 2 1 46 2
2 8 1 23 3
2 1 1 61 2
2 1 1 61 2
2 1 1 70 2
2 1 1 83 6
2 1 1 23 2
1 1 1 1 3
1 1 1 69 2
2 1 1 60 2
2 1 1 54 2
1 1 1 71 2
1 1 1 44 3
2 1 1 11 9
2 1 1 43 4
2 6 1 47 2
2 1 1 67 2
2 1 2 13 3
2 1 1 36 11
2 1 1 67 2
1 1 1 30 11
2 1 2 28 2
2 2 1 41 3
2 2 1 20 9
1 1 1 80 2
2 1 1 3 3
1 1 1 3 3
1 1 1 73 2
2 1 1 40 3
2 1 1 63 2
2 8 1 18 3
1 8 1 14 3
1 3 1 4 12
1 1 1 31 2
2 1 1 7 3
2 1 1 81 2
2 1 1 29 2
2 1 1 2 3
2 1 1 81 2
2 1 1 61 2
1 1 1 36 3
2 6 1 61 2
1 6 1 34 3
1 1 1 39 2
2 6 1 35 2
2 6 1 10 3
2 1 1 31 2
2 1 1 9 3
2 1 1 6 3
2 1 1 31 10
2 1 1 54 2
2 1 1 57 2
2 1 1 50 2
1 1 1 23 3
1 1 1 17 3
2 2 1 19 3
2 2 1 64 10
2 1 1 58 2
2 1 1 40 2
2 1 1 52 2
1 1 1 16 3
2 1 1 13 3
2 2 1 24 3
1 2 1 5 9
2 1 1 57 2
2 1 1 57 2
2 1 1 41 2
1 1 1 10 3
1 1 1 8 3
1 2 1 18 3
1 2 1 12 3
1 1 1 55 2
2 2 1 28 3
1 1 1 62 2
1 1 1 39 2
1 1 1 10 3
1 1 1 7 3
1 1 1 84 2
1 1 1 75 2
1 8 1 9 3
2 1 1 38 2
2 1 1 10 3
2 1 1 7 3
1 3 1 39 11
2 1 1 41 11
2 1 1 23 11
1 1 1 36 3
2 7 1 64 2
1 1 1 54 2
2 1 3 22 3
1 1 3 19 3
1 1 1 51 2
1 1 1 6 3
1 1 1 34 11
1 1 1 63 2
1 1 1 18 3
2 1 1 8 3
1 1 1 65 2
2 1 1 29 3
2 1 1 24 3
1 1 1 65 2
1 1 1 37 3
2 1 1 31 11
2 6 1 60 10
2 6 1 33 10
2 1 1 56 2
2 1 1 55 2
2 1 1 70 2
2 1 1 59 2
2 1 1 17 3
2 1 1 59 11
2 2 1 42 2
1 2 1 5 3
1 1 1 59 2
2 1 1 48 2
2 1 1 11 3
2 1 1 12 9
2 4 1 54 2
1 1 1 46 3
1 1 1 43 3
2 5 1 36 2
1 8 1 10 3
2 1 1 18 3
1 1 1 75 2
1 1 1 55 2
1 1 1 16 3
1 1 1 46 2
2 1 1 58 2
1 1 1 16 3
2 1 1 38 2
1 1 1 17 3
2 1 1 17 3
1 1 1 39 2
2 1 1 6 3
1 1 1 2 3
2 3 1 67 2
1 7 2 38 11
1 7 3 42 2
1 1 3 4 3
2 1 1 81 11
2 1 1 25 11
2 1 1 19 3
1 1 1 39 2
1 1 1 7 3
1 1 1 27 2
2 1 1 61 2
2 1 1 43 2
2 1 1 57 2
2 1 1 46 2
2 1 1 10 3
1 1 1 8 3
2 6 1 53 2
2 6 1 23 3
2 1 1 57 2
2 1 1 21 3
2 1 1 16 3
1 1 1 49 2
2 1 1 27 11
1 1 1 23 11
1 1 1 21 11
2 1 1 37 9
1 1 2 5 9
2 1 1 65 2
2 1 1 33 2
1 1 1 3 3
2 8 1 45 2
2 1 1 95 11
2 2 1 14 3
2 1 2 54 2
1 8 1 31 3
1 1 1 72 2
2 1 1 20 9
1 1 1 2 9
2 1 1 53 2
1 1 1 25 3
1 1 1 20 3
2 1 1 72 2
2 1 1 58 2
2 1 1 86 2
1 1 1 33 2
2 1 1 10 3
2 9 1 56 2
1 9 1 18 3
2 9 1 18 9
1 1 1 56 2
1 1 1 21 3
1 1 1 17 3
2 1 1 58 2
2 2 1 48 2
1 2 1 18 3
2 2 1 15 3
1 1 1 20 3
1 1 1 10 3
2 1 1 44 11
1 2 1 82 2
1 2 1 27 3
2 2 1 19 3
2 2 1 17 3
2 2 1 15 3
1 1 1 29 2
2 5 1 47 2
1 8 1 11 3
2 8 1 9 3
2 1 1 69 2
1 1 1 49 11
1 1 1 47 11
1 1 1 41 2
2 1 1 4 3
2 1 1 2 3
2 4 1 50 2
2 4 1 23 3
1 1 1 6 3
1 1 1 28 2
1 1 1 5 3
1 1 1 2 3
2 1 1 72 2
1 1 1 49 2
1 1 1 12 3
2 6 1 66 2
1 1 2 51 2
2 1 2 24 3
2 8 2 5 9
2 1 1 64 2
1 2 1 39 3
2 1 1 60 2
1 1 1 42 2
1 1 1 12 3
1 1 1 9 3
2 1 1 41 3
2 1 1 30 11
2 1 1 1 9
1 3 1 29 12
2 1 4 51 2
1 1 4 21 3
1 1 4 15 3
1 1 1 13 3
2 1 1 67 11
1 1 1 44 2
2 1 1 10 3
1 1 5 58 3
2 1 5 35 9
2 1 1 36 2
2 1 1 17 3
2 1 1 2 3
1 2 1 4 3
1 2 1 15 7
1 2 1 28 11
1 2 1 48 3
2 3 1 5 3
2 1 1 61 2
2 1 1 25 11
2 1 1 38 3
2 1 1 55 2
2 1 1 67 2
2 1 1 16 3
1 2 1 63 2
2 6 1 63 2
1 6 1 31 3
2 6 1 29 12
2 1 1 51 2
1 1 1 9 3
2 1 1 31 2
2 1 1 1 3
1 1 1 53 2
2 1 1 67 2
2 1 1 42 2
2 1 1 10 3
2 1 1 8 3
2 1 1 49 11
2 1 1 27 2
1 1 1 69 2
1 1 2 68 2
2 1 1 52 2
2 1 1 14 3
1 1 1 32 2
1 1 1 67 2
2 1 1 60 2
1 2 1 2 3
2 2 1 30 3
2 2 1 6 9
2 2 1 5 9
2 1 1 67 2
2 1 1 51 2
1 1 2 9 3
2 1 1 29 2
1 1 1 33 11
1 1 1 64 2
1 1 1 56 2
2 1 1 11 9
1 1 1 10 9
2 1 1 73 2
1 1 1 56 2
2 1 1 51 2
2 1 1 31 3
2 1 1 12 9
1 1 1 45 2
2 1 1 17 3
1 1 1 15 3
2 1 1 88 2
2 1 1 86 2
2 8 1 20 2
2 1 2 54 2
2 7 5 31 11
1 1 1 16 3
2 1 1 14 3
1 1 1 72 2
2 1 1 81 2
2 1 1 52 3
2 1 1 12 3
1 1 1 6 3
1 1 1 84 2
1 1 1 39 2
2 1 1 16 3
1 1 1 62 2
1 1 1 73 10
1 8 1 6 3
1 1 1 26 11
1 2 1 11 3
2 1 1 64 2
1 1 1 89 6
2 1 1 69 2
2 1 1 41 11
2 1 1 55 2
2 1 1 8 3
2 1 1 17 3
2 1 1 15 3
2 1 1 62 2
2 1 1 72 7
1 1 5 50 2
2 1 5 21 3
2 1 5 18 3
2 7 3 17 3
1 7 3 6 10
1 1 1 37 2
2 1 1 56 2
2 1 1 78 2
2 1 1 58 2
2 1 1 72 2
2 1 1 43 2
1 1 1 21 3
1 1 1 17 3
2 1 1 56 2
1 2 1 46 11
2 1 1 28 11
1 1 1 76 2
2 1 1 65 2
2 1 1 55 2
1 1 1 69 2
2 8 1 8 3
1 1 2 29 11
2 1 1 40 2
1 1 1 8 3
1 1 1 2 3
2 1 1 46 2
2 1 2 59 2
1 4 1 53 2
1 4 1 2 3
2 1 1 78 2
2 1 2 21 3
2 1 2 16 3
2 1 2 14 3
2 1 1 69 2
2 6 1 44 12
2 6 1 13 12
2 1 1 43 3
1 7 2 59 2
1 7 2 20 3
2 1 1 47 2
2 1 1 9 3
2 1 1 58 11
1 1 1 84 2
2 1 1 51 2
2 1 1 57 2
1 1 2 18 3
2 1 1 34 2
2 1 1 5 3
2 1 1 17 3
1 1 1 80 2
2 1 1 59 2
2 1 2 62 2
1 1 2 40 3
2 1 2 22 9
2 1 1 64 2
2 1 1 76 2
2 1 1 75 2
2 6 1 62 2
2 1 1 80 2
2 1 1 39 3
1 1 1 62 2
1 1 1 51 2
1 2 1 40 2
1 1 1 59 2
1 1 1 25 3
2 4 1 36 2
2 1 1 29 2
1 1 1 10 3
2 1 1 32 2
2 1 1 1 3
2 1 1 35 2
2 1 1 4 3
2 1 1 2 3
2 1 1 47 11
2 1 1 7 3
2 1 1 53 5
2 1 1 44 2
2 1 1 15 3
1 2 1 43 7
2 1 1 66 2
1 1 2 33 2
2 1 2 2 3
2 1 1 74 2
2 2 1 48 2
2 2 1 18 3
2 2 1 14 3
2 1 1 67 2
2 2 1 18 3
2 2 1 14 3
2 1 1 69 2
1 1 1 44 3
1 2 1 73 11
2 1 1 68 2
1 1 1 40 3
1 1 1 16 3
2 1 1 56 11
1 1 1 41 2
2 1 1 17 3
2 1 1 16 3
1 1 1 61 2
2 5 1 78 2
2 1 1 24 11
1 1 2 67 2
1 1 2 45 3
2 1 2 24 9
2 1 2 89 12
2 1 2 56 12
1 1 2 37 12
1 8 1 43 2
1 1 1 16 3
1 1 1 12 3
2 1 1 56 2
1 1 1 21 3
2 1 1 55 2
2 1 1 37 2
2 1 1 6 3
2 1 1 2 3
2 1 1 67 2
1 1 1 10 3
1 1 1 36 2
2 1 1 7 3
1 1 1 4 3
2 1 1 78 2
2 2 1 25 2
2 1 1 78 2
1 1 1 73 2
2 1 1 45 2
1 1 1 16 3
2 1 1 13 3
2 2 1 72 7
2 2 1 59 11
1 1 1 53 2
2 1 5 65 3
2 1 1 56 2
2 1 1 50 2
1 1 1 37 11
2 1 1 77 2
2 1 1 66 2
1 8 1 19 3
1 8 1 17 3
2 1 1 78 2
2 1 1 27 11
1 1 1 27 11
2 1 1 61 11
1 1 2 65 2
2 1 2 26 3
1 1 2 3 9
1 1 1 37 2
1 1 1 11 3
1 1 1 7 3
1 1 1 49 2
1 1 1 19 3
1 8 1 12 3
2 8 1 10 3
2 8 3 17 10
2 1 1 63 2
1 1 3 20 3
1 1 1 54 11
1 1 1 52 2
2 1 1 20 3
1 1 1 82 2
1 1 1 65 2
2 1 1 62 2
2 6 1 68 5
1 1 1 36 11
1 1 1 40 2
1 1 1 16 3
2 1 1 13 3
2 6 1 67 11
1 4 1 66 11
1 6 1 60 11
1 1 5 54 11
2 1 1 77 2
1 1 1 36 2
2 1 1 4 3
1 1 1 2 3
2 1 1 57 2
1 1 1 21 3
2 1 1 31 2
1 1 1 5 3
2 1 1 3 3
1 1 1 64 2
2 2 1 22 3
2 1 1 24 3
1 1 1 30 12
1 2 1 37 3
2 1 1 54 2
2 1 1 10 3
2 1 1 31 2
1 1 1 5 3
2 1 1 2 3
1 2 1 69 2
2 2 1 50 3
1 2 1 27 10
1 1 1 54 2
1 1 1 12 3
2 1 1 48 2
1 1 1 13 3
2 1 1 65 2
1 2 1 47 2
1 2 1 24 3
1 1 1 56 3
1 1 1 53 2
1 1 1 15 3
1 1 1 13 3
2 1 2 65 2
2 1 1 25 11
2 1 1 31 2
1 1 1 13 3
2 1 1 9 3
2 1 1 29 2
1 1 1 8 3
2 2 1 6 3
1 1 1 55 2
2 1 1 76 2
1 3 1 43 2
1 3 1 14 3
2 3 1 10 3
1 1 1 42 11
2 1 2 36 2
2 1 2 1 3
1 3 1 70 2
2 1 2 55 12
2 1 2 18 12
1 1 2 11 3
2 1 2 34 11
2 2 1 24 2
1 2 3 3 3
2 1 1 31 2
1 1 1 3 3
1 1 1 1 3
2 1 2 52 2
1 1 2 19 3
1 1 2 15 3
2 1 1 53 2
1 1 1 78 2
2 1 1 63 2
1 1 1 39 3
1 1 1 16 9
2 1 1 65 2
1 1 1 72 2
2 1 1 64 2
1 1 1 60 2
1 1 1 21 3
2 1 1 60 2
2 1 1 36 3
1 1 1 4 9
2 1 1 61 2
2 2 1 40 3
2 2 1 34 3
2 2 1 18 9
2 1 1 56 2
1 1 1 34 3
1 1 1 5 9
1 1 1 71 2
2 1 1 94 5
2 1 1 46 12
1 1 1 17 12
2 1 1 15 12
2 1 1 51 2
1 1 1 25 3
1 1 1 43 2
1 1 1 11 3
1 1 1 8 3
2 1 1 52 2
2 1 1 31 2
2 1 1 2 3
2 1 1 1 3
1 1 2 37 11
1 1 1 9 3
2 2 1 47 7
2 2 1 42 7
2 2 1 45 3
1 2 1 19 9
2 2 1 12 9
2 1 1 63 2
2 1 1 63 2
2 1 1 62 2
1 1 1 38 3
2 1 2 72 7
1 1 1 19 9
1 6 1 40 2
1 6 1 5 3
1 6 1 3 3
2 1 1 58 2
1 1 1 26 3
1 1 1 49 2
1 1 1 18 3
2 1 1 40 2
1 1 1 21 12
1 1 1 17 12
1 1 1 41 2
1 1 5 19 3
2 1 5 5 3
1 1 3 43 2
2 1 2 8 3
2 1 3 6 3
2 3 1 57 2
2 1 3 67 2
2 1 1 61 2
1 1 1 36 3
2 1 2 46 2
1 1 2 18 3
2 1 2 13 3
2 1 1 51 2
2 1 1 25 3
1 1 1 23 3
2 3 2 70 2
1 1 1 57 2
1 1 1 18 3
2 1 1 25 11
1 1 1 20 3
2 1 1 17 3
2 1 1 78 11
1 1 1 56 2
1 1 1 65 2
2 1 1 55 2
2 1 1 29 3
2 1 1 37 2
1 1 1 9 3
1 1 1 5 3
2 1 1 48 2
2 8 1 10 3
2 8 1 24 3
2 1 1 43 2
2 1 1 16 3
2 7 2 34 2
2 7 2 15 3
2 7 2 4 3
1 1 1 63 2
2 1 1 52 2
2 1 1 23 3
2 6 1 41 2
1 8 1 11 3
1 8 1 8 3
1 1 1 94 7
2 1 1 70 2
1 1 1 47 3
2 1 1 31 12
2 1 1 32 2
2 1 1 74 2
2 1 1 54 3
2 1 1 75 2
2 1 1 65 12
2 1 1 28 2
1 1 1 26 3
2 6 1 49 2
1 1 1 67 2
1 1 1 90 5
2 1 1 87 5
2 1 1 61 2
2 1 1 8 3
2 1 1 17 3
2 1 1 17 3
1 1 1 60 2
2 1 1 84 5
2 8 1 30 2
1 8 1 7 3
2 8 1 6 3
2 1 2 21 2
1 1 2 2 3
1 2 1 43 2
1 2 1 15 3
1 1 1 86 2
1 1 1 50 3
2 9 5 30 2
1 9 5 2 3
2 1 1 68 2
2 1 1 56 2
2 1 1 32 3
2 1 1 62 2
1 4 1 49 2
1 4 1 15 3
2 4 1 52 7
2 1 1 51 2
1 2 1 1 3
2 2 1 3 11
2 2 1 24 11
1 1 1 63 2
2 7 2 44 2
1 7 2 21 3
1 7 2 10 3
2 1 1 8 3
2 1 1 47 2
2 1 1 65 2
2 2 1 57 2
1 2 1 38 3
2 2 1 16 3
2 2 1 9 3
2 1 1 59 2
2 1 1 50 2
1 1 1 25 3
2 1 1 71 6
2 4 1 28 2
2 1 1 59 3
1 1 1 51 11
2 1 1 62 2
1 1 1 62 2
2 1 1 17 3
2 1 1 60 2
2 1 1 75 2
1 1 2 39 3
1 1 1 74 2
2 1 1 71 2
2 1 1 35 3
1 1 1 45 2
2 1 1 79 2
2 1 1 46 3
1 1 1 21 9
1 2 1 7 3
1 1 1 46 2
1 1 1 12 3
2 1 1 10 3
2 2 1 6 3
1 2 1 3 3
1 2 1 1 3
2 2 1 65 2
1 1 1 10 3
1 1 4 17 3
2 1 4 15 3
1 1 1 52 11
2 1 1 66 2
1 1 1 27 3
1 8 2 63 2
2 8 2 33 3
2 1 1 54 11
2 1 1 31 11
2 6 1 32 2
2 6 1 5 3
1 1 1 56 2
1 2 2 41 2
2 1 2 3 3
1 1 2 1 3
2 1 1 33 2
2 1 1 5 3
2 1 1 3 3
2 6 1 55 2
1 6 1 27 3
2 1 1 77 2
2 1 1 53 2
2 1 1 7 3
1 2 1 2 3
2 1 1 68 2
2 2 1 14 3
1 2 1 10 3
2 1 1 40 2
1 1 1 13 3
1 1 1 10 3
1 1 1 38 2
1 1 1 19 3
2 1 1 10 3
2 1 1 64 2
2 1 1 21 3
1 1 1 47 3
2 1 1 17 9
2 2 1 65 11
1 1 1 55 11
1 1 1 56 2
1 1 1 16 3
2 1 2 48 2
2 6 1 53 2
1 6 1 23 3
2 6 1 18 3
1 7 2 81 5
2 1 1 55 2
2 1 1 46 2
2 1 1 17 3
1 1 1 15 3
1 1 2 31 2
2 1 1 60 2
1 1 1 66 11
2 1 1 75 2
2 1 1 61 11
1 1 1 52 2
2 1 1 19 3
2 1 1 62 2
2 1 1 79 2
1 1 1 82 2
1 1 1 32 11
2 1 1 40 2
1 1 1 11 3
2 1 1 8 3
2 1 1 8 3
2 1 1 6 3
1 1 1 5 3
1 1 1 41 2
1 1 5 19 3
1 1 1 29 11
2 1 1 67 2
1 7 2 33 10
1 7 2 25 10
2 1 1 65 2
2 1 1 56 2
1 2 1 19 3
2 2 1 15 3
2 2 1 12 3
2 1 1 50 2
2 1 1 9 3
1 1 2 82 2
1 2 1 37 2
1 2 1 3 3
2 1 1 68 2
2 2 1 54 12
2 1 1 48 2
2 1 1 25 3
1 1 1 21 3
2 1 1 26 2
2 2 1 46 11
2 2 1 62 12
2 1 1 17 3
1 1 1 67 2
2 1 1 62 2
1 1 1 87 2
2 1 1 61 2
1 1 1 63 7
2 1 1 57 2
2 1 1 78 2
2 1 1 31 3
1 1 1 60 2
1 1 1 61 2
1 1 1 12 3
2 1 1 10 3
1 1 1 4 3
2 1 1 58 2
1 6 1 31 11
2 1 1 46 2
1 2 1 27 3
1 2 1 24 3
1 2 1 67 2
2 2 1 33 3
2 2 1 32 3
2 1 1 60 2
1 1 1 82 11
2 1 1 59 2
1 1 1 70 2
2 1 1 39 2
2 1 1 9 3
1 1 1 5 3
1 8 1 8 3
1 1 1 20 7
2 1 1 74 2
2 1 1 61 2
2 2 1 35 2
2 2 1 13 3
2 2 1 9 3
1 1 1 83 2
2 1 1 52 3
1 1 1 31 12
2 1 1 2 3
2 1 1 33 11
2 1 1 50 2
2 1 2 27 11
2 1 2 57 12
1 1 1 34 2
2 1 1 1 3
1 1 1 64 2
2 1 1 62 2
1 1 1 23 3
1 1 1 20 3
2 1 1 44 2
1 1 1 11 3
1 1 1 9 3
2 1 2 55 2
1 1 2 15 3
2 1 1 60 2
2 1 1 65 2
2 3 1 20 3
1 1 1 42 2
1 1 1 10 3
1 1 1 60 2
1 2 1 42 2
2 8 5 10 3
1 8 5 9 3
1 1 1 41 2
2 1 1 14 3
2 1 1 10 3
1 4 1 50 2
2 1 4 55 2
1 1 4 27 3
1 1 1 41 2
2 1 1 62 2
1 1 1 54 2
2 1 1 44 2
2 1 1 18 3
2 1 1 28 3
2 1 1 6 9
1 1 1 50 11
2 1 1 50 2
1 1 1 67 2
2 1 1 63 2
1 1 5 53 11
1 1 1 56 2
1 1 1 26 3
1 2 1 41 2
2 2 5 5 3
2 2 5 2 3
2 1 1 15 3
2 2 1 13 3
2 1 1 67 2
2 1 1 80 2
1 1 1 81 2
1 1 1 31 2
1 1 1 5 3
1 1 1 1 3
1 1 1 48 2
1 1 1 21 3
1 1 1 16 3
2 1 1 17 9
1 1 1 3 9
1 1 1 20 12
1 9 1 3 3
2 1 1 59 2
2 1 1 75 2
2 1 1 67 2
2 1 1 65 2
2 1 1 45 2
2 1 1 18 3
2 1 1 16 3
1 1 1 19 3
2 1 1 72 2
2 8 1 8 3
1 1 1 39 2
2 1 2 6 3
2 1 2 4 3
1 1 1 57 2
2 9 3 40 2
2 9 3 14 3
1 9 3 9 3
2 1 1 42 11
2 1 1 38 2
1 1 1 12 3
2 1 1 10 3
2 1 1 44 2
2 1 1 62 2
2 7 5 27 2
1 7 5 5 3
2 7 5 2 3
2 1 1 23 2
2 1 1 4 3
2 1 1 1 3
2 1 1 24 2
2 2 1 37 2
2 8 1 5 3
2 8 1 2 3
2 1 1 29 3
2 1 1 70 2
2 4 1 41 2
1 4 1 15 3
2 1 2 41 2
2 1 2 18 3
1 1 2 16 3
1 1 1 21 3
1 2 1 27 11
2 1 1 72 2
1 1 1 48 2
2 1 1 15 3
1 1 1 8 3
2 1 4 76 2
1 1 1 36 2
1 2 1 29 2
1 8 1 1 3
2 1 1 54 11
2 1 1 62 2
2 1 1 82 2
2 1 3 4 3
1 1 1 23 3
2 1 1 42 2
2 1 1 13 3
1 1 1 10 3
1 1 1 9 3
1 1 1 8 3
2 1 1 6 3
2 1 1 15 3
2 1 1 7 3
1 1 1 6 3
1 6 1 57 10
2 1 1 52 2
2 1 1 57 2
2 1 1 56 2
2 2 1 52 2
2 2 1 21 3
1 1 5 29 11
2 1 1 78 2
1 1 1 85 2
1 1 1 46 2
1 1 1 21 3
1 1 1 55 2
2 1 1 31 3
1 1 1 64 2
1 1 1 11 3
2 1 1 62 5
1 1 1 58 3
2 2 1 24 3
2 2 1 18 3
1 1 1 20 3
1 1 1 17 3
2 1 1 15 3
2 6 1 60 2
2 1 1 60 2
2 1 1 30 3
2 1 1 69 2
2 1 1 65 3
2 1 2 43 2
1 1 2 15 3
2 1 2 13 3
2 1 1 53 2
1 1 3 41 2
1 1 5 13 3
1 1 5 5 3
2 1 1 34 2
2 1 1 11 3
1 1 1 10 3
1 1 2 69 2
1 1 1 68 2
2 1 1 58 2
2 1 1 56 2
2 1 1 19 3
2 1 1 52 2
1 1 1 20 3
2 1 1 18 3
1 2 1 52 3
1 1 1 54 7
1 1 1 6 9
2 1 5 23 3
1 1 5 39 10
2 1 5 39 10
1 1 1 18 3
2 1 1 90 5
1 1 1 29 2
2 1 1 2 3
1 1 1 37 2
2 1 1 8 3
2 1 1 4 3
2 1 1 51 2
1 1 1 31 11
2 1 1 30 11
2 1 1 57 2
2 1 1 15 3
1 1 1 67 2
2 1 1 67 2
2 1 1 33 3
2 1 1 64 2
1 1 1 61 2
2 1 1 64 2
2 1 1 60 2
2 1 4 44 11
2 2 1 76 2
2 1 1 71 2
1 1 1 38 3
1 1 1 19 10
1 1 1 56 11
1 7 2 46 11
1 2 1 43 3
1 1 1 71 2
2 1 1 24 3
1 1 1 57 2
1 1 1 20 3
1 1 1 17 3
2 1 1 61 2
1 1 1 38 2
2 1 1 6 3
2 1 1 3 3
1 1 1 61 2
2 1 1 14 3
2 2 1 64 2
1 1 1 60 3
2 1 1 47 2
1 1 1 14 3
2 1 1 25 11
1 1 1 18 3
2 1 1 26 11
2 1 2 61 2
1 1 1 25 11
2 1 2 21 2
1 1 1 48 2
1 1 1 15 3
1 1 1 14 3
2 6 1 65 5
2 1 1 69 2
1 6 1 29 3
2 6 1 30 4
2 8 1 24 3
1 8 1 16 3
1 1 1 71 2
2 1 1 84 2
1 1 1 26 3
1 2 1 51 2
2 2 1 26 3
1 1 1 55 2
2 1 1 32 3
2 2 1 48 11
1 1 1 26 3
1 1 1 22 3
1 1 1 17 3
2 1 1 56 2
2 2 1 25 3
1 2 1 15 3
1 2 1 34 2
1 2 1 11 3
1 7 5 17 3
2 1 1 41 2
1 1 1 11 3
2 1 1 7 3
2 7 2 17 3
2 1 1 50 2
2 1 1 49 2
1 1 1 19 3
2 2 2 62 2
1 1 1 60 2
2 1 1 78 2
2 1 1 35 2
2 1 1 8 3
2 1 1 4 3
2 1 1 61 2
1 8 1 26 2
1 1 1 2 3
2 1 1 31 2
2 1 1 6 3
1 1 1 4 3
2 1 2 7 9
1 1 1 36 3
2 1 1 6 9
2 1 1 55 2
2 1 1 55 2
2 1 1 84 5
2 1 1 64 2
1 4 1 35 11
1 4 1 35 11
2 1 1 71 2
1 1 1 39 11
1 1 5 32 2
2 1 1 70 2
1 2 1 14 3
2 2 1 11 3
2 6 1 46 2
2 6 1 24 3
2 6 1 20 3
2 1 1 4 3
1 1 1 30 11
2 1 1 70 11
1 2 1 38 7
2 2 1 54 2
1 2 1 14 3
2 1 1 60 2
2 9 1 64 2
2 1 1 68 2
1 1 5 31 2
2 1 1 72 2
1 1 1 56 3
2 1 1 36 2
2 1 2 21 7
1 1 2 59 5
2 8 1 8 3
2 1 1 57 2
2 1 1 61 2
2 6 1 59 11
1 1 1 65 2
2 1 1 70 2
2 1 1 30 2
1 1 1 5 3
1 1 1 61 11
2 1 1 79 5
1 1 1 48 2
1 1 1 37 2
1 8 2 10 9
2 1 1 79 2
1 1 1 48 3
1 7 1 49 2
2 1 1 70 2
1 1 1 59 2
1 1 1 32 3
2 1 1 52 2
1 1 1 17 3
2 1 1 13 3
2 1 3 13 3
1 1 3 8 3
2 1 3 3 3
1 1 1 29 2
1 1 1 30 3
2 1 1 56 2
2 8 5 33 11
2 1 1 21 11
1 1 1 28 11
2 1 1 60 2
1 1 1 54 2
1 1 1 16 3
2 1 1 14 3
2 2 1 40 2
2 2 1 10 3
1 2 1 5 3
1 1 1 14 3
1 1 1 43 11
1 1 1 43 2
1 1 1 11 3
1 1 1 5 3
2 1 1 75 2
2 1 1 39 2
2 1 1 9 3
2 1 1 4 3
1 1 1 36 2
2 1 1 2 3
1 1 1 50 2
2 1 1 46 2
2 1 1 7 3
1 2 1 67 2
2 1 1 39 2
1 1 1 16 3
1 1 1 11 3
2 1 1 25 2
2 1 1 50 2
1 1 1 18 3
2 1 1 58 2
2 1 1 45 2
1 1 1 23 3
1 1 1 19 3
1 2 1 8 3
1 2 1 7 3
1 1 1 7 3
2 1 1 55 2
1 1 1 17 3
1 1 1 82 2
2 1 1 58 9
2 1 1 55 2
2 1 1 51 2
1 1 1 19 3
2 1 1 75 2
2 1 1 51 2
2 1 1 29 2
1 1 1 2 3
1 1 1 52 2
1 1 1 16 3
2 1 1 11 3
1 1 1 59 2
1 1 1 41 3
2 1 1 47 2
2 1 1 24 3
1 1 1 11 3
2 7 5 18 3
1 7 5 12 3
1 7 5 2 9
1 1 1 30 2
2 1 1 10 3
1 1 1 4 3
1 1 1 32 11
2 1 1 24 2
1 2 1 45 3
1 4 1 70 2
1 1 1 33 11
2 1 1 77 2
2 1 1 66 2
2 1 1 58 2
1 1 1 28 2
1 1 1 3 3
1 1 1 1 3
2 1 1 29 2
1 1 1 3 3
2 1 1 1 3
2 1 2 26 2
2 1 2 22 10
1 1 1 27 11
1 1 1 66 2
2 1 1 69 2
2 1 1 56 2
2 1 1 85 6
2 1 1 84 2
2 1 1 25 2
1 1 1 72 2
2 1 1 33 2
2 1 1 2 3
2 1 1 57 2
1 1 1 28 2
2 1 1 61 2
2 1 1 26 11
2 1 2 36 7
1 1 1 77 2
2 1 1 32 9
1 1 1 1 9
1 1 1 48 2
2 1 1 5 3
2 1 1 3 3
2 1 1 62 2
1 1 1 25 3
2 1 1 61 2
2 1 1 18 3
2 1 1 52 3
2 1 1 48 2
2 1 1 38 2
2 1 1 11 3
2 1 1 8 3
2 7 2 52 2
1 1 1 89 11
2 1 1 61 2
2 1 1 39 2
2 1 1 66 2
1 1 4 91 10
1 1 4 54 10
2 1 4 24 11
2 1 1 38 2
1 1 1 16 3
2 1 1 14 3
2 7 2 14 3
2 7 2 10 3
2 1 1 30 11
1 1 1 26 11
1 2 1 58 2
1 7 5 31 2
2 7 5 2 3
1 7 5 1 3
2 1 1 56 2
1 1 1 29 3
2 1 1 26 11
2 1 1 43 11
1 2 1 74 2
1 2 1 42 3
1 7 2 29 2
2 1 1 23 11
2 1 1 34 2
1 1 1 4 3
2 1 1 52 2
1 1 1 28 3
2 1 1 60 2
2 1 1 68 11
1 1 1 78 7
1 1 1 57 2
1 1 1 6 9
2 1 1 4 9
2 2 1 36 2
1 2 1 16 3
2 2 1 16 3
2 1 1 30 2
2 1 1 64 2
2 1 1 33 2
1 1 1 38 2
1 1 1 7 3
1 1 1 4 3
2 1 1 76 2
2 1 1 28 2
2 1 1 2 3
1 1 1 42 11
1 4 1 31 3
2 1 1 46 2
1 1 1 20 3
2 1 1 61 2
2 1 1 51 2
2 1 1 15 3
1 2 1 42 7
1 1 1 22 3
1 1 1 86 2
2 1 1 50 2
1 1 1 15 3
2 1 1 13 3
1 1 1 76 2
1 1 1 54 2
2 1 1 31 2
2 1 1 66 2
1 1 1 34 2
2 1 1 31 2
2 1 1 13 3
1 1 1 8 3
1 1 1 58 2
2 1 1 19 3
2 1 1 61 2
1 1 1 70 2
2 1 1 36 2
2 1 1 4 3
2 1 1 2 3
1 1 5 36 11
2 1 2 39 2
2 1 2 21 3
1 1 2 19 3
2 1 1 30 11
2 1 1 65 2
2 1 1 52 2
2 1 1 49 2
1 1 1 25 3
1 1 1 48 2
1 1 1 65 11
2 1 1 48 2
2 1 1 17 3
1 1 1 15 3
2 1 1 7 3
1 1 1 4 3
2 1 1 81 2
1 1 1 66 2
2 1 1 63 2
2 1 1 63 11
1 1 4 57 2
1 1 5 29 3
2 1 5 18 3
2 1 1 5 3
2 1 1 3 3
1 1 1 28 3
1 1 1 29 9
2 1 1 69 2
1 1 2 55 11
2 1 1 66 2
1 2 1 59 7
2 1 1 46 2
1 1 1 16 3
2 1 1 12 3
1 1 1 59 2
1 6 1 23 3
2 6 1 19 3
1 6 1 14 3
2 2 1 45 2
2 1 1 28 11
2 1 1 38 2
1 1 1 8 3
1 1 1 39 2
2 1 1 14 3
1 8 1 15 3
2 4 1 40 2
1 4 1 10 3
1 4 1 2 3
1 1 1 20 3
2 1 1 71 2
2 1 1 45 3
1 2 1 14 9
2 1 1 50 3
2 6 1 73 2
1 1 1 42 3
2 1 2 36 2
2 1 2 1 3
2 1 1 47 2
1 1 1 18 3
1 1 1 13 3
2 1 1 55 2
2 1 1 79 2
2 1 1 26 7
2 1 1 52 2
1 1 1 19 3
1 1 1 17 3
2 6 1 48 2
1 1 1 49 2
1 1 1 20 3
2 1 1 17 3
2 1 1 60 2
1 1 1 84 2
1 1 2 31 2
1 1 2 1 3
1 2 1 9 3
1 2 1 8 3
1 2 1 6 3
2 1 1 45 2
2 1 5 8 3
1 1 5 6 3
2 7 5 56 5
1 2 1 51 2
1 1 1 18 3
1 1 1 15 3
2 3 1 67 2
1 1 1 56 2
1 1 2 25 3
1 1 2 21 3
2 1 1 24 11
1 1 1 29 3
1 1 1 31 7
1 1 1 67 10
1 1 1 35 3
2 1 1 82 2
2 1 4 68 5
2 1 4 94 10
2 1 1 74 2
1 1 1 56 2
1 1 1 25 3
1 1 1 64 2
2 1 1 71 2
2 1 1 49 2
2 1 1 49 2
1 1 1 22 3
1 1 1 11 3
1 1 1 18 3
2 1 2 51 11
1 8 1 26 3
2 1 1 41 2
2 1 1 45 2
2 1 1 19 3
2 1 1 14 3
2 1 1 51 2
2 1 1 20 3
1 1 1 16 3
1 8 1 57 10
1 1 1 59 2
2 1 1 61 2
2 1 2 44 11
2 1 1 66 2
1 1 1 60 2
2 5 1 37 2
2 5 1 7 3
2 5 1 5 3
2 1 1 31 2
2 1 1 6 3
1 1 1 2 3
2 1 1 25 11
2 1 1 62 2
1 1 1 42 2
2 1 1 8 3
2 1 1 5 3
2 1 1 43 2
1 1 1 10 3
2 1 1 27 9
2 1 1 52 2
1 2 1 18 9
1 2 1 71 10
1 1 1 37 2
1 1 1 10 3
1 1 1 8 3
2 1 1 31 2
2 1 1 7 3
2 1 1 1 3
2 1 1 76 11
1 7 5 54 11
1 7 2 29 11
2 1 1 31 7
2 1 1 65 5
1 1 1 61 2
2 1 1 23 3
2 1 1 16 3
2 7 1 59 3
1 7 1 67 7
2 1 1 53 2
1 1 1 19 3
2 1 1 14 3
2 1 1 55 2
2 7 2 40 2
2 7 2 18 3
2 7 2 7 3
1 1 1 15 3
1 1 1 63 11
2 1 2 83 2
1 1 2 52 3
1 1 2 63 11
1 1 1 14 3
2 1 1 67 2
2 1 1 44 2
1 1 1 5 3
2 1 1 2 3
1 1 1 24 3
2 2 1 52 2
1 1 1 63 2
1 1 1 95 6
1 4 1 52 2
1 1 1 34 2
1 1 1 5 3
2 1 1 3 3
2 1 1 38 2
1 1 1 4 3
1 1 1 1 3
1 1 1 62 2
2 1 5 69 2
1 1 1 63 2
1 1 1 94 2
2 1 1 56 2
2 1 1 46 11
2 2 1 52 2
2 1 1 28 2
2 1 1 61 2
2 1 1 81 10
2 1 1 49 2
1 1 1 9 3
1 1 1 8 3
2 1 1 56 2
2 1 1 17 3
1 1 1 56 2
2 8 1 19 3
2 9 3 16 3
1 8 1 13 3
2 8 1 11 3
2 8 1 9 3
1 1 3 28 11
1 6 1 61 12
1 1 1 46 11
1 1 1 23 10
2 6 1 27 3
1 6 1 45 2
1 6 1 11 3
2 6 1 8 3
1 1 1 49 11
2 1 1 18 3
2 1 1 16 3
2 1 1 59 2
2 1 1 82 2
2 1 1 22 3
2 1 1 53 2
1 1 1 17 3
1 1 1 14 3
1 1 1 66 2
2 1 1 57 2
2 1 1 21 3
1 3 1 41 2
2 1 1 48 2
2 1 1 21 3
2 1 1 19 3
1 1 1 81 2
2 6 1 32 2
2 2 1 49 2
2 2 1 18 3
2 2 1 14 3
1 1 1 65 2
2 1 1 54 2
2 1 1 55 2
2 1 1 54 2
1 1 1 25 3
1 2 1 49 2
2 2 1 10 3
1 1 2 27 2
2 1 1 57 2
1 1 2 61 7
1 1 2 57 7
2 1 1 8 3
2 1 1 69 11
1 1 1 42 2
2 1 1 8 3
2 1 1 7 3
1 1 1 28 3
1 1 1 21 3
1 1 1 20 3
2 2 1 11 3
1 2 1 9 3
2 2 1 5 3
1 1 1 66 2
1 1 1 43 2
1 1 1 14 3
2 1 1 11 3
2 1 1 66 2
2 1 1 59 2
1 7 2 14 3
2 7 2 13 3
1 1 1 49 7
1 1 1 45 3
2 1 1 20 3
2 1 1 47 2
1 1 1 8 3
2 1 1 4 3
1 3 1 86 2
2 3 1 33 9
2 1 1 59 2
2 1 1 69 2
2 1 1 79 2
2 1 1 46 2
2 1 1 62 2
2 1 1 95 6
2 2 1 51 7
1 3 1 74 2
2 3 1 25 3
1 1 1 95 2
2 1 1 65 2
1 1 1 13 3
1 1 1 34 3
1 1 1 28 3
2 7 2 44 2
2 7 2 14 3
1 7 2 11 3
1 1 1 34 2
1 1 1 35 2
2 1 1 11 3
2 1 1 7 3
2 1 1 66 10
1 2 1 14 3
1 2 1 12 3
1 2 1 54 11
1 1 1 50 2
1 1 1 18 3
2 1 1 16 3
2 1 1 72 2
2 1 1 63 2
2 1 1 52 2
2 2 1 58 2
1 1 1 12 3
1 1 1 17 3
1 1 1 41 11
1 1 1 59 2
1 1 1 17 3
2 1 1 69 2
2 1 1 20 2
1 1 1 3 3
2 1 1 53 2
2 1 1 14 9
1 8 1 7 9
1 1 1 46 2
1 1 1 12 3
2 1 1 10 3
1 1 1 36 2
2 1 1 14 3
2 1 1 29 2
1 1 1 8 3
1 1 1 1 3
2 1 1 50 2
1 1 1 18 3
2 1 1 14 3
1 1 1 57 3
1 1 4 38 2
2 1 1 37 2
1 1 1 12 3
2 1 1 6 3
2 1 1 52 2
1 1 1 24 3
2 1 1 19 12
2 1 1 53 2
2 7 5 59 2
2 7 5 30 3
1 7 5 7 9
1 1 1 78 2
1 1 1 46 3
2 1 1 43 2
2 6 1 33 11
2 1 1 17 3
2 1 1 66 2
1 1 1 4 3
2 1 1 75 2
2 1 1 43 12
1 1 1 22 12
2 1 1 24 3
2 1 1 28 2
2 1 1 56 2
2 1 1 19 3
2 1 1 49 2
1 1 1 20 3
2 1 1 18 3
1 1 1 50 2
2 1 1 12 3
2 1 1 43 2
1 1 1 9 3
2 1 1 7 3
2 2 1 30 3
1 1 1 47 2
2 1 1 16 3
1 1 1 12 3
2 1 1 65 2
1 1 3 3 3
1 1 3 39 11
2 7 5 20 3
2 7 5 35 10
1 7 5 22 11
2 1 1 35 2
2 1 1 7 3
2 1 1 4 3
2 6 1 78 2
2 2 1 88 5
1 1 1 38 2
1 1 1 11 3
1 1 1 8 3
2 1 1 36 2
2 1 1 33 2
2 1 1 6 3
2 1 1 5 3
2 1 1 62 2
2 1 1 47 11
1 1 1 46 2
1 1 1 49 3
1 1 1 44 3
2 1 1 47 11
2 1 1 75 2
1 1 1 19 3
1 1 1 17 3
2 1 1 5 3
2 1 1 42 2
2 1 1 14 3
1 1 1 12 3
1 1 1 70 2
2 1 1 75 2
2 1 1 74 2
2 1 1 23 10
2 1 2 54 2
2 3 1 54 2
2 1 1 53 5
1 1 1 26 11
2 6 1 46 2
2 6 1 22 3
1 6 1 18 3
2 1 1 67 2
1 1 1 65 2
2 1 1 55 2
1 1 1 78 2
1 1 2 41 11
2 1 1 13 3
1 1 1 10 3
1 1 1 29 11
2 1 1 82 2
1 1 1 49 2
1 1 1 19 3
1 2 1 66 2
1 2 1 16 9
2 2 1 14 9
1 2 1 17 3
2 1 1 55 2
1 1 1 60 2
2 1 1 63 2
2 1 1 56 2
2 1 1 63 2
2 1 1 31 2
1 1 1 57 2
2 1 1 60 2
2 1 1 19 11
2 1 1 50 2
2 1 1 24 3
2 2 1 22 9
1 8 1 2 9
2 7 2 47 3
1 1 1 60 2
1 1 1 38 3
2 1 1 18 12
1 1 1 55 2
1 1 1 21 3
2 1 1 20 3
2 1 1 68 2
1 1 1 36 2
2 1 1 14 3
2 1 1 10 3
2 1 1 65 2
2 6 1 57 2
1 1 1 26 3
2 1 1 18 3
1 2 1 52 10
2 2 1 15 10
1 1 1 5 3
2 1 1 69 5
2 1 1 35 11
1 2 1 63 2
2 1 1 48 2
2 1 1 17 3
2 2 1 64 2
2 1 1 55 2
2 1 1 60 2
1 1 1 84 2
1 1 1 37 11
2 1 1 27 11
1 8 1 45 3
2 1 1 64 2
1 1 4 12 7
2 1 4 48 5
2 1 1 82 7
2 1 1 76 11
2 5 1 56 2
1 1 5 20 3
2 1 5 17 3
2 1 1 41 2
1 1 1 12 3
1 1 1 10 3
2 1 1 37 2
2 1 1 4 3
1 1 1 34 12
2 1 2 38 2
1 1 1 19 3
1 1 1 65 2
2 1 1 75 2
2 1 1 66 2
1 1 1 23 3
2 1 1 14 3
1 1 1 60 11
2 8 1 71 12
2 1 1 55 2
2 1 1 12 3
2 1 1 10 3
2 1 1 60 2
2 2 1 64 3
2 2 1 27 9
1 2 1 17 9
1 2 1 42 4
1 2 1 38 2
2 2 1 8 3
1 2 1 2 3
2 1 1 63 2
2 1 1 71 2
1 1 1 56 3
2 1 1 52 2
2 1 1 48 2
2 1 1 17 3
2 1 1 7 3
1 1 1 18 3
2 1 1 31 11
2 1 2 14 3
2 6 1 16 3
2 6 1 13 3
1 1 1 39 2
2 1 1 72 2
2 1 2 54 2
2 1 2 18 3
2 1 1 52 2
2 1 1 6 3
2 1 1 64 2
1 1 1 53 2
1 1 1 17 3
1 1 1 14 3
2 1 1 3 3
1 1 1 31 7
2 1 1 35 2
1 1 1 15 3
1 1 1 13 3
2 1 1 42 2
2 1 1 14 3
1 1 1 10 3
2 6 1 77 2
2 1 1 52 2
1 1 1 57 2
1 2 1 62 12
2 1 1 59 2
2 1 1 41 3
2 1 1 7 9
2 1 1 76 5
2 1 1 43 2
2 1 1 57 2
1 1 5 56 11
2 1 5 69 12
2 1 1 33 2
1 1 1 39 2
1 1 1 53 2
2 1 1 78 5
2 1 1 54 2
1 8 1 72 2
2 1 1 28 3
2 8 1 14 3
1 8 1 10 3
1 8 1 6 3
2 2 1 70 2
2 1 1 56 2
1 1 1 9 3
1 1 1 2 3
1 1 1 24 11
1 1 1 74 2
2 1 1 67 2
2 1 1 53 2
2 1 2 17 3
1 1 1 36 2
2 1 1 37 2
1 1 1 11 3
1 1 1 9 3
1 7 2 34 2
2 7 2 12 3
1 7 2 9 3
2 1 1 46 11
1 2 1 43 7
1 2 1 12 3
2 2 1 10 3
1 1 1 69 2
2 8 3 15 3
1 8 3 9 3
2 1 1 29 11
1 1 1 78 2
2 1 1 42 2
1 1 1 18 3
1 1 1 15 3
2 1 1 48 2
1 1 1 45 2
2 1 1 41 2
2 1 1 11 3
2 1 1 10 3
2 1 2 57 2
2 1 2 48 2
2 1 2 20 3
1 1 2 14 3
1 4 1 42 2
1 4 1 9 3
1 4 1 7 3
2 6 1 31 2
2 6 1 25 10
2 1 1 38 2
2 7 5 24 11
2 1 1 50 2
1 1 1 43 2
1 1 1 20 3
1 1 1 75 2
2 7 2 72 2
2 1 1 63 7
1 1 1 51 7
1 1 1 29 3
2 1 1 48 2
1 1 1 21 3
2 1 1 20 11
1 1 1 78 2
2 1 1 69 2
1 1 1 28 11
2 1 1 23 11
2 6 1 59 2
1 4 1 75 2
1 1 1 41 11
1 1 1 70 2
2 2 3 20 3
2 1 1 75 5
2 2 1 18 3
2 2 1 16 3
2 2 1 3 3
2 1 1 64 2
1 7 2 29 2
1 7 2 3 3
2 7 2 1 3
2 1 1 35 2
2 1 1 9 3
1 1 1 5 3
2 2 1 30 10
2 1 1 79 2
2 1 2 71 2
2 1 1 68 2
1 1 1 28 3
2 1 1 72 2
2 1 1 62 2
1 1 1 27 2
1 1 2 10 9
1 1 2 9 9
2 1 2 28 4
1 1 1 7 3
1 1 1 63 2
1 1 1 52 2
1 1 1 28 3
2 1 1 27 12
1 1 1 66 7
2 2 1 54 2
1 1 2 34 3
2 7 3 25 2
1 1 1 21 3
1 1 1 26 3
2 1 1 23 3
2 1 1 4 9
2 1 1 60 2
2 1 1 19 11
2 1 1 27 2
2 1 2 4 3
2 1 2 8 3
2 1 2 64 5
2 6 1 51 2
1 1 1 35 2
2 1 1 2 3
2 1 1 61 2
2 1 1 52 2
2 1 1 29 3
2 1 1 56 3
1 1 1 61 4
1 1 1 13 3
2 1 1 51 2
2 1 1 15 3
1 1 2 49 11
2 6 1 65 2
2 1 1 38 2
2 1 1 46 2
2 1 1 13 3
2 1 1 11 3
1 1 1 28 11
1 1 1 56 3
1 2 1 64 2
2 1 2 37 2
1 1 5 15 3
1 1 5 10 3
2 1 1 66 2
1 1 1 11 10
1 8 5 21 3
2 8 5 13 3
2 8 5 76 5
2 1 1 47 2
1 1 1 48 2
1 1 1 18 3
2 1 1 16 3
2 4 1 49 2
2 4 1 3 3
2 4 1 7 3
1 1 1 12 3
1 1 1 11 3
2 1 1 34 11
2 1 1 74 2
2 1 3 10 3
1 1 1 59 2
2 1 1 24 3
2 2 1 29 11
1 1 1 26 3
2 1 1 52 2
1 1 1 14 3
1 1 1 11 3
2 1 1 81 11
2 1 1 60 2
1 7 2 1 3
1 7 2 8 10
2 1 1 21 11
2 1 1 38 2
1 1 1 13 3
2 2 1 65 2
2 7 1 35 2
2 7 1 7 3
1 1 1 48 2
1 1 1 19 3
2 1 1 12 3
2 1 1 80 2
2 1 1 62 2
1 1 1 40 3
2 1 1 64 2
1 1 1 22 3
2 1 1 15 3
1 1 1 55 12
2 1 1 44 2
2 1 1 15 3
2 1 1 15 3
2 1 1 77 2
2 1 1 58 2
1 1 1 26 3
2 1 1 29 2
1 1 1 2 3
1 2 1 57 2
1 2 1 27 3
1 2 1 25 3
1 6 1 65 2
2 6 1 32 2
2 8 1 6 3
1 8 1 1 3
1 1 1 67 11
2 1 1 16 3
1 1 1 17 3
1 1 5 49 3
2 1 1 85 2
2 1 1 41 2
2 1 1 49 2
2 1 1 65 2
1 1 1 36 3
2 1 1 36 2
2 1 1 65 2
1 1 1 17 9
2 1 1 13 9
1 2 1 13 3
1 2 1 6 3
2 2 1 32 11
1 1 1 59 12
1 2 1 57 3
1 2 1 31 9
2 2 1 19 9
2 1 1 61 2
2 1 1 44 2
1 6 5 68 2
2 6 5 26 3
1 6 5 49 7
1 7 3 71 2
1 7 3 23 9
1 7 3 73 10
2 1 5 50 2
2 2 1 6 3
1 2 1 4 3
2 1 1 55 2
2 1 1 66 2
1 1 1 94 2
1 1 1 45 2
1 1 1 21 3
2 1 2 40 2
2 1 1 75 2
2 1 2 40 2
1 1 2 13 3
1 1 1 41 11
1 1 1 15 3
1 1 1 14 3
2 1 1 47 11
2 1 2 51 2
1 1 1 49 3
1 1 2 7 3
2 1 2 60 2
1 1 1 25 3
2 1 1 22 3
1 1 1 29 2
2 1 1 42 2
2 1 2 56 2
1 2 1 41 3
2 1 1 90 5
1 1 1 44 2
2 4 1 23 3
1 2 1 23 11
1 1 1 37 2
1 1 1 13 3
1 1 1 12 3
1 1 1 4 3
2 1 1 68 2
1 1 1 32 2
2 1 1 13 3
2 1 1 9 3
1 1 5 13 3
2 1 5 40 11
1 1 1 3 3
1 2 1 47 3
2 1 1 37 2
1 1 1 33 9
1 1 1 7 9
2 1 1 38 4
2 1 1 16 3
2 1 1 11 3
2 1 1 60 2
