"V1"
0.721263516127198
0.822380953466256
0.877798426840047
0.745619721139711
1.12052542460486
1.02706438674498
1.24655901313215
0.889019415571377
1.2180747247104
1.09495297763905
0.932896745798334
1.24492717007917
1.08594867946266
1.31633817611412
0.905748185935334
0.57653958499893
0.797222256145415
0.652074667636434
0.588651390188676
0.492862030584264
0.612963506513185
0.874610116791921
0.966464896101046
0.871320866822732
0.940566525614826
0.983837294240476
1.02737241076918
0.96101008394155
1.35638528825606
1.37316306760198
1.5758420258071
1.26831243416423
0.816458190839739
0.990105978511337
0.722326436699245
1.069686283605
0.872121736095882
1.29454893360865
1.78557880814153
1.48818038559194
1.10213345386277
1.18640369298003
1.55228327916477
1.02519538026133
1.14479922684118
1.25474388414146
1.49483351904133
1.80137630051478
1.05570909440561
0.559425631445704
0.508775510627235
0.406177124710085
0.498334993276551
0.557833368886011
0.486529373693021
0.322140129372536
0.573721539450733
0.794361600714065
0.714972299664292
0.904161820607804
0.819280821604451
0.981408974267628
0.986868866090466
0.724265103136883
0.885132515506837
1.19977658124289
1.32075965492357
1.22725390284393
1.26366280789827
1.09151443575386
1.1241765535749
1.47192496939851
1.3976347094578
0.795846881828413
0.786786978502781
1.18743517363331
1.24802929712569
0.75181756156608
0.49895334282378
0.34798875490183
0.393016085749163
0.207403751797462
0.595543078312677
0.517639509612979
0.825083400659287
0.79534676984588
0.782427644115289
0.815310747372263
0.689376053306752
0.946523918653135
0.891862677697866
0.487229120858465
0.55712047971924
0.955819109753436
0.839739886165054
0.5894232038046
0.761049471343284
0.706862167647716
0.91052737122692
1.01134584008782
1.38035993155426
1.17482192919801
1.34630205329424
1.14568235716847
1.10020071784107
1.06339753909624
1.19239263328928
1.13056211352557
1.0110009899676
1.45395213806614
1.39385515763645
1.32874218565849
1.18919579473251
1.13896466314883
1.85228433734789
2.11606441029748
1.47901280951966
1.56535044957212
1.18410090485616
1.342576263586
1.2049960774001
1.28672575402399
1.58386132571738
1.04449621760137
0.847683364290304
1.08278762936993
0.843564469272592
0.70788634589403
0.773205789642462
1.12176232149718
1.09183541138991
1.11227156204156
0.810840884503263
1.15762751577117
1.63662522952114
1.76276759280739
1.47211688906447
1.00348480810194
1.28106802849728
1.36992332945254
1.89206497358441
1.54175836234528
1.14868993767359
1.3380450121596
1.62954758313615
1.99615789318351
1.42270334097561
1.6503868814574
0.953782868306755
1.92067751430887
1.34760932304572
1.40829858412601
1.73189321182207
1.54739149910115
2.12436970545558
1.51001175719479
1.23716599743783
1.24069686586833
1.36339690700985
1.43284308310993
0.987319244030858
0.610680901689184
0.499651831687139
0.517235424319915
0.616592050959745
0.609384220682661
0.619381457519772
1.08589922631957
1.03719272005559
1.09948405014661
0.97391552253732
0.953927284848699
1.2996892388472
1.49519531181239
1.33754124423199
1.54096922741699
1.01433226570048
1.32831204793203
1.44854968816156
1.13113226702856
0.793803726632004
0.72185972930908
1.10912664381428
1.27750385806905
1.58022400452055
1.35355848106333
1.45091889467651
0.96139390706678
1.65217508304881
2.1386276559585
2.03253798020121
1.66737358562894
1.18503987365003
2.19187336787736
2.08411885495856
1.30419576535155
1.65431250580439
1.07303171145881
1.18268237299744
1.09520983236801
0.653770681288939
0.944749635276034
0.714362515261363
0.79096018462776
0.634866389666316
0.743656056708184
0.714312184343016
0.719686320554035
1.156699310051
0.719032651495722
1.00939247195089
1.28212510708148
1.21471580628842
0.840507865982594
0.733089116805671
1.2389103579679
1.31619259648628
1.4218033786558
1.46458819413984
1.42064838050528
1.50058500181382
1.32275511157693
1.21517790332552
0.831904728105221
0.972054590009043
1.54549845406302
1.30073022860126
1.4918466131152
1.1197727334516
0.825375229488911
0.686294444287092
1.10587667436695
0.916621947791803
0.79859779132074
1.06403214715304
0.735367649113704
1.02326004708498
0.909694206767447
1.02605344405292
1.19904337280708
1.20016204112319
1.04338786211812
0.942645811122093
0.639133052242223
0.94067205805057
0.763510760668677
1.17480402061652
1.0887914564486
0.946063221293879
1.02568310499694
1.5524086771122
1.67934625348365
1.57740193545123
1.48563068586284
1.78342883245704
1.71673678868978
2.0587400840556
2.00290973607184
1.3798121140628
1.13258058279613
0.839246300516985
0.944628717908776
0.958599778926027
0.786215643406551
1.15393375171935
0.907907403774623
1.06947435257372
0.994809828601129
1.28747404818671
1.51789065029338
1.25062811914261
1.40408047028982
1.52992634783978
1.38464807631538
1.69384440813378
1.51153073478363
1.59392707339021
1.74135233012461
1.41371503323317
1.57197208166983
1.3148641489859
1.14329751331442
1.11340772388075
1.45026378778442
1.43611800465827
1.42478444399533
1.23031343852593
2.25113495652541
2.52328321386535
2.44649169274862
1.68426304596425
1.50793883289508
1.09349033779941
1.36677505032172
1.63181423766471
1.13826342603799
1.07478040407919
1.23230277627936
0.770068320897391
1.04633837849889
0.920252132752809
1.08308777153352
1.20198551446685
1.13688252747696
1.04912843714818
1.10454524156735
0.794520350197036
1.05400555680697
1.3972112715369
1.11141001444523
1.12158848035455
1.13793076916725
1.17859232372049
1.85128796432115
1.37493592002322
1.37445389147355
1.26500974403714
1.0092924878713
1.10911120716257
1.13549377683378
1.13225710650937
0.871881710131413
0.714140100785431
1.14205828866322
1.13664563582719
0.988104272348638
1.23770838790238
1.60870487462071
0.924118714056989
1.28296947670037
0.868054131361825
1.27727553175219
0.96198106297715
0.718696843266036
0.890267517757021
0.857037327137369
0.812492266623148
0.994256578544072
0.736081201865809
1.24485593175166
1.69132037547267
1.12872558355532
1.16543214459826
2.25486195149374
1.38557797780772
1.29373345336186
1.2776569893822
0.786884000751764
0.922855790698343
1.05993621493276
1.16959379989151
0.937491443190519
1.20129596449428
0.907810180454263
1.05716451332848
0.884540270236519
0.920906306477111
1.07340335324627
1.55230131490666
2.06873124712793
1.41687747033337
0.742987822818227
0.841135721921738
0.74552995563372
0.632626289803407
0.774289246537266
0.807865549502285
1.11333964199457
0.757102332011998
0.723866961497921
0.589156878443266
0.56113200480796
0.408506289572208
0.3422257159095
0.413722297246342
0.484070159855374
0.71734431936709
0.744814518959302
0.637164151017892
0.772615421289556
1.37804953853338
1.4637947549401
1.33486010118312
1.15983547655134
0.63508500433391
0.690206843331231
0.54013703495478
0.500379718655034
0.382557516642823
0.482493949535528
0.651714551632925
1.22337701963459
0.974699045344226
1.41906560867632
1.32964255460639
1.01713807408913
0.835931549532266
0.933027095785172
0.855394171834993
1.32106643834948
1.37168344614107
1.66730508737959
0.933742354532316
0.992659995135593
1.13025364080626
0.731203251644668
0.763598154471835
1.13491341301429
1.19705087149625
1.28201934244336
0.948014187164065
0.806257253797237
0.628749831993212
0.742379360177431
0.822023797923172
1.06322510049351
0.992381012187578
1.37485644125657
1.32644620869769
1.09176708575669
0.945456035356294
0.82585565979318
0.712311603692564
0.84596783608666
1.2162538914472
1.07468204809023
1.10328148880757
1.49966520510389
1.69951878764391
1.70756814508523
1.43201562872641
1.48983291025306
1.54215440624472
1.26453505255819
1.37235777023892
1.93490414035388
1.48954600639329
1.39896137413614
1.92500661939286
1.53011706473159
1.03390865685009
0.773071316638908
1.05726297477882
1.24086827270556
0.911153709407015
0.708252601910241
0.730457734242525
1.08970762568628
0.669123522413732
0.660926062134833
0.649592490463252
0.952771521361543
0.96809703579485
1.02448175525397
1.10211694141533
1.26265434907067
1.38764658034492
1.39501089565933
0.880922313616282
1.19274224293626
0.925103871319181
1.78375673292514
2.03605245226045
1.83783789181298
1.35413189732169
0.778090398816092
1.01982548622714
1.38001417872419
1.29023829977828
1.68067636949687
1.13680938507286
1.67761243738175
2.48302279332578
1.46557168310984
1.10081925360639
0.902741650197053
1.38475600035383
1.65401100148088
1.46490938193915
1.61545315320827
1.6334987319561
1.53100418116772
1.16458898942457
2.00252739274206
1.06055427361715
0.665000426999285
0.643206603081931
0.825722635854489
0.864917814615728
0.983829638420245
1.06512557634712
0.993716690149023
1.02272037042875
0.845241555777422
0.606135264998713
0.676529313356179
0.818039670516613
0.963660001702224
0.846045681115534
0.756933289589566
0.570252041341133
0.540622679067562
0.695257307048386
0.942291894437879
1.03811245765114
1.01607772403542
1.06997812056438
0.78949079331059
1.06904707226722
0.744480829945267
1.16276471026844
1.08216001610868
1.06812264665646
0.977500044733539
1.07072939134783
1.25260010551073
1.2218209054178
1.29535912178337
2.14291779561856
1.5706699834124
1.85685086720107
1.67733863580664
1.81306682077017
1.03391176123777
1.36636427541067
1.51501252565652
1.60411233479398
1.26570428014821
1.64035039687476
1.06131449877633
0.662740600776154
0.465671857845014
0.547819227690088
0.62153534043496
0.81605888967986
0.504616406377897
0.972532430046935
0.804417648077774
1.27416865614903
1.4865487614405
1.15524207804454
0.848997622424386
0.840446766917747
0.660401527497747
1.36072631114939
1.05014870421234
0.974865385680348
1.33718023406989
0.985457213462927
0.831191275283572
1.0784369655208
1.31085982322677
1.83097808892535
1.56753937731534
1.03677567449283
0.877051105319495
0.640696979131907
0.831455017154599
0.588133399753879
1.09444595987541
1.21209727367069
1.15677756049295
1.14875161655844
0.974014695745286
1.07142505990634
1.15491434990189
0.848659903392105
1.18647375407177
1.18178867656825
1.59561180322263
1.55326385903253
1.31974435362772
1.17853567614931
1.06247245612485
1.28552074483885
0.937842198862437
0.991954650178045
0.799167415431388
0.994598899169943
1.25864845177765
1.03033061149031
1.12102278768383
0.924678900418479
1.08278717350702
0.742406349345344
0.775696100763902
0.87374801657368
0.85116429530762
1.20780802353317
1.39081651872545
1.00995020426863
0.995677855077629
0.945283530243256
1.15058596184549
1.25802887578756
0.957547772187071
1.34292300490445
0.951914978715108
1.19494297689726
1.35809279800159
1.82752334487277
2.02632584177971
1.78258098320014
1.92154444349428
1.77312955978979
2.34083970987201
1.92017147331381
1.64629485741119
1.12948916955417
1.34653456232263
1.27073849267754
1.11750711417595
0.942706566185216
1.11565044533593
1.00649115286296
0.801515160320058
1.43436454321518
1.13882693669878
1.03764365889869
1.28591619495748
1.27770495334338
1.17032982902505
0.834399409051594
0.799454052482906
1.07128720297716
1.25931822215672
1.06250425970087
1.01445060915147
0.982315591217067
1.2401756022734
0.956739551610637
0.785901710285141
0.84079067331773
0.857151382680138
0.691221885419184
1.00311433948141
0.811200258979284
1.14632846713615
1.09991097116923
1.02473550761767
1.04314604149107
0.964007086652859
1.30612216568829
1.44196120536396
1.07764098176001
1.65203493561723
1.66211956395109
1.25543250198885
1.1775021729018
1.36605523055977
1.08767841963727
0.970133551808726
1.31522098723605
1.50749966067656
1.00951739872075
1.65216357279481
1.52341334627138
1.79434443640334
1.31543629884461
1.86649188956926
1.44084511908447
1.4420988243252
1.19858043505641
1.45878303256962
0.890373354634968
0.558976179869291
0.632629944565312
0.858111268394431
1.05823905106554
1.10102235584813
1.2064961265563
1.47714483728701
1.48562079444046
1.11623123429536
0.917809060986885
0.833076566154879
1.03271788083306
0.824431951623042
0.610443317994499
0.822935148881216
0.892171144082483
0.82154520967303
1.22534854787895
1.06640591113257
0.832527560614734
0.792246405272716
1.04805490998756
0.917232610950826
0.833175776145246
1.3011648414224
1.18432069085444
1.50714878912514
1.04616957370985
0.869334545538843
0.854150242539168
1.36501526372311
0.997691792663522
0.924615629230583
1.34477946472916
1.07162790000495
0.854122535174683
0.758708075189373
1.09596781902518
1.05140432077216
0.848805196274576
0.844604506025101
0.598867762746011
0.69195343143422
0.67154975313803
0.887261091221677
0.86006915999643
0.934769865110385
1.03068107803002
1.50177964576498
1.31630216844057
0.953677701570626
0.966166059844541
1.11257500461542
0.982227239205946
0.930561352217971
0.946419644491204
0.975800384697385
0.653853096504229
0.80589676574655
1.0088268940235
0.617072703338563
0.663979414783906
0.693683566939755
0.971519193173946
0.874634802450404
1.53244210722716
1.33306051462506
1.60782850026644
1.40193166404349
1.25511548602843
1.79556386410168
0.872162154214631
0.728287321377218
1.06400839956507
1.23286710730845
1.36265059052299
1.43875215051868
0.981730340511641
0.924568843248443
0.79264661931511
0.653122372702246
0.749300411078706
1.16585352273237
1.03528487081851
1.12340496421152
0.893879500245071
0.892323242510063
0.62336128239831
0.91169212498709
0.906563145932312
0.660364973583495
0.532255743302638
0.717009696309606
0.879124663759601
0.77087624341889
0.561977596821224
0.881085301779658
0.54138240930448
0.570711542375673
0.537841939000626
0.671747724215934
0.737694294947726
0.467227483018529
0.459842394810587
0.660588820030506
0.480790790537047
0.632296830722204
0.694769821041588
0.755056955451895
0.816791451553345
0.771034078176601
0.557928044938513
0.637802598443802
0.929089218945171
0.642253593425327
1.32864209967652
0.960808278786053
0.786337966931275
1.018544845558
1.28542059425306
1.219895477611
1.20346584103305
1.63392482664024
1.30735170362263
1.00741958739178
0.558712491481373
0.659814218871883
1.1865954862153
1.11488686512477
1.32506342293108
1.461878674092
0.937289862263772
1.09666066419105
1.57880846514035
1.31470839496774
1.63957543549349
1.66260383919329
1.88192171491096
1.50134519969618
1.86359704198682
1.41336505653169
1.38987585062409
1.17587430162464
1.3962477628574
1.64737797366154
1.83665792932529
0.977138743063352
1.39065884906566
1.35964669299937
1.29985926492605
1.06575057810278
0.814310493266489
0.520291483389716
0.383908480387059
0.698572845347582
1.19698633360296
1.07187891242166
0.79262247957479
1.16186594007755
1.322849661674
1.25572863130344
1.10651711616923
0.986189328093813
1.02041718235264
0.707022892869772
1.19455391022412
0.848947350015578
0.799241787537575
0.891964203613052
0.841328774496261
0.991668097128289
1.3243325516979
1.04703998385071
0.986019687444951
0.724739765451197
0.956050170325917
0.699320496616963
0.821822930223127
0.787322749657569
1.10849498505608
1.13117471548232
1.12798324753191
0.966646181090588
1.2998341270471
1.04124119658974
1.12160021314535
0.98103413231815
1.16918750301611
1.19386076673174
1.27002832885805
1.29447758857991
1.26838326225362
1.21724927682216
0.998579510169873
1.37798725516563
1.45404134370531
1.55450825716022
1.08063270151851
1.26399366965868
1.09833250934906
0.913993531625672
1.01053146652931
0.92586581706019
1.31095719919754
1.53353541678967
1.59081095017955
1.46666079218345
1.14217990147129
1.00157666449179
0.760541980424675
1.04436238490234
0.645751427832704
0.760087425304432
0.746690450143609
1.15761263027355
1.01899020790952
1.74097713996892
1.79143598527349
1.10444919557823
1.78581282498631
1.55643915396356
1.21388780896729
1.71963266168699
1.24853582440325
0.737204612310846
0.902782616817715
0.843985322936451
1.07138963169629
1.51455690107155
1.35188294767118
1.80032657910804
2.01526172967588
1.74091028729575
2.05138193660685
1.56805913787006
1.49811354813114
1.19202855911388
0.871486282811677
0.882964094789463
1.08466274252364
1.03183833354717
1.00003169299279
1.58578434898146
2.07780621691998
0.968160464861954
1.33751952801119
2.34283857284022
2.55839970928251
2.09764936545139
1.45568640953137
1.46350805794356
1.76147237360768
1.67569843590641
0.877111746249896
1.42525435919892
1.33173351387446
1.91854282060336
1.43545191166516
1.41586979016946
1.70586719011594
1.07582175483464
1.17766708489863
1.04819625445956
1.15251199877542
1.29407104982317
1.63439619029196
1.18304037122397
1.07072530893832
0.757472014960788
1.28285631820352
1.13973594964145
1.09918860294102
1.26840437873655
1.13675491809244
1.23020721491711
1.39447263427889
2.04290749208411
1.68682306435282
1.35196652199944
1.11431647609678
0.832920136391223
1.54325245874543
1.94852616852674
1.45295174594269
1.72969401109877
1.16081982234038
0.780413850627161
0.567633424864331
0.366794247179587
0.375786786158769
0.550929588958804
0.596448850225183
0.915674702450773
1.40536032965574
1.39181205652313
1.28580518348662
1.57872237935765
1.49306621839509
0.951679550670229
1.74060368553728
1.47392312818891
1.48828603805951
1.73891107619628
1.57149711918774
1.83463711752721
1.40713625431157
1.32290771369359
1.04036137849339
1.24709474623888
0.952609671607476
1.15779629065226
1.12044894950473
1.16630620620651
1.00470761166549
2.02394607579469
1.55339339533802
1.79214712941456
1.60289529073436
1.37576296389733
1.14000553033039
1.24688135936244
1.64744383783599
1.32712477236953
1.52379818052345
1.96849557000614
1.29109968014314
1.47761711199087
1.28833811571951
1.89156807097709
0.950521725269459
1.23495239571296
1.43447366360358
1.58641562710958
1.41251938773532
1.68285043813382
1.44503862415139
1.05494099945305
1.00820262117447
1.15516173192888
1.16750303668618
1.18756491997245
1.05678149021051
1.01373566108414
0.973478294634197
1.58262234725024
1.66796861423253
1.21916090258912
1.61220663219184
1.3925155941104
1.42716690265456
1.32839541126584
1.28060400279333
1.1681209861513
1.2926311213607
0.827055239570279
0.568916710891338
0.962031171568774
0.831580677921678
0.989885280629032
0.878198186359075
1.36340081791433
1.08632698970284
0.920682054067105
1.15937224782505
1.23551942455587
1.00677730018939
1.1751105643578
1.07170520030394
1.22032610297958
1.10745978568653
1.4637312485861
1.32844752393153
1.04840607349321
0.995308035297783
1.03082519784604
0.69188878461279
0.952571909692793
1.102336943386
1.09747153731251
0.968295660088688
0.932908536380964
0.950530331204734
0.675901305845154
0.735390585545425
0.818866300197107
1.2907836447605
1.78942915111362
1.56968874180113
1.93289364998325
1.82887965139846
1.11695536431251
1.24788545768357
0.784350901600268
0.835231322762133
1.2127405316634
0.899711975364397
0.651314377566927
0.718004085769942
0.575759852767236
0.540456905721136
0.406846974587485
0.547086780772814
0.794035395520336
0.630645969809495
0.945811173416236
1.06443711779297
0.834061776687799
1.09752055227778
1.14042293299723
1.50640097660386
1.38071749223564
1.10372398437364
0.794696777365726
0.724870576997898
1.41056751845563
1.5264674358495
1.58548592565683
1.00188577498122
1.16639747056433
2.21551554889476
1.38606403410154
1.19258646021333
1.03822960763017
1.1041820358928
0.814436403312813
1.20741212305148
1.65871325934101
1.22046812210392
0.865609412389441
0.898281225229726
1.3231784231834
1.27478463475805
1.31908651330141
1.966126248815
1.57598848012785
1.23301708328241
0.984796585550892
0.794973738456458
0.599397969560748
0.726590062552268
1.23290162537853
0.930032415210634
1.53513864175417
1.34146267705945
0.835714337945641
1.18309367706081
1.14181955430592
1.29173018404697
1.1383605480486
1.99909250003405
2.05980310222512
1.26052899032955
0.999362939455812
0.949740107425549
1.04608625456972
1.05938659020105
0.887293653845792
0.995131612524203
0.824316111501305
0.80325576353887
1.16756434862972
1.35463557207447
1.84035935622019
1.37878361713832
1.240161105097
0.734473325888035
0.678872811139916
0.589657549504798
0.620041900481648
0.761833255456236
1.01439454581463
1.26262134020687
0.926705705218901
1.10019221300882
0.97114300647005
0.876855805864668
1.11668033757979
1.06333724073022
1.16505722314568
1.33527390481677
1.87551872382382
1.60041239124791
1.46480730946033
1.13345833156338
0.885231293914189
1.11708953048213
1.03918996133483
0.894273609697751
0.79008669360858
0.498544095691732
0.268635298374911
0.353393239010972
0.296280942304261
0.212087976098775
0.395403324797009
0.533233115326339
0.605077716208025
0.706214475146387
0.616072862521436
0.78349655387795
0.8611574114424
0.942134656002411
1.13009347142284
0.874667862386842
0.685420055882691
0.823500408819083
1.00458807331173
1.54842495130052
1.20702129563718
1.2520901995608
0.824541335251332
1.09126398286663
0.924469377062885
1.13368931180528
1.01580656841922
1.26233535333291
1.70084779655628
0.816807974058152
0.633039074150687
0.742172371330623
0.984139228265386
0.762418138480267
0.697815586010188
0.735627071713926
0.522977378248544
0.744428157115193
0.847079777259371
1.10126730827591
0.841744906097541
1.07279722874097
1.03402209518337
0.925512126458929
1.04840061340962
0.966078311858757
0.859216249394104
0.777424564804388
0.845814415687605
0.730489814361412
0.706802629968094
0.840118294883908
0.74420717649435
0.584651449970703
0.698507732827393
0.610103686838356
0.56389790060542
0.726149832550401
0.557597535682541
0.901140296341504
1.0900520523374
1.27050851800447
1.4960844041795
1.17081416063178
0.772469453082414
1.13419983140559
0.997710553411501
0.802096690399071
1.25742371724513
1.84107032880233
1.74536284289203
2.82818171460797
2.81929433575693
2.12805757859339
1.9473279488511
1.21805226243525
1.33006132345375
1.13048213399965
1.2902065189579
1.36436416434977
1.56604141880904
1.38263624557807
1.43327284180089
1.80020519336333
1.84957027173806
1.49639910328429
1.45452586534259
1.40143572756797
1.2075928377231
1.26006253587811
1.42904620653251
1.45549329951298
1.24696233015991
1.70551345603276
1.24904293862075
1.56001674037159
1.14441302271318
1.3521388458036
1.66977296130057
1.74263629567917
2.039208516869
1.09818602203397
0.95501808213472
0.97625036346309
0.925650604366263
0.806832466291371
0.972297060789782
1.06067510919532
1.08010575379136
1.27974453182863
1.23066530811642
1.30680507539359
1.06723800023451
1.34558356211724
1.14105095148841
0.998964547582969
1.02978773742067
0.858887624847296
0.86191758051294
1.19377216061895
0.639903172937939
0.933319744582403
1.02434820497851
1.3949209268106
1.40357119175581
1.38973940992962
0.858200483794975
0.988200525390417
0.7301540197494
0.921289073831614
1.1022222465626
1.28235400513858
1.41647769907473
1.16108305547886
1.3776950537133
1.35020713965999
1.14223978543764
0.933808199159523
1.16984749515265
1.02340875453196
1.00361120529214
0.828386609002171
0.707076871556072
0.919981005807449
1.27128567966074
0.905062752496585
0.783082590927569
0.823371066057759
1.1680561797949
0.966441110288552
0.505012292249421
0.682705086912174
0.715985185113633
0.79815135487506
0.813044612151385
1.06517319940483
0.846063142365698
0.997340812620477
1.03427271040309
0.962045819316122
1.3710997191492
1.22542874867915
1.09435208980313
1.92755292645003
1.47329897022043
1.40645400182416
1.48625486901945
1.43551929439435
0.929372068879224
1.04848501514766
0.858566709908562
0.854425963613447
0.838450199318469
1.17639885564445
1.10584469967056
0.97805578415605
0.673483481612409
0.810135400060926
0.745240251569413
1.46040089367637
1.08325610643187
0.793406919645141
0.469554990164314
0.393343914091967
0.499699239958912
0.824417676981046
0.911391983514362
0.799682003267932
0.680887114140897
0.846488884997055
1.01142228679753
1.25660830713836
0.972366055791152
0.983977807071544
1.44846400764711
1.22395870546278
1.11848803008263
1.03791300563832
1.50745328505455
1.12122232300622
0.94312030769366
0.631074516854182
0.6904178651045
0.98466530479023
1.19797780898385
1.00739915748452
1.03937848848306
0.803887054601082
0.903539086780344
1.12547003076576
1.05270554871585
0.99010342879465
0.941350673095094
1.1157501106935
1.25410422647949
0.774631123233306
0.782389330777596
1.19472439447248
1.88652524652646
1.92380306027168
1.06298376055237
1.58908103761851
1.33669075444926
1.44504793691008
1.44108701118912
1.05500041054683
0.876657818989538
1.46938675168788
1.03504834742723
1.25427337678222
1.21749503524851
0.677709475152267
0.760877067503535
1.27814704485454
1.25744296251963
1.28025527362825
0.905162914687232
1.44673516069784
1.25177313549888
1.46608955627311
1.66414730733673
1.17434395906465
1.20519083039867
1.34229359008456
2.05233223520974
2.43893658682564
1.49332120446456
1.2964822226318
1.05420842445355
0.986314982849664
1.22724862763972
1.2115151665264
1.6624373521329
1.51388726422886
1.02106288754957
0.904795616837458
1.33069569469959
1.09079908532948
0.879968586388869
0.99505719073369
1.06620231612753
1.12211482194428
1.46344775357982
1.29705618547232
1.0782220501473
1.3533058770941
0.866654733211002
0.975820524751847
0.967647279742511
0.82323574216182
0.875823421984744
0.692508038468117
0.458767904371673
0.987356611088943
0.832072178063584
0.935819263042145
0.857489789173045
0.807423308148603
1.22778961616548
1.61019180563583
0.804636301492349
0.691034875809597
0.87223043801691
1.10583336308935
0.964112134935782
0.820887586502927
0.660589706941622
0.638066227310787
0.701170985028317
0.730128071758405
0.900221784667488
1.08768957758611
0.989977806404438
0.925914480645363
0.911030110527384
1.35472483515284
0.980807039289496
0.94550770127627
0.77465703042374
1.25527891100246
0.921685334030736
0.913516639620796
1.21393287612193
1.06921307335099
0.997278724756873
1.20637502894407
1.67610547009261
1.73531391909008
1.27746043679131
1.50940544824239
1.60598250738946
1.17645729804477
1.38566609521345
1.10838794090819
1.434612618963
1.40380373754488
0.837454530213044
1.11451497313716
1.09763875005212
0.667188551767626
1.04563347142116
1.10308481860863
1.19383871733398
1.04522041674843
1.18373408054769
1.45234666426694
1.7153128795297
1.29488954915654
1.56713872741707
1.81164467312246
1.61518625774207
1.19924844562628
1.36134733152991
1.58901974562743
1.54391022272705
1.44252688822438
1.38440397218383
1.23781619280744
1.30451951998548
2.32400233004494
1.4419937838119
1.66238094324855
1.44977220104931
1.509788423948
1.61454224298523
1.03520764141513
1.18472096582418
1.13343930794895
0.8796462083537
0.844901130309052
0.910877035621834
0.956676148569343
1.22345597730659
1.25163001438332
0.729992472092775
0.584730608904939
0.579256192273098
0.6568174440948
0.858959769131411
1.01142701519726
1.36622697807702
1.31070337785388
1.22529273613616
1.15690680850408
1.05752460722762
1.07908698485697
1.44048476885919
1.76731087799105
1.27672533110533
1.10391436477758
1.64804820436124
0.987841828540043
1.21713818028568
1.53101728059952
1.38069676084586
0.924028229110662
1.055595674895
0.82605049434924
1.00922613875311
0.894543274889063
1.05183936720947
0.841458238378352
0.636671201649054
0.763679952210001
0.84009748549875
0.778801516057136
1.08780858104618
1.1883651892348
1.35465490313647
0.909568217599115
1.25855666490001
1.90971772120984
1.3037192249973
1.45174045793467
1.68863821356797
1.15885817356561
1.10061916107191
0.997979625373656
1.16418305463789
1.02416380277486
0.947703593852124
0.906135405625226
0.654237810393583
0.630650352714376
0.570264920283328
0.445853638818589
0.451837628342009
0.606172887969128
0.736589150754905
0.892098697988469
0.836909101843349
0.778148102631897
0.969578568086594
1.38093872630202
1.59956866126444
1.38341954640879
1.17829415434935
1.7115248315811
1.35681385497165
1.06424188011101
0.979707206554606
1.22154290893537
1.12704187137116
0.772219513353526
0.811236411774973
1.34937943019662
0.816851266284698
0.666737302409684
0.982601252317165
1.04394743660292
1.04926913153229
1.29636644177473
1.32479361282235
1.09666681878117
0.998527148392754
1.27076654842483
1.48110862730467
1.27509066483665
1.24372716836523
1.6242168657954
1.49910052792812
1.49675414672295
1.6168024835816
1.44807414006251
1.10037875367361
0.912933496928404
1.12749016129279
0.68957425799629
0.784118495038884
1.0425110572048
1.34510314153651
1.0672039593198
0.861974528111863
0.863339351622024
1.15322550004726
1.65471312442929
1.09039035736967
2.08035449082535
1.85559326970922
1.52052539773507
1.43279260477395
0.908089290165707
1.19354194682603
1.30809903868297
1.31877384620808
1.51880990456404
1.49044149530075
1.71209326273421
1.29960883033732
1.46660310952075
1.02944328197306
1.48572302394339
1.9805505686786
1.68373561574557
1.44914700324833
1.01709734277846
1.69510543748296
0.9190621686407
0.781217826632464
0.945681371433409
1.00180022406226
0.920220401215663
0.845286455184024
1.43637864854488
0.975521985152274
0.945189608179821
0.99967725931439
1.00739531225248
0.935637876425102
1.20096130165204
1.12053211035633
1.01115533153096
1.02263979163889
1.05193135295807
0.938099410618431
1.31439182346288
0.970113105058733
0.965374098581078
0.705729134403866
1.13013252956056
0.505344816953226
0.443190222914891
0.506575360591686
0.5842901186775
0.530744632234889
0.509041623359959
0.510258968518253
0.638187425012419
0.711916291118944
0.781742992322102
0.939273564441163
0.765717601536066
1.25090898662444
1.34956017443891
1.55407384047738
1.39612793067833
1.83525605737363
1.45610074795366
1.42518702054759
1.32718037178407
1.70499291450615
1.28680477782115
1.26336210961904
1.19881030006545
1.04982723525337
0.651123742572179
0.731582632765123
0.92805195325636
1.39900752384358
0.880117783847662
0.892543163389556
1.28922327252641
1.29412497158283
1.25788535638823
1.50957453966285
1.37379147437144
1.25905318698559
1.1078050930465
1.0128155105538
1.59731700527144
1.23295810793292
1.13686489961988
1.19762937207084
1.21991982620486
1.5208391364882
0.879991447081481
1.35817410806239
1.15466164504323
1.25271855098336
1.35180687143625
1.81248303683849
1.10572088662792
1.03354726105804
0.879891527188753
0.839349195003858
1.25521233315591
0.974854708079618
0.937148730528437
0.644584419725011
0.73676192486114
1.42038270175627
1.04090099083535
0.89621209767355
1.45491336618142
1.37176052387998
1.09489540282743
1.39956053974425
1.14592840384089
1.01170202865347
0.811108805228545
0.718468522812829
0.576285939781934
0.461379375492843
0.433339107924094
0.516760877642813
0.722946681547808
0.945238557091102
1.54735394644432
0.919627496667239
0.693513631078727
1.29353820796345
1.14409910775406
1.12384646140476
1.3982485686672
1.14201032473157
1.16021446747716
1.29256395955143
1.349568533707
1.56787503661554
0.939080389014727
1.32375345695469
1.02157598131689
1.58402576086392
1.27334887393267
2.05702779225274
1.73870687096419
1.21051238622296
1.14177147456929
0.888056059904232
1.05245937918431
0.640358336017364
0.809125543608548
0.828976142361259
0.777856882201958
1.00274285813248
1.09691589743113
1.27868146874829
1.20419639902585
0.904639149142465
1.24946916759861
1.12510161997305
1.23926533786102
1.31926004961512
1.25574318418239
1.29759061569989
1.0839415394729
1.42083169282504
1.13147729948088
0.963865391721725
0.828982634820433
1.59013798589587
1.00072083678216
0.500726728461861
0.660418943059948
0.646115055046013
1.12420211087579
0.828534299316747
0.941774661728662
0.634891619189567
0.666879354089077
0.575310789825291
0.346311092106563
0.450314010762202
0.354818888042337
0.347057140909628
0.445406530662047
0.619403101808826
0.81025837348943
0.777641293356519
0.798840550058286
0.984757598390736
0.868845053928536
0.724810775667501
0.764428339141906
0.671287433886393
1.20398751867527
1.05387810927858
0.784431581514808
0.914422965220489
1.18701401497736
1.18195533491503
0.996508637795024
1.0707060220367
1.28849705610444
1.33133266790722
1.71910946387238
1.25989012558986
1.11911392702052
1.14327313901618
1.03507954422502
1.80014450561169
1.82293268574065
1.12210593705487
1.38455911312835
1.13016322708311
1.43850235141313
0.894245896697148
1.43350581037701
1.19537122738596
1.32157268909966
1.1047881423855
0.937870392762156
1.04575613211886
1.37249100714864
0.972100422038026
0.863435865625611
1.1435507843044
1.13931775802068
1.10239647375852
1.04684996025313
1.1266754903733
1.6300237459332
1.4153168391405
1.34090479599645
1.14982528848927
1.11559017406893
0.933961286880975
0.980648520994719
0.900608424178876
1.26217140411329
1.26162539220596
1.04819230448473
0.99693322920961
1.31838797705177
1.63998914499656
1.53685820664004
1.2420599114312
1.52624646313219
1.33625883846819
0.97269644906723
0.880775675055059
1.20983988127099
1.39888114813628
1.06101342913253
1.7046859088817
1.06543986103933
1.59504934213691
1.40054983007206
1.36832592189253
1.88037475117984
0.804427373653535
1.46739980442309
2.0311007631904
1.53352678537948
1.26456710396585
1.32708983573359
1.22494388833798
1.13519217444428
0.926934609477355
1.0822386732127
1.32915107651576
1.25655112948797
0.986337120599397
1.34074285369054
0.707988063903794
0.731810387263319
0.935300078084497
1.34118144382179
1.04556053650029
0.889135752450721
1.12971360091111
1.0515538223768
1.30935139448388
1.1725802821563
0.805655307523863
1.8131047175053
1.05129564186194
1.18494866484335
0.817555292456898
0.502129858180285
0.481309809602239
0.57807683813305
0.446235366060299
0.487139308370851
0.613885038241782
0.695887564915258
0.604609379563161
0.732076435443514
1.00076813424524
1.50667889076125
1.22062060747868
1.24341575530447
0.796356825050005
0.618673520812316
0.805110649885693
0.601880539406394
0.804265194941268
0.724834973966836
0.722919264103843
1.08959208922798
1.06303594941469
0.955529884419049
1.10659352907873
1.04089310884783
1.10483693362719
0.963231850041314
0.925775954916564
1.06339534721886
1.72072521253056
2.13067855970629
1.52868049781181
1.89249085461783
1.53742624883474
1.19224354842475
0.877214624346183
0.996526010836396
0.790546765694945
0.552849830467837
0.494642690392689
0.689170100835796
0.83580921002076
0.921784792629883
1.13908941785862
1.13635742421859
1.47276182131236
1.3791816293443
1.56899729379483
1.72654805968553
1.74034440509021
2.18176130304788
1.31948955664525
1.00239362682741
1.50112137479943
0.915746638600686
0.90263893424758
0.99796226002346
0.804197764912074
0.827586872462483
0.667395302715004
0.583501125111911
0.593720630814664
1.0449328261317
0.862547413402587
0.775736669854704
0.734104474184247
0.797082194845494
0.768103367003961
1.0434681385103
1.0815105356584
1.14040462114608
0.913613463538224
0.905310234189684
0.833033347318146
1.15275124527039
1.02693069952791
1.40028453932234
1.15528709799702
1.28355155429223
0.827318453573583
0.567952431125738
0.792711272915792
0.777352161044709
0.566851076035852
0.670948767988005
0.869467347070122
1.0085763696232
0.975631448708712
0.946359458015814
0.623551959557051
0.51230653839272
0.671858531157999
0.950786487131982
1.02826449282013
1.2368727969182
0.92807595951413
0.719667962752177
0.712153701895228
0.815615971384041
0.677169341441237
0.641062935287579
1.39025147700538
1.00973745158333
0.847177781621315
1.00353767096893
0.995544063014862
0.787393045950583
0.834452894435195
1.16530698838804
1.62404464697709
1.52756949928208
1.3007095074739
1.62114198531932
1.15169454575073
1.11711903095192
1.04322306685396
0.969506969928546
1.44544447498434
1.17039318226286
0.966858633666367
1.05557222892754
1.07822100630552
1.70621556182577
1.66361330836217
1.57036224560616
1.53592495754589
1.31409145517204
1.447432145347
1.25478299806902
1.11918485922344
1.28137449819022
0.905252867668239
1.00671024096541
1.24924165567422
0.846176684429436
0.63741513435286
1.12818451084834
1.1807813751943
0.945340681684272
0.786050654367534
1.08964257334589
0.989806715487876
1.25906166196726
1.31959775758493
1.37734552749678
1.74344917070447
0.986240989213974
1.13121315536585
1.3313826427087
1.38470580118958
0.979486314487613
0.863998702680872
0.767480802931084
0.622175213520301
0.948657457678346
1.34839466757383
1.23730774751682
1.63870641800456
1.33317228995035
1.55901963029047
1.68981211740458
1.24453921956765
0.878215065985424
1.11455803179206
1.0540179331957
1.11789265382575
1.19435632155288
1.67402520365483
1.73399152619912
1.38354034113166
0.869654423269345
1.14347051209388
1.44133964232331
1.496810333558
1.24317687013097
0.859296710044941
0.953492198815271
0.727457822781586
0.791272520919513
0.914637529282346
0.588920928629234
0.738704116798875
0.464219482124063
0.786109076197497
1.22066053644859
1.30617291510643
0.878805491555623
0.84139734771375
0.749533062014647
0.686783898895795
0.976287185636306
1.23714037004691
1.2264702308078
1.19149933963394
0.899013299472056
1.0006767559197
1.36725805097064
1.16507566902233
0.943504780514064
1.10244294259408
1.48457623064927
1.20314245746406
1.37141012925373
1.44845510457917
1.13986022905377
1.17755946541934
1.48938054369337
1.32421031670614
1.28341260771347
1.48967997648276
0.878238478901509
0.801572031508581
0.853455475656514
1.11277780337896
0.708531629505081
0.640563107685918
0.808218096895861
0.733036225905042
0.597881556526487
0.731491532244154
0.648413927661093
0.540481236924589
0.657438964774665
0.705016003660804
1.01974906976352
1.06565051594501
0.740267875847142
0.582647641369566
0.845209530723868
1.02121952464222
1.14956647298355
1.37505585866386
1.47370139547384
2.42906937255695
2.13449437841799
1.38021630638141
1.29208803648947
0.999944221779893
0.834601896873253
0.76727601612052
0.944148328682975
1.22194423604925
0.873724053847775
1.21380504296681
1.02550682730186
1.73533778922167
1.54252925467824
1.05247022756749
1.26555925824578
1.3290789856881
1.70601664423158
1.36901730397045
1.06658366034501
0.992658038555108
1.219700694691
1.20247609529411
0.876417684141338
1.19130559643973
0.731049616786506
0.762260797353202
0.5598485496977
0.504604641786536
0.776918333799382
0.718777301475164
0.77356852068701
0.555266490056157
0.52335180993442
0.351967408764379
0.35084605617572
0.676931946730572
0.650767505584955
0.838783811946596
1.19397886893
1.56951037484033
1.62948579329491
1.88745183635548
1.17742626209093
1.44028737819215
0.987137472776082
0.604855881846625
1.12376573201903
1.03366413267256
1.28997424339787
0.980458695811757
0.924073197871648
1.19708188756582
0.911978970131747
0.914006925493892
0.741668152752957
1.08606790646303
1.04563036717398
0.742109813457997
0.685870642574829
0.514389494116924
0.512564940584787
0.799656522818502
0.999516025977898
1.11645687061826
1.25492225687844
0.587284534565309
0.799547041151757
1.11198517391794
0.95448242449221
0.928074400266437
1.11114984815607
1.65281813913079
1.2148735548607
1.28610774949537
1.17397379809517
0.898293206451296
0.743627376713659
1.06954577977591
1.305755295838
0.757304185183514
0.96372776382286
1.0272578497683
0.867029470471544
0.724437125382698
0.609527111962776
0.810443184807799
0.794253585632804
0.652877550450297
0.543696823520236
0.830346796135226
0.814178816777063
0.987691484075996
0.704627139719427
1.00845537329938
0.77483307145779
0.732291890239593
1.04691670407926
1.27457509383288
1.13917339691472
1.0364400876683
1.3367672649055
1.46072383144422
0.784048895394313
1.064353096713
0.757852534533089
0.954131268336946
1.00233540077594
1.03380009113445
1.45112180902132
1.55910969595544
1.39329071309599
1.10443701081009
1.25293887627335
0.974620713267441
1.2616085104643
1.26215776132226
0.993958930136782
0.762343273888206
0.616192842674986
0.690020866799557
0.610551436596267
0.559947349910897
0.682866205526639
0.867517845257945
0.888035647435669
1.00786244280692
1.2135410906604
1.0130219658666
0.707547337608306
1.28956745125669
0.903033950936878
0.865074491506326
0.727762524189732
0.960568500608126
0.870179761818936
1.00551373215433
1.01285929848361
0.749621369823779
1.3359212215355
0.962213056256288
0.786275356678643
0.716047213207051
0.656898389348305
0.843027844946519
0.641197230525644
0.554717237116166
0.569630053032604
0.609026133006266
0.772946324069057
1.16509234304741
1.59359490825039
1.25390376151405
1.10687887972121
0.698215444209668
0.76629152623929
0.748362745630804
0.765098186614125
1.06657515618672
1.24126694056997
0.884888326399263
0.880197072977272
0.783085537227849
0.740903689462685
0.689619503620721
0.674980232105337
0.870821537768438
0.921032968766771
1.28488275872673
1.07119990582461
1.11610392824132
1.18537470096447
1.46654724182185
1.87181187362112
1.42893247933772
1.53148015099034
1.26711409031732
0.880764213930815
1.20885246271403
1.17264197913782
2.26534273955509
2.20714734133411
1.58750786683342
1.53465171167838
1.07532548937689
1.01210843164394
0.882792967054247
0.972517643970268
0.635126227458735
1.17334850470875
1.17364224046019
0.986781271009492
0.975926348367463
0.846084116756907
1.40372475611632
1.30788680127256
1.33412086364032
1.55091893224157
1.56185808823285
1.30760749871818
1.11687529485803
1.1724740697587
0.839808345441785
0.992674738171687
0.858622558586648
0.71953840955308
0.903714583859478
0.862292850659556
0.689956032945508
1.44890688449973
1.06812470618166
1.02781847632631
1.44910979320487
1.31861221904779
1.12926933887195
1.501932647663
1.67883576921554
1.29701931800724
1.16784151873979
1.07198266933249
0.966761826789162
0.914837983323185
0.82233330452516
0.809349354734961
0.490730609087856
0.511048451176693
0.543644815184731
0.693974922063583
1.04772954524861
1.41649939916073
1.20328653668179
1.13492709785024
0.885051484286018
0.752582727872034
1.056210258113
1.91617196369017
1.26051217088967
1.10529769089701
1.24739537020477
1.44529443509051
1.22149850923371
1.01294500541202
1.59372884087209
1.40005296772118
0.8390915024988
1.15795075627001
1.05327823878387
1.29546001273599
1.78860976446469
1.34537992348964
1.40709185076054
0.941659691453956
1.14225067794825
1.34313265220227
1.30441951358946
1.06196473806651
1.43578398481586
1.48297464163547
1.07830293539335
1.21450862029803
1.00534840034616
1.27691887656978
1.74495537727459
0.977070427181435
1.09381967766407
0.809613027121556
0.971244240969054
1.44385171405805
1.6816963423258
1.03853243397692
0.736055413100006
0.851121184548315
0.781412235402411
1.43466387359038
0.95583155478826
0.699449073997706
0.759588328471595
0.490216946540203
0.389161098296441
0.900814985752278
0.951044798265761
0.884313320150574
0.891483490251682
0.879090180008504
1.10938506048264
0.595050077484538
0.509782162792304
0.768809794728919
0.80548470632861
0.811537991286163
0.757806146278774
0.68590517117691
0.576629607049483
0.518342774132826
0.39351095082902
0.629296398931339
0.773104501857913
0.723165084822262
0.602270600557075
0.391475842104913
0.429319243939374
0.652321906515355
1.01471603846831
0.844925596154092
1.08444868417498
1.20821164212944
1.4054045789457
0.994720040895679
0.977886141477955
1.08057147879112
0.875028058436375
1.19027562069955
1.07947173967553
0.772136358020756
0.907040590891354
0.638983549012268
0.592010764092705
0.864641538317824
0.616528407785888
0.73180667630957
0.937024930760473
0.839653164228185
1.31502805843949
0.982137623036878
1.22147202054104
0.851675119154802
0.946055751289818
1.01601279734687
1.26808615552084
1.1251591969152
1.0665747966529
1.32720805380128
0.809257372232136
0.700902579133893
0.748045409025601
1.06057023072233
0.647454909989386
0.572584278014808
0.526055175208383
0.634637430942654
0.685606379889334
0.642776866822142
0.694711708915814
0.568041259272109
0.426737095790214
0.672506336494812
0.523367271658628
0.773545757941389
0.94913858232806
0.973654761994156
0.589257578150992
0.843443403835802
1.17076817531011
1.26303813028815
1.35010731666493
1.00099189297617
1.38425401779814
0.824845461998649
1.48340872552037
1.28010766947257
1.14807746141784
1.43279465010787
1.4619593423377
0.908453761794239
0.98960178416056
1.11751550376468
0.753611101685828
0.826709526345
1.00060556468321
1.81076747168522
1.76344655172597
1.74470551039261
1.96394854045333
1.66528394158693
2.17219734507286
1.35902298235887
1.00215651104185
1.17619720268867
1.01316171646227
0.646911565347665
0.873571418044564
0.752202533393755
0.801586902991393
1.05800080352888
1.47835058805581
1.11898035122257
1.18867752628967
1.05778933606247
1.47409862173022
1.72052158951345
1.26557417820372
1.33454394199041
1.46408391837501
1.29894023434283
1.10883622541219
0.853013253705846
1.18343477092475
1.14254814552893
1.24754284999296
1.17817417264881
0.787504620349434
1.15099121475839
1.0671831432401
0.814080952167052
1.00293216296459
0.910423434627749
0.93572782813612
1.09899351345942
1.17596599451558
1.3379196040665
1.00981651454197
0.748716017909812
0.592911191794144
0.930031850014604
0.806130049582132
0.616465584009695
0.775084114303372
0.767980823217801
1.14396037946922
1.31046991042926
1.36687033415352
1.02875167469307
1.15865882897758
0.888629295608434
0.849231840732422
0.557173475489443
0.89613987453294
1.34090179683249
1.14026184936378
0.93831574010666
1.18789275299045
1.48157226086472
0.963440661767131
0.915139429019376
0.97707104492041
0.971676560273673
0.968889090973011
1.12298445999715
1.75778248755318
1.78126158951213
1.89138974101844
1.06649715587062
0.982390684195911
0.999342907509161
0.752389239108342
0.844919455770326
1.06634742901778
1.11319191134909
1.2974657620884
1.24906626663205
0.978456578957547
0.935242546422204
0.799422017577115
0.669754503897524
0.633438422281103
1.20927551335817
0.903966727637704
0.875919728434428
0.688808002201786
0.837506708038035
1.07131462303933
1.28786478926284
1.18208680895955
1.16815551488693
1.09813913984046
0.704003436849683
0.48656951433894
0.637067720676774
0.682174338570685
0.610789598618372
0.681169366246245
0.699320322929137
0.473925326417505
0.643518214758529
0.763562802929657
1.20521344915166
1.36675573709853
1.24883498942064
1.15926257622748
1.65134919339073
1.40945389439429
1.76357625660985
1.86625932822588
1.50374724635848
1.05632947098391
1.25496366846317
1.73012482409323
1.04429838899887
1.06451472150184
0.869261392810793
1.468330364489
1.16632885041451
1.70323888964482
1.46531205388325
1.22494548204417
1.04988941694355
0.837258195166546
0.843308198235489
1.0081313691018
0.946853925379186
1.10230195672751
0.969529629768404
0.986609910963903
1.07903038560112
1.0446506392064
1.4892360278131
1.16535144498932
0.749416049338152
0.898400174574168
0.820807104226765
0.80918021955262
0.803254971869512
1.11910025416108
1.14680836782637
1.49504807485673
0.931038210434029
0.943592630006673
0.96853058461184
0.998600178507004
1.31986231842893
1.33949538808881
0.952755655477087
1.56979358451393
1.64758049296595
1.79583051602521
1.62972454644625
1.93262116133999
1.15905509635301
1.68338168835701
1.15822993141203
0.979629074605494
1.39105703844564
1.49978791951078
1.27078911499489
1.25355876869939
1.21827461588695
1.08042559591868
1.42248353041936
1.26004105046907
0.904020986577287
0.885803148909942
1.03375837365222
0.67871670137884
0.529946052711462
0.698357754448031
0.977541292463228
1.10257372424335
1.40552957656225
0.998988685946632
1.09115174632536
1.24924335909982
1.03536521125797
0.995744228119021
1.1530236216379
1.26905828373945
0.906147773377701
0.835471563252802
1.71795863297869
1.81101423513578
1.56501903585586
1.82120175073951
1.25692301734341
1.14952756650314
1.27065149190846
1.05178370690644
1.00067126751709
0.638492707249787
1.14003295798112
1.26862243136189
1.24484368153625
1.59386137271876
1.28800834588483
1.39359666896898
1.15179034714318
1.69235127024474
1.38801787813814
1.19005309187395
0.929886808005437
0.958833777865479
0.924453180741505
1.07432600368679
1.52551824469012
1.07632124737362
1.54014315551787
1.64890096671344
1.86743934056515
1.28418127546981
0.898772137695725
0.800722301142576
0.635521989929345
0.526481324783507
0.695856767510283
1.35367385551497
0.823589134158348
1.30105584329704
1.2130137966827
0.884005380916832
0.977863894623767
1.13181675947817
1.35450413277477
1.80713948232414
2.16397735610938
1.07393661925118
1.0200475785474
1.43864122119248
1.15373436121152
1.80605347223031
1.25404911238139
1.04909420977975
0.886691611095046
0.931374570164603
0.940437636251291
1.44835749471106
1.21930869725995
1.37232674990566
1.16730336055763
1.0765793781267
1.12871885675685
1.00306798843058
0.94466770499111
0.927984932653929
1.24623150141975
0.817851022319408
0.663014764776319
0.577805820796695
0.675437412166603
0.663469199573414
0.637242381051332
0.782426015320211
1.11847139131248
0.752795672022725
1.0347753556908
1.00379958128687
1.07715465741926
0.978729933703334
0.859874933325605
1.52638976028106
1.12046330333276
1.35278100349604
0.807253486781076
0.562362543969702
0.691830810032802
0.892841123033073
1.01702828853289
0.845965078688844
0.736045201641132
0.498248995512282
0.764712710055245
1.31649019787885
1.24507223596723
1.40909881131942
0.881578815433554
1.25919164826098
1.77161095518656
0.956199663343038
0.939048361596941
1.16668361358948
1.53409665704455
1.8746879191309
1.32314205984457
1.5079761057015
1.29808669854269
0.879861957477828
0.995267977147213
1.49190394673699
1.20472352684415
1.03676245971026
2.04220053952156
1.19646265913455
1.51019000804931
1.25599116009998
1.28942233141705
1.6599084685864
1.03074356148268
2.06113383827212
1.42983903579675
1.24554656019285
1.3441369947942
1.4250872755876
1.7539906439756
1.56036857136897
1.34424821412365
2.07369131909344
1.66936512998663
0.872600659077447
1.14806688825361
0.918961053070844
0.99756951847626
1.19581715251804
0.927902903251764
0.539431136410114
0.836868210465353
1.46173848028812
1.24378246911525
1.53754444674132
1.6926058617277
2.45571786090906
2.09399642030618
1.82011301364169
1.72784384394332
1.69617783500681
1.75190349592108
1.63357407401602
1.15292985580071
1.30351208921125
1.488277743377
1.45279607806335
1.23158256326256
1.12851440931792
1.4829187833703
1.63187109335181
1.81214259809957
2.4704785182387
1.62201455339352
1.32806869589573
1.38155403159024
1.35625913861993
0.903568338704888
0.721795939670404
1.12087089799552
0.85471227897979
0.831987306514097
0.678162320622611
0.498237817408401
0.639576140418638
1.01356609907407
1.30792103519796
0.88918148601431
0.947532507578615
1.11800583565391
1.09758960980201
1.90987225294722
1.13642135101282
1.66627233377581
1.30548160128819
1.11754955245273
1.14133726051309
0.907012443331083
0.651180178436957
0.915748312686223
1.07990193197196
1.06797044381682
0.936291120810569
1.16425178078445
1.19965300487792
1.22613558616358
1.5833993395112
1.4910508109983
1.57984778304813
1.27552327122642
1.79307463972666
1.14258188422294
1.14191667265959
0.699863171454289
0.781642598254627
1.45934854680336
1.75760968990605
1.50065284803924
1.134527890269
1.20458439036101
1.39040956015237
1.56054873284413
1.29083432814179
1.53875187020612
1.09020721079191
1.0706179883568
1.3677535864169
1.31236512630332
0.94989424215551
1.27988196444945
1.42758747657429
1.05497813449006
0.738591128179365
0.911371184631689
0.697592498369776
0.720677849345004
0.829974993079216
0.967995469948667
0.907110324606429
0.862985647873199
1.20586511620463
0.666192931365762
0.632164691465899
0.5551508752114
0.693466628523817
0.640645765607529
0.726101923765305
0.756011607895737
0.689239620773393
0.766634920886323
1.13796353818792
1.23488240883556
1.10971743723428
1.541783164592
1.63425577124733
1.3059786003874
1.15347326592371
1.09757859894425
0.741808666420101
0.885801877853277
0.843836358817825
0.744721831004713
0.79548594059779
0.822801048169122
0.893520818303662
0.948786837273772
0.762689524760494
0.614636714639049
0.397136866722218
0.387198443734441
0.546781653301732
0.822699698420462
0.676063113657681
0.462798067200658
0.521916610458744
0.621498658486425
0.604281746474863
0.776167384768965
1.20012454106347
1.39163445056683
1.25233283842658
1.72636037257817
1.32431280138735
1.00495146027809
0.642862029236691
0.414352778548778
0.463084035036143
0.406222898244645
0.370994025128324
0.496624595682677
0.553079552429387
0.554520396320111
0.45679777401946
0.528214168291262
0.606098510186084
0.50609483937532
0.70779983307486
1.06243467147836
1.01778415514811
1.26978369616997
1.04021856678514
1.37130399200643
0.87681611263672
0.900701503463679
0.811117019648845
0.84439912359076
0.95625956268316
0.769258625837715
1.16215928346467
1.05089444452115
1.56997159230275
1.29063573896738
0.956882306452913
0.641291956715469
0.580043783443606
0.911844008458083
0.979717934383827
0.713754891314203
0.888818439105734
0.79207347753527
1.00270292296449
0.999725555323497
1.13083751064889
1.17929102010775
1.156519437032
0.935783736113721
0.760945322151954
0.586145559465789
0.908719975938264
0.696191846551252
1.31564969350479
1.65462466167112
1.43536575307301
1.2041596928273
1.38114299067162
1.78151528344949
1.17542234299402
1.12924512006522
0.961641744210183
1.03008711356757
0.942188133511217
0.712872648286362
0.8558126666254
0.746257527813558
1.07955351137956
0.848091216969358
0.992893076580993
0.778666762426774
0.881055656906905
0.967229795963172
0.863072582321595
1.25566208916756
1.23195586649116
1.04634118259126
1.18315712207977
1.02261168566935
0.871479776052775
1.00420037369017
0.787500015433966
0.991451922554764
1.10172922648923
1.39461842213963
1.30002320797426
1.33269504619566
1.88249096922602
1.19661698463197
1.42515071102639
1.50635729308279
0.786831680455156
1.00472346885347
1.00404950366713
1.1620962203293
0.989506382943133
0.794253351828466
0.871860031446994
0.76146755968641
0.862560149917139
0.736649001520496
0.989281056307661
1.08638097551485
0.82227551725432
0.744430803982857
0.805689673462418
0.916047151663147
1.18166688067968
1.68154356592343
1.30641751988987
1.51552866996513
0.984201934363192
1.39642532465595
1.17761033988926
1.37182933329664
1.64922045317047
1.40510814821185
1.56020833717987
1.64714767158982
1.22643179438119
1.0341439522603
1.12950954226882
0.877494491556911
1.40223448683681
1.54312612015606
1.42429186983528
1.16860915797759
1.62250393252401
1.39082884180706
1.67097831626102
1.5646178373924
1.49377724402735
1.08214184440366
1.12872135349837
1.37897381188205
1.28765963865636
1.10507406882262
1.19579724428281
1.56219730642635
1.12279901558123
1.29638757705617
0.914302901459285
1.03709315274449
0.752727054062335
1.10041198005001
0.879860573157788
1.42747990761655
1.43312018477122
1.63877803337249
1.19854710635296
0.95600501044648
1.1674193001135
1.62322376898095
2.49928684216228
2.05851981808952
1.42676558643999
1.15990790958124
0.865082990553046
0.680058002111829
0.602118210939135
1.0288939398758
1.14564945383521
1.13293009333675
1.19721601700245
1.06481006285244
0.733486039680991
0.677501759381917
1.11109777514861
1.10996436812471
1.3985394776468
2.34095440888944
1.60148817173026
1.38622930577575
1.90842085620447
1.5438105786274
1.59108097994305
1.3634000199299
1.08865219920007
1.22473401197608
0.805300890469849
0.745899364628033
1.00022897348246
0.944370559740977
1.37456352256589
1.61764897005567
1.36016539646908
1.01283638127962
0.947261918959404
0.888385028918919
1.46166085481723
1.52485181899788
1.45242396486528
1.34557708284177
2.66838135335778
2.0497461960564
1.43120904867402
1.19248700125428
0.951355607956462
0.928024616349508
1.33506286478871
1.96557837537047
1.30857605347561
0.976340589993019
1.37584189139459
1.14895984736645
0.893248923738421
0.936091470079358
1.22115385274467
0.980244765648911
0.967785547915869
1.14159360826805
0.972998669655514
1.25481411570997
1.38488235074215
1.07305062823441
0.665030491381854
1.22058984962827
0.988024005155844
1.35765691905781
1.60660629778932
1.05990043236917
1.69840692710091
1.69576467607608
1.29276987082646
1.35598916688484
0.902393906809818
1.02415255730997
1.13175919259269
0.93920354294701
0.930071828893944
0.979112425152049
1.37531874500255
1.31285740798642
1.39497284752374
1.19891275045084
1.43919277233784
2.06074146108887
1.45326269589815
1.51894280652777
1.1556189887492
1.21862409554015
1.20037270830758
0.985912589195399
0.635584235499961
0.730500098784347
0.637037715065221
0.681231129569952
0.645308527496768
0.611154611704971
0.624553742221553
0.947964262234614
0.728864224570895
1.07695330910827
1.19846587948189
1.50827019473206
1.79342237079734
1.14175341559145
1.06080213314915
1.14497401078647
1.22402788163435
1.13765600746469
1.0133811288477
0.785751601811139
1.1478817539178
1.29949535755634
1.03904669218702
1.2773767548054
1.61584463854794
1.14108108969183
1.08125681011787
1.42702483313631
0.986507549626217
1.3179325483153
1.35041190359962
1.14193811036895
0.930421387769674
1.08269687907333
1.07671258420504
1.03940848651549
1.35341273218176
0.907582718262466
1.45713425528082
1.67156781661574
1.20707917155451
1.08219303939057
1.01268842556732
1.43854592010895
1.63200852988189
0.819279458987429
0.769110097912382
1.10437637638849
1.14181116961488
1.03284153774493
0.882204913612531
0.988605813738338
0.828779819791967
0.548031542422687
0.816492294834779
1.06647981327402
0.82563622450623
0.982188618713535
1.30453424952908
1.39698188175068
1.5051055491756
0.845878457401067
1.13878954011605
1.10784955293976
0.730555612172608
1.03008418751183
1.19975664008213
1.11953648193557
1.09908678930879
1.14895727416298
1.95692128659386
1.23945447687533
1.63826557250886
1.29528050236133
1.48244612657262
0.941269834035986
1.26090980856739
0.994929800598461
1.47364830132552
1.42236198785995
1.07936789792773
1.34335349875255
1.4506564419393
1.48220907844239
1.15708584360639
1.38851889414155
1.62682338871489
1.53057369441979
1.13923370049988
1.03347569005823
1.25456248304436
1.20808346920223
1.04904658131799
1.47339043554376
1.82078952201012
1.69678864234297
1.66620068749428
1.41300829401765
2.0242130286537
1.95148039852355
1.39177921334271
1.51522693520217
1.03112648671647
1.03357675168025
1.06536180323433
1.29680986568582
1.06583436820899
0.858942977441699
0.781013083842936
0.68646750562888
0.858209680791096
0.999144826120922
0.780407799066648
0.598957836897871
0.68884964969154
0.532366018702388
1.01304425354732
1.29112907522687
1.25080423998956
1.06986776566619
0.603327048927896
0.913880904992037
0.988262568088442
0.889171345768198
0.905549813163967
0.851447421636027
0.634943758137105
0.814188062856945
0.701366540325288
0.723423243973694
0.758219641439479
0.785832983630891
0.935127257053094
1.14515633877387
1.04223716948664
1.12621980861065
0.936992355427044
0.863397282701494
0.799365481670979
0.720086259821634
0.75581116973689
1.08307809398527
1.122793689787
1.300088761207
1.69971969201965
1.58699321549707
1.38656439178197
1.35639694665348
1.4367310450623
1.44239761901041
1.3454974096168
0.900027783417221
0.994466739409981
0.645221918067905
1.38711481910543
1.35437884437165
1.74145532806658
1.35868775389637
1.47105329613545
1.25610881542369
1.03223432874084
1.16713919679419
1.08396282624103
0.852366941829134
0.745372279175685
0.508019933324884
0.690899245657505
0.766148682785506
0.977541206095751
1.14459450845298
1.04115724153946
0.597975819787981
0.884524827549669
0.673276248352102
0.654270565820547
0.5554674973491
0.482666383829453
0.283441741832573
0.424175162720221
0.470676599832408
0.591442080327436
1.09078170883356
1.13148721722647
1.2878104605563
1.0271931749792
0.956864017769908
1.02231264897213
1.42331862587506
0.98621614666236
0.885378156972712
0.968942930580811
0.789433529700776
0.723772562170634
0.870790223565249
1.33399734312259
1.43839399161026
1.31508559175394
1.20061454427179
1.86917371835772
1.82530117019609
1.62463970261575
1.39212585164727
0.908756534734173
0.813478389963513
1.15185370728384
0.9705175420714
0.989479676464694
1.00388471527255
1.00685863002616
1.22520668559263
0.816131200727168
1.0461841689378
0.666813436644595
0.826065786764232
0.788042906928095
1.36631167157415
0.923942199298818
0.818340207052615
1.09036341160183
0.793952582905839
0.749663791237233
0.800794997459914
0.818720373751631
0.719507712452194
0.513764319090345
0.665627852378899
0.814170732169046
1.3306502788996
1.24680887088946
1.10987225102201
1.24588220921349
1.41412246581619
1.64751694042267
1.47100510453734
1.52180601459017
1.50089209417948
1.61095090128819
1.35245744828343
1.18455512943946
1.31597389093545
1.34179555240168
1.33199706657348
1.16867210439366
1.74230533033221
1.23275080648703
1.73090237240035
1.26524305539045
1.1728874304956
1.13071447639509
1.47267805799088
1.3772133156954
0.940689575109333
1.12219375295343
1.46556431885271
1.06458261693465
1.03517392051315
1.30115636241828
1.55038541627016
1.27950444745578
0.969189157251069
0.674486879651773
0.795833598353911
0.978695867514004
0.90026484504751
1.14222519974612
1.21613093424345
1.35683207087513
1.27396813386694
1.37040764709169
1.01840923051198
0.776736988233415
0.536489265568211
0.635293504453183
0.801926961297161
0.604192705965867
0.51160437509507
0.5025994575411
0.692354908314382
0.627446393983807
1.17950724592544
1.82431415695241
1.85593691440656
0.846314782513395
0.990192700432809
0.95368098317274
0.994637577316555
1.13108291408193
0.958604776107799
0.924786015069616
0.56760916848256
0.594872184476914
0.671232008031919
0.839698937963978
1.02022219356606
0.867777704243188
1.05711456832054
1.50247132898694
1.5472270283718
1.73087619667158
2.00429116072012
1.65531690484301
1.56423447564512
1.14866489743085
1.56256879036068
1.66284692772333
1.01666477915837
0.925775746851783
0.989762241638124
1.00909229555122
1.00562443311782
0.810692665219664
0.677125217650113
0.696876026707131
0.574816413535037
0.52376706155438
0.652276490053374
1.12175854326624
1.67120333609512
1.83403494846286
1.86876534466339
1.0515827828988
1.32669119613094
0.677149940971765
0.808077488343091
0.894096667363437
0.788023643936303
0.732205610988371
0.599923190658953
0.781624233863643
0.865017210747121
0.736149968732081
0.795473425315509
0.746282331581766
0.824460133661216
1.04961781863473
1.1451857439313
0.932955909980777
1.47514689723357
1.07306733772514
1.25919875391919
0.963828593989478
1.66744393698977
1.19794089327953
1.0886536425437
1.13935850581729
1.36385654984419
1.41665805495367
1.12476524659707
0.839663624007359
1.10163115672411
0.764310672758417
0.798754134683396
0.836762379712171
0.714315794903456
1.30583391318482
1.20895038881094
0.909376774680472
1.35318785126209
0.876373444358682
0.974588729659792
1.18617391281951
0.849779892857472
0.894961522358743
1.10187773969004
1.07397815122045
1.41323227485475
1.19664746072378
1.03870204434047
1.06326532314292
0.953059974108617
1.05044554313715
1.36413394662663
0.567394707898084
0.836552245121561
0.704214299347133
0.810839679262527
0.833341340512362
1.16592068909643
1.63801089141508
0.920549859790861
1.1359752451422
1.32232652944509
1.17818324338689
1.27555431697261
1.70223983812152
1.24225430210734
1.24641191270432
2.01481228884876
1.46403188565142
1.28966758069984
1.29617871174475
1.16221415473692
1.21022484613419
1.08129167363338
1.24609608797689
1.16575908101796
1.08524722022247
1.31121677691564
0.859020364380276
0.668965978642482
0.532141783158077
0.786279553242392
0.696828702597169
0.987167578170848
0.726823651728325
0.82014821148811
1.10238347109863
1.2220615559081
1.00650193872102
1.16261818202729
1.1596832569509
1.43872278918522
1.65157478434681
1.60074824478689
0.990423927753637
1.29015241161809
1.2879812890891
1.03113164924132
1.02924395483421
0.792496495622013
0.979152553493106
1.0551690424016
1.20202207006101
1.47586416503853
1.307736057259
1.38198281940311
1.34385994720429
1.21176954893225
1.30645625680607
1.01158676668193
1.09242502852325
0.901910127443435
1.32552567386889
0.98924795827814
0.789615302029799
0.804440703584425
0.982036417053286
1.32731842388467
1.52816531270442
1.46926926174547
1.1878977030224
1.41300900324762
1.06491757193388
0.968049404856634
0.732230184001286
0.895209159812131
0.807561576243293
0.886593226135091
1.06587952379738
0.968752381666865
0.972729362046886
1.09240081702229
1.14010719384159
1.03606841972403
1.0014452863686
1.13136956707797
1.71763247142739
1.46780128439174
1.73023253543011
1.71126580845684
1.69362700710419
1.54535138930922
0.985697540508293
1.13717014153723
0.850154446964121
1.0326207775449
0.651770787413893
0.847812508320269
0.438941111344099
0.363104579945603
0.391807109034132
0.660629365593336
0.972334317691908
1.17209362862851
1.40511865805099
1.43500447472405
1.24226399530287
1.3239169780332
1.21074908113613
1.51513895366965
1.04097326407189
0.697697889765359
0.602925124747122
0.688574128708273
1.05546230382671
0.984144226368815
0.867530390198176
1.05990895795601
0.931174909111906
1.06264264246287
1.16892803848403
1.20633335730259
1.34878002839831
1.28299940733423
1.42300646467808
1.41748295812234
2.25358039037286
1.95807099926078
1.93064322414824
1.33529968006701
0.933388806774797
0.860046913360944
0.697688468522356
0.615613442459135
0.615412490875429
0.531702467983632
0.669837164259342
1.43641605356112
1.44501927225308
1.2418853868622
1.26277180231743
1.42107985329916
1.07924073070623
1.11723515787596
1.54256797622568
1.37256898851429
1.10922401123646
1.03886760569327
1.28696431335939
1.44854624821657
1.24787225856703
1.27370864298695
1.11148077829524
1.75343649128024
1.77906944031142
1.35540920415134
0.909667871006507
1.07550180951384
1.75025203758028
1.44827094251234
1.30979301987873
1.24579679611271
1.21506575457922
1.20983471682596
1.28633170774717
1.20473802006833
1.06844295390875
0.792277025329051
0.944179514987448
1.24619498510223
0.992253389230134
1.1642696646725
1.17056846703849
1.4864328320046
1.53873584560628
0.993420242565953
1.31285819913126
1.20381590301619
1.14148883522905
1.17309067447804
0.912562471705791
0.812226748539087
0.643856859338452
1.21760549811203
0.880258651427293
1.34145205360929
1.05867707472381
0.776998246184342
1.03332116839328
1.05170664040332
0.682868649974993
0.798129417616403
0.963567455293625
1.29055138078447
1.19862587172308
1.96565573754231
1.37942152899636
1.21000487192853
1.29922442674949
1.62327788347354
1.10013585475374
0.612734902747187
0.765725632043368
0.560304259349161
0.821300974544677
0.85743244363636
0.796887983050486
1.19502190354655
1.37199868682361
1.71303384064835
1.38646835677849
2.00939411761394
1.25613174006043
1.77408904100546
1.0471621045638
1.15303837320446
2.09372753110091
1.9692392860703
1.45443145681748
1.29644863182551
1.65067298329662
1.55237568695028
1.74874533140918
1.40908601960077
1.08179735563795
1.11035519852719
0.739224132687084
0.633947249535097
0.465823621524831
0.580159583773408
0.537730015675497
1.06028274316288
1.12356765417241
0.922640918711544
0.816690857697404
1.50475869498416
1.6955276514499
1.36909652346673
1.19389939199369
1.25867801042133
1.20782594137812
0.640034145783378
0.866861045302686
1.14585088609089
1.46971280867678
1.70182978812082
0.975867521010613
1.25007126943169
1.02773808113412
0.923988445772001
0.900341479869003
0.987462296472373
1.16432640462905
1.16649747606358
1.42763921508857
1.33784014822962
1.35096089991288
0.988556345560317
1.62194284831579
1.13468689025711
1.12687252986793
1.34745562342786
1.20256188656012
1.07507198732104
0.762287986161412
1.33331034107409
1.28831916834785
1.18930696390488
1.09653835145644
1.34348682003379
0.785927851732127
0.803107023567062
0.591386669495963
0.381951991001431
0.511522499670663
0.562336823756466
0.55706829966206
0.554858724040237
0.56098081912334
0.853739974912226
0.69002755663254
0.823780408984839
1.02342655441422
1.26519432375578
0.96264206598707
1.19697485633641
2.04419737167033
2.06923157356251
1.19542480933656
1.12716001182178
1.80922837381545
1.10481091133797
1.21560633391477
1.24122539154146
1.38134468433581
1.44949622971187
1.41533560942805
1.30882537278942
1.39265899930884
1.3477186868584
1.45056689692329
1.08763696106135
1.63117426520305
0.979841476063488
1.11821500365961
0.868036378083607
1.31781656990172
1.69931912677499
1.49987705245202
1.46025952068995
1.25285334453928
0.967721137703974
1.45245759774424
1.74498624636176
2.15930110154763
1.50385183898647
1.14984613680362
0.978236768240347
1.46025978613779
1.34588406890859
1.18918141654114
0.787460598553846
0.955202105519025
1.46943747280368
1.32118549739954
1.32192201470128
0.857993795777432
1.142625174991
0.829706636102212
0.923249712051498
0.589452915194162
0.816843045173341
0.552946469982644
0.488429384612134
0.665329969612678
0.585674559360443
0.89084526216206
0.912641437923732
0.808751160940139
0.726225598636068
0.980869932266998
1.26218022639494
1.07614169545956
1.0738107682317
1.10404446729274
0.886974188471933
0.982061396170921
1.3238861193197
1.35028614967034
1.65907928740116
0.868442355791363
1.18671383239728
0.991299946143519
0.77862115105807
0.821494978287302
0.782946523506977
0.989643362778845
1.06386698173167
0.897876792213483
0.491681740518933
0.539166332226892
0.679161092822947
1.17911775914405
1.37077667237719
1.0472268631188
1.01985000746064
1.01452881257661
1.27641214594394
1.38798811304293
1.49778056102479
1.38215626141772
1.59279547106594
1.11830038610829
1.21545749460302
0.900932358315439
0.725976531847096
0.913351535933066
0.959680893338701
0.958803583888215
1.13497363893679
1.36096054655856
1.04364397157888
1.3325651610786
1.19852361974937
0.644680143080475
0.598940508964915
0.51851083760446
0.639551896764804
0.920394138611567
1.20451699884347
1.0528801622521
0.996948673497611
1.0485829522478
1.22299296317647
0.889355076639949
1.25626750194545
0.921590886135919
1.15045921777329
1.71743586752534
1.00207129616273
1.20493534038152
1.55426004381143
1.31919439349171
1.53865240448021
2.08333463121257
2.17062109175755
1.1110619785008
1.02330912569239
1.45179386929464
1.59951991331799
1.5358226380119
1.75038654775865
1.71158354214403
1.8524078299517
1.85509387868733
1.40619998678171
1.13169505460271
0.951663923398016
1.05343167017714
1.34670201798888
1.05911036101333
0.822236377969387
0.878877103837747
1.6297409174782
1.22740075016553
1.33782729942077
1.33153097643002
1.33280388538628
1.35759803414856
1.25863888811204
1.03138938950117
1.41916990297952
1.60245507018708
1.33544637259728
1.06095213698204
1.54782200194122
1.47285302458626
1.57837580388949
1.79935721252767
1.81227966821421
1.38284268300346
1.17420048083293
0.9101839617337
0.774359737308151
1.02208796858202
1.06561890134066
1.67441377874077
1.763649202523
1.43578243184328
1.00691998061695
0.794935324220293
0.905699582374717
1.52382616472325
0.993745779113764
0.804161824115531
0.779168877770166
0.906810191905511
0.90514348047481
0.908554284715835
1.06256596315659
1.2552831394345
0.91705710646642
0.757603399701688
0.984932566592064
0.760486608516451
0.727794604664577
0.990860300762191
0.836304156322069
1.23102118169529
0.976911076878555
0.882935189221327
0.91719368967013
1.03644367530137
1.04086834176651
1.20783918568698
1.23247125277603
0.938265376741308
0.974330640908394
1.25276012858719
1.03544809956726
0.902485008460926
1.03777343803115
0.981329719621732
1.28129707915161
0.931525359429908
1.27329123124437
1.99092074013873
1.02776703966433
1.42175573636362
0.729492718541473
0.893050388677472
1.10159808436412
1.64438030005415
1.51539444104137
0.921883353998428
1.30425929951155
1.88528897432455
1.30846640486868
1.08116703733337
0.830454140021035
1.0374953522805
1.12709594052829
1.15957393839485
0.692564048160974
0.921723720530792
0.691904307464897
0.572533636037924
0.574906910977029
0.677993349813238
0.384368902697471
0.516630684312189
0.377201269952605
0.332803944152079
0.34113227083124
0.545817415636399
0.692654503116213
0.68879170256472
0.597282257208487
0.818585573906367
1.1507026749468
1.11199249266397
1.23572270837827
1.31770915368044
1.15891718837236
1.8540955860894
1.41712996131182
1.33699004824235
1.17108233606984
1.04381945435025
0.891173675496071
0.939979241536119
0.759016702662333
1.01981877807721
0.853586365693234
0.694119664407881
1.27769370368935
1.45661720948901
1.42104422897606
1.01019715869709
0.763452193628207
0.982872882143219
1.62268285571401
1.35696443801542
1.31226783354767
1.22034422651097
0.912150497647906
0.706620126857625
1.1357770996262
0.978483237572234
1.04870054291138
1.0237388207414
2.31032772632792
1.69929114679902
1.58131574192381
1.32139852803631
1.51631635807233
1.46299298770787
1.37084545870626
1.05321943281372
1.11462479714635
1.43211000948064
1.30737433293831
1.16494976866842
2.25004736205992
1.58267900405434
2.03221910989868
1.25675564071292
1.14632530412487
0.804484463592878
0.953332955055274
0.932922378176442
1.08658328785578
1.11380396338214
1.18176338956734
1.14603812763792
1.27858551703041
0.979209589827594
0.777934407213092
0.542871930412567
0.487543167475131
0.673699705940522
0.516232915032984
0.615973733309476
0.773829317337942
0.688556946408983
0.863096797398897
1.47440065665412
1.66425436470324
1.27615629841273
1.78357924931316
1.7922347273983
1.33903654792782
1.15794446589549
1.20648220750922
1.07639496631753
1.04348401123974
0.844135557084938
0.704690129838127
0.868139139356244
1.03476114026836
1.34967697049188
0.606988472427883
0.534227882470773
0.428096445940704
0.656825421139763
0.567355246051443
1.06738082705222
0.831311562219118
0.750838208617377
0.581991679831719
0.780306017904898
1.01314331877706
0.941286969727804
0.893594606939101
1.15138555137993
0.717074543540012
0.898191134969875
0.606885807797388
0.605657466847411
0.898726220644355
0.736343480379095
0.518345225422926
0.607664243186124
0.462642455073093
0.582962256382923
1.06845557007577
1.28425776965206
1.07595256648042
0.866715787145925
0.923308664592373
0.492316738279632
0.384872824664009
0.666582616609543
1.16906668849787
0.975230640131035
0.900946556500583
1.04253596952806
1.47807808783547
2.00117918243845
1.18695615119457
2.01154657322509
1.07135226794279
1.2205140194141
0.764856512978195
0.807699148741588
0.818450633048043
0.722481739455992
0.778803504934899
0.688781374897702
1.00550965920744
1.59705694921215
1.42155273632252
1.12591421483298
1.19346266664731
1.0508139058955
1.35955016286371
1.23797618353005
1.30305891345572
1.13749843921608
1.27330824031428
1.7331812797536
1.32389718482836
1.42913990978465
1.55031093697581
1.43713181139189
1.38684616077457
1.74891405318869
1.73627663230077
2.11257283594952
1.78567919621229
1.67311409760456
1.8721576828271
1.24427991355772
0.68131265805391
0.624262530772533
0.916917970456766
0.770818311167247
0.674506043960992
1.02073954941932
1.33318197607906
1.38338192749874
1.06236020002623
1.108848045323
1.75323614318233
1.10287909497544
0.996532764909944
0.892624578913574
0.876826161571392
0.776755779202306
1.27690103974573
1.22044504190873
1.39417010359782
1.25271471149952
1.862720605851
1.42020406387891
1.42926986351275
1.08346725214491
1.56798483741327
0.937183193236828
0.895258253321471
1.17133618329344
0.883168514709511
1.29621391749774
1.10426296450428
1.08317837291918
1.16220946462536
1.45528513129562
1.3549715864627
1.11680406757577
1.30036183016327
1.36133690452165
1.44166069420503
1.3558519735628
1.75973220590421
1.95939545321072
1.52070625454796
1.55856748814564
1.75084893642673
1.48447966441202
1.51577529937077
1.27956182360218
1.44464571409515
1.76755010302188
1.9915967065804
1.41753546797045
1.58488548950551
1.54280611999829
1.2470569775453
1.45629504717778
1.47854117757078
1.32831215199207
1.22082826734517
0.890240102356307
0.886247494616142
1.06292259693841
1.05049913502977
1.28716392675109
1.30681033113879
0.87656674535389
1.26929650046967
1.04562365419694
0.489289932730631
0.505894060517159
0.921920659166719
0.568778197133007
0.761485684484497
1.03101575482714
1.27852095071847
0.727731234421622
0.852666741640409
1.08592353479231
0.833793475268217
1.16075138838356
1.98817411398332
1.51895597587649
1.12719319242808
1.41072475419478
1.01101144761222
1.14349200227329
1.37163080540703
1.28594283847717
1.25128152229392
1.15448212513008
0.781642971768593
0.7263132898365
0.666010978170263
0.628541471343848
0.463222301747193
0.408614298054737
0.463445287496947
0.879811665750188
0.993044720014402
0.912337162119519
0.822998873029766
0.847987770921385
0.805342643300949
0.7398992325859
0.700411705376981
0.991694603879881
0.903782029291783
0.956585829511222
1.18570077457697
0.899549171687428
0.723739365075064
0.860912732691864
1.42474436304598
1.31819225472329
1.36093387678886
1.64166290387694
1.05747988938742
0.752702818036032
0.865569718535056
0.957239535842308
1.28155434381881
1.68385087357556
1.08905062267795
0.861297006091368
0.859271453951495
0.663909732215934
0.70850865666751
0.502414819495959
0.56440106190593
0.583876848432536
0.859646232371939
0.734201844905115
0.806664086789551
0.702786184171191
0.941559032531928
1.07811852317369
0.784272040275076
0.833281827353788
1.07115750856276
1.44393678438407
1.67265189648148
1.08120512561268
1.40398951146269
1.55848359166198
1.21535975254135
1.21208683035956
1.11659974537621
1.39590158408362
1.56923447175305
0.846672300733666
1.14146988940536
0.857857320020393
0.658887640342175
0.662123782684937
1.09859815170894
1.21604326674051
1.68627801092053
1.00996304615425
1.06412568384277
1.34357018426827
1.69138973315578
1.22920842375082
1.42156006837907
1.54446382718656
0.96155318184324
0.886952957014296
1.1222904732458
1.45646270553304
1.90898195318582
1.88809240409729
1.28148714293058
1.50225266524363
1.27488751348358
1.20898463004559
2.04372463917796
2.06083520880094
1.66205359873173
1.1993854995452
0.807615870790739
1.15390229058905
0.889691224869402
1.10239944152055
1.31059978329246
0.958356826329658
0.66502179940434
0.681137701846137
0.606505684714392
0.647878133414357
0.835869275254601
1.10208114172313
1.05012983883275
1.20673145438932
1.06713506031053
1.27421575211116
1.32582070614283
1.47742756067362
0.991993933383619
0.988088327235031
0.7842638683888
1.31431629606718
1.22269831683501
1.3097630363715
1.98966081156858
1.66782741089633
2.00311049038005
1.87526901799068
1.59665975409439
1.18590069205802
1.31993201657576
1.04139835703413
0.964846477557609
0.82752878137147
1.66861101104411
1.71087386567832
1.06433855545874
1.08728589939734
0.927176591516763
1.2096804077282
0.791883021518678
0.952749300135017
0.603593984920542
1.13680994599974
1.60233337031991
1.76523679805439
2.23109530592738
1.53238063210338
1.44828155033107
1.39740691166774
1.49489337919168
1.21324728381621
1.99596376567548
1.46719899882639
1.09729140386163
1.47201901612284
1.12338744754022
1.11084379099201
0.932522277734554
0.72430982955325
1.06213615665335
0.836614640310664
0.654643991781089
0.869232941922728
0.902611714449402
0.719566382019948
0.867412283030474
0.77038306670737
0.941247601863346
0.91820202803626
0.732927270014701
1.03919094614101
1.19594884940476
1.1962614291914
0.853707655406623
1.1482846347049
1.22161015005101
1.13825787121402
1.06933007254574
1.59242426635125
1.1857304783234
1.54514535756794
1.07262488263325
1.58851998956815
1.33484386253081
1.35893391397268
1.39871787648739
1.1242833065841
0.703785330234124
1.14215363732335
1.24086383507693
1.16875894384237
1.6150939307877
0.82125974002707
0.766926601527934
0.832180868459861
1.00790810115574
1.34476440254205
1.51566461440407
1.14324125494218
1.03812047882219
0.744838386099517
1.43677012226364
0.895560908455243
1.12289217330988
1.25329745166914
1.42630571115205
1.74546731884405
1.49470936800924
1.99149418065757
1.3443990757224
1.05361452744759
1.22434148320512
1.60046651542589
1.31579945568148
1.33907833123123
1.15814605325336
1.62074277682595
1.23364650456005
1.02097186886008
1.107551744442
1.31967602412877
1.64852657739515
1.40897876280767
1.15573448457957
1.27142502825123
1.39504234582691
1.07208657584021
1.33724461739259
1.30253242252656
1.35368186865611
1.6898830143183
1.02496288752331
1.10103717030736
1.51418424087554
1.11076192898721
1.29997725616121
1.39082098491355
1.07075275445986
1.1250143364787
1.10600113337004
1.08539698211853
1.30133695603304
1.20025195270547
1.18205474947936
1.24969837937244
1.54692792004668
1.55787706756388
1.77781918129959
1.16803521473349
0.941133902736252
1.19833420247602
1.38436945915861
1.47932413051839
1.51751555294063
1.31573559572052
1.38626672337631
1.16400994211713
1.05694782800744
1.34316520365945
1.05918062534982
1.10716654622253
1.30916837120144
1.20767261730677
1.01274943384907
1.12195849202414
1.05093496460436
0.962722118867701
1.01755473991563
1.19602193192862
1.17303312721519
0.751641278891342
1.25569336561421
1.08177587524853
0.951599271444073
1.3683963448683
0.968338554340922
0.917119828851553
1.08974235457212
1.18944441876536
1.51202681815978
1.4115543203984
1.39368913448022
0.879153865796751
1.22995004802804
1.28374965057945
1.13096181238949
1.4063407679015
1.2599976559074
1.42753874889631
1.67525225494439
1.63890215576913
1.69892938154591
1.66044225247661
1.5648275727389
1.41560075046676
1.24956668786844
1.5089037639705
1.68694378678443
1.51439748480243
2.11341006354735
1.08121582687025
0.827201677804069
0.966890739752708
1.04675448022286
1.31856467384549
2.0383751516379
1.08326517741229
0.88994328156394
1.27475893193924
0.901504729649847
1.16925151013522
1.32938107908842
1.67643623378498
1.48533134775177
1.08032725678914
1.59776132766518
1.52366115491229
1.13402881552169
1.11975026917527
1.13312152237923
0.821335039059752
1.14129011608459
1.15418318798834
1.08088666563876
1.23421943038637
1.33570011628088
1.63106788231309
1.86061873553003
2.3342609424681
1.71866746449217
1.88233418880902
1.48862726819418
1.017821652148
1.0774346722947
0.756100981199859
1.37163893019646
1.39341910293051
1.23969034921333
1.27416484144826
0.918138136072088
1.10243247151108
1.94298491206388
1.45984788249382
1.35746941221823
1.54709542379154
1.33865610456701
1.48879675269966
1.65750196102999
1.75213496442118
1.89125111438079
1.71170888790263
1.48618843918791
1.28621356331907
1.31960535404652
2.89944376583385
1.63120379613937
1.62370018348944
1.87593869426021
1.35105920539958
0.887614813794035
1.14414885498423
1.68402138257839
1.79339921083765
1.53297782439895
1.84583140125723
1.56798742949456
1.44003208713127
1.785629491992
1.91406769745236
1.58459692177477
1.54023373599497
1.8587787468234
2.26064255223842
1.94588835920302
1.22465199018294
1.18095960821493
1.63146158720393
2.17445595808357
1.87057913292583
1.20835268087115
1.43673485613382
1.57754812489921
0.900022242863676
1.01012097566476
1.4698144047327
1.21958936524303
0.604318703423136
1.07083538130707
1.23748520827541
0.994669187781187
1.11512079940595
0.881837142449283
0.987951065527374
1.22969080027245
1.02852296469637
1.43586435993456
1.14260099183371
0.876390650900692
0.858575707751564
1.22207169292733
1.14414657610261
1.52581021098867
0.955625950218094
0.993780330019312
0.613731470304821
0.625289475841494
0.685583494794257
1.24805011200367
0.721978434913247
0.816763187978483
0.736639603331133
1.11450564819013
1.18824556113494
1.1041229424701
0.825890329727855
0.616558630732389
0.613997931270642
0.543953548168833
0.613074726952559
0.775417145602046
0.592287623877301
0.627187266745576
1.04037663053261
1.16547513015688
1.00271352373621
1.08387171681407
0.921045712159615
0.903291220011316
1.11835102007069
1.09698506615851
0.86229107745153
1.14465663177181
0.997530330843474
1.17639550318388
1.35232806514759
1.70193316860636
1.27292132877565
0.949952956258032
1.26476191780302
1.11736198435244
1.22025164540363
1.10971916037468
0.796347044407476
0.899417514781082
1.71570957745535
1.71223935824818
1.21440082585387
1.05323532778723
1.0220202441843
1.07425103398845
1.29518413328845
0.862449826370954
1.17261590806391
1.46502875269133
1.06324801552189
1.32540128991267
1.84756508056054
1.52120023646421
1.80101008726529
1.60980569757073
1.33980398493894
1.5609271851096
1.28641469406419
1.83081129665483
1.69125363796264
1.3626918081315
2.20388889860354
1.63221057004161
1.29946087472524
1.17884380011827
1.60705232611519
1.82302218851736
1.67056522548177
1.82121085711926
1.89813744555087
2.03017247042693
2.00004036126478
1.37949251966445
1.21958204704965
1.77363442548289
1.0258039879534
1.1010831870581
0.724300844454481
0.673636116572711
1.18705921938947
0.979975184996503
1.56003116072912
0.684451436050635
1.32143679012082
1.19214412418569
1.56168703215236
2.04522291380176
1.95276343647569
1.06330781212162
0.920065000752644
0.85425577578526
1.14382683665956
0.750918924641329
0.64962643459855
0.691323765522622
0.976622904031257
1.62713032331195
1.071467108922
0.964007461048473
0.997205656029439
1.52371527353373
1.2021090175538
1.23929989243212
1.23478429005718
0.957980618728804
0.840335759799569
0.811939510036104
0.682885363903273
0.760633351514467
1.07670224811183
0.789547643557928
0.843743827079333
0.645489265891313
1.05732659584597
0.789298207774683
0.621177920027597
0.985005637893171
1.31174664392989
0.970870156305558
0.65824508516862
0.797167141166229
1.03213283296474
1.48753136874792
1.18678451887528
0.912223455661643
0.859435728911529
0.650246945578132
0.910120811752779
1.03311605440009
1.00725646348822
1.15484415609927
1.56038420965386
1.49688282638119
1.37736951845596
1.39794281302167
0.982515280268285
1.01039055258229
1.3322452921248
1.14728260413479
1.31080023995179
1.3727712051431
1.13123467531236
1.02474499373711
1.63591212711009
1.57118612068006
1.73647074586002
1.86751674527405
2.0773598694437
1.79138954560248
1.31003054460579
1.58324597589817
1.53753920874491
0.988312314080859
1.19827456704845
1.28988509800348
1.28237919498869
1.46510400751421
1.49505312455902
1.20662470213773
1.22877932225012
1.30802410956237
1.38620929492343
1.58576986842585
1.43169146919416
1.64866436253896
1.37281501552451
1.64532196419198
1.3708672472846
1.30848211301085
1.06081716193034
1.02893349150269
1.43815980426549
1.48285725220878
1.16923879637706
1.21253818756281
1.52558747397864
1.29851996320057
1.49465071515596
1.69722252631561
1.90850371954607
1.14577546365743
1.4373220639958
1.15905222034667
1.29357735913625
1.08832241046299
1.43201549063
1.45219858505436
1.65067120503494
1.31165205711422
0.998863785412263
0.770471496447776
0.714887059612465
1.07840967839734
0.887262158454424
0.945199163291652
0.870474591463906
0.849597355134013
0.800443279930783
1.16073052334971
0.922249705245899
1.19120386713031
0.781638852932944
0.851867499148802
0.948971149986887
1.04736579886635
1.05552214978555
1.27503656166907
1.4352518824187
1.61148491838929
1.35492146184889
1.12126444490188
1.4113469342975
1.5142773534309
1.70053764183358
1.59565074205875
1.05945493485008
1.18115198857788
1.40197645541784
1.6466391467608
1.41956708824344
1.9774483000541
1.55611052402221
1.59889786916549
1.36068382059426
1.08029247413228
0.931816332040222
0.924215977313717
0.647908503370266
0.476146368070101
0.594839421074678
0.915189177468788
1.46312197566412
1.03265045977721
0.905170786674114
0.821977075277213
0.564275648218286
0.500630657229276
0.68724678747252
0.756709487758202
1.17300079924279
1.21605319499839
0.896157325604452
0.89924299908918
1.17668559056229
1.81469028601604
1.10270649371781
0.766213392741043
0.739194759888312
0.896861390643186
0.886584545868111
0.559419326240074
0.553806791385983
0.917709901769198
1.41907086717418
1.45614377825013
1.12060949010874
0.932887360273458
0.76725714295513
0.889877086817404
0.686248383827844
0.627298381320037
0.665563676557558
0.40120203946341
0.542803041854788
0.839525876122656
0.492412007512448
0.487184215503006
0.432543715003467
0.86168494466466
1.20692615011753
1.06329142065789
1.1601302521682
1.00999246615931
1.34278747565707
0.923279842387142
0.847517971639335
0.713736005527932
0.872830818593812
1.10062788309996
0.815802908828357
1.21051026921932
1.32446442909973
1.25730168173927
0.644197022749107
0.875711929734605
0.99759321200949
1.11198011350784
0.924308945409833
