"V1"
0.841811592383551
1.13999517503254
0.908182156824002
0.694566414050251
0.446424332323678
1.09109524189342
0.887025828742585
0.743272838523453
0.542900821642825
0.621639423174763
0.654237116415072
0.628847454996462
0.915008099317078
1.02928979220171
0.916950330838942
1.45974892342075
1.72423902526771
1.91009987414628
1.72397324447695
1.81204436144537
2.0198891962638
2.75879380076102
2.09014911498645
2.15478119001571
2.01434726692686
1.75785633354906
1.75521321052275
1.67695273752074
1.97848750031888
1.40274976630302
1.28295523170834
1.31971188367407
1.31150207116151
1.04931590356149
1.4145284970919
1.33328012870597
1.10307627968811
1.45333696189214
1.19205427305168
1.5945062033403
1.33321081976946
1.43876972937641
1.31083818092448
1.30834441614037
1.85028743607319
1.67193027389803
1.23289572859152
0.850900761056345
1.32286557105206
1.09633139090773
1.04069405891809
1.04134122126408
1.23210664955045
1.72332849628747
1.70423458543877
1.48111455184617
1.33565490144986
1.70907110548327
1.27887936675858
1.51597697736105
1.40292937910845
1.4685025785271
2.22878466904242
1.86716186215893
1.64857776919932
1.45171353166231
1.44731930870897
2.10066687108075
1.65826046986344
1.7944027398165
2.27526169636984
1.39006455423413
1.76238584373104
1.61066537509884
1.3452281743444
1.13411790260823
1.81885613356579
2.53984287206347
1.45412034096136
1.57042421446895
1.20501496285501
1.10477722345133
0.911782011811004
1.27622112812058
1.09582687659393
1.46335494156577
1.12433290151707
1.19283413784451
0.993144577784129
0.82765125831297
1.04473460464825
0.954875534482082
0.997189935739466
0.7468153371524
0.654398930537247
0.761040742537453
0.693785288017279
0.429717284090161
0.62961011553779
1.03622565110427
0.747199480161841
0.69455128045243
1.12824361994743
1.40889888192991
1.05229813096925
1.02375029764285
1.04182279525345
1.28852126837665
0.992724139008053
0.618297998992117
0.823361249847075
0.784635318000131
0.915997441883133
1.25737602967399
1.62060475944054
1.25635595890279
1.25544239058883
1.55634809837392
1.06462350571804
1.07031795441729
0.85763721573299
0.774788581328273
0.624839695875816
0.748520921718858
1.16988795685929
0.961040350155289
0.801252167656932
1.34204437982671
1.28609593079348
2.52722718362933
2.12810648236241
1.75953963789184
1.37469667560514
1.97423454246438
1.46424277577298
0.796988601360048
1.08608366401046
0.750596746364655
0.690723426565414
1.11490106274684
1.12812926016345
0.980571980054186
1.06669196843929
1.36724948364606
1.71952319975596
1.75849581590672
1.79903493255063
2.04681096828902
1.33576510150101
1.21831267983919
1.23319748719691
1.39170479963984
1.58077177870389
1.07305971631689
0.902846561286615
1.20312477510677
1.71667950688772
1.23864782866891
1.41187879389531
1.61285725987478
1.95511236089326
2.36468971866924
1.13081934798418
1.34623639072256
1.79684010403981
1.43485311492254
1.60094137789129
1.25056482089597
0.978618947128562
1.20087576463789
0.957429739428711
0.878740434549602
0.779354385124404
0.980152538107879
1.26847969937033
1.47288146411288
1.10809008876754
0.776006943398097
1.19679888271073
1.11855942703926
2.28901746642545
1.48493015558549
1.40532158722199
1.26310746271031
1.65354460926557
1.33314233566093
1.34448448742147
1.09117112460948
1.19136540616957
1.65364601569642
1.59591574035054
2.0957282386016
2.02194270138868
1.46142048209674
1.38213801531884
1.05342150778405
1.03624108669343
0.885339167694531
0.973626746785254
1.67024685812167
1.95582701708059
1.90950920061986
1.09305821195917
1.42296276886292
1.82562832196376
1.42125510640767
1.31303002992775
1.65116809063646
1.41215957743251
1.47189151738598
1.14809415024679
1.3784382234918
1.60916818659921
1.34062210113796
1.34139632140771
1.70070840308713
1.44901515894289
1.90106497909268
1.33553307333433
0.949414007864801
0.837293381832947
0.741290565355271
1.20349749583691
1.48500519789998
1.41120058868567
1.51740284054675
1.26591989938043
0.919146032831275
1.13088282331466
1.18839477143156
1.1966134968346
0.728858820855886
0.955151070507133
1.03088226108719
0.871608673977767
1.08558299995015
1.08180339115261
0.862769352668747
0.932055910013641
0.92482878674067
0.908674778642471
1.41124900467437
1.62618988951806
1.10140927918308
1.33229172018394
1.34550719717487
1.38489537843005
1.40515361017902
2.20991165867134
1.90150513872329
1.83111320830176
2.42466980784378
1.96017551998068
1.29769553315196
1.12631589337746
2.10815684558173
1.47149918945431
0.97069027626616
1.56354394383122
1.52219346602819
1.8602242700438
1.39219616095546
1.47219486354579
1.91283033153377
1.45253033441336
1.39523771527995
1.62434007994157
1.75146968147327
1.63495209745714
0.730882358344851
1.9673581293766
1.5373853058015
1.0999005709358
1.24471270830834
1.11232495991821
1.17365765497133
1.45410008689175
1.74195359068279
2.75475483602072
3.07388130864153
1.82546501393464
1.81482968220615
2.10955499085353
1.64500373832106
1.54568242425401
1.46138320974871
1.31980462278814
1.26633785157762
1.21165950132452
0.873453525140415
1.38216864743221
1.68617454727215
1.90478130450979
2.41948726936605
1.74936326080898
1.628161375623
1.49133134628654
1.37080973823337
1.3735272933698
1.40389613943383
1.69020704823572
1.3611910603391
0.83034116081998
1.0596214528459
0.876628009184948
1.07781494684215
1.13225015075536
0.786510175223967
0.662667981153651
1.15774022586922
1.03399359764764
1.01936121793923
0.808292479617821
0.628047090584349
0.491649791449257
0.691018539039912
0.724419648916042
0.590379423784194
0.762408518155549
0.681582150263848
0.881308843700907
1.02240226566083
1.51233910348737
1.96748445927776
2.1879436076897
1.65382891634567
1.57496306206037
1.60571716257443
1.59892391364597
1.71940646147255
2.58159092638092
1.26067370381813
1.52238558668662
1.09103180395925
1.61080895735298
1.76075534621528
1.40524700200207
1.83907556206117
1.82447509950798
1.49014986335989
1.70989323278018
1.85239263496663
2.14893083842869
1.62241754200645
1.72117390230614
1.80937934154583
1.66505620786647
1.70052532386961
1.13787346425182
1.32944112124878
1.69973458517375
1.28537181211755
1.03412106383792
0.902276933424014
0.861604810914918
1.14693573195244
0.883453247871739
0.822484014232664
0.93899231446654
1.16702665180998
0.929531751616089
0.651528990720305
0.913091175654904
0.764744529184763
0.946611893798755
0.801119543849264
0.985191896383193
1.04577441554838
1.18998452088764
0.985339665837183
0.903101571878559
1.06826299954036
1.3012631600161
1.24871924724824
0.851410004349648
0.683760400025683
0.6503223881512
1.28300350337768
1.50761011706879
1.35164951484054
1.35911735865819
1.16265737742944
1.10104914905822
1.46091139433295
1.829662399564
1.36313019804441
1.54897092002396
1.36583134704332
1.08312419801005
1.68532954655938
1.3536073053212
1.22975094383413
1.93448380237952
2.43230165407928
2.06473581456085
1.2462159153614
1.15660424637214
1.06324441992919
1.15639611243866
1.29917257782221
1.43775246624206
1.42214309043997
2.07005843693109
1.07410309367241
1.34825821019798
1.18912475296213
1.51670097155895
0.807058175587708
1.06239152352699
1.57011180760024
1.60042509864653
1.64594103885148
1.45918012376601
1.54195136997423
1.05349592419414
1.12661873550105
0.980452296563949
0.884157516301272
1.0197031889863
1.66599129738217
0.767213256037121
0.71359815504532
0.837280990182731
1.11873580667723
0.836346548038528
0.776627372194915
0.846735651401696
0.934804539744037
0.822666992310018
1.19942501746267
0.999604807306311
0.964278134099321
1.33100401227839
1.4191034134738
0.99807764263586
1.092691120191
1.16341531987909
0.99765621713285
0.910161082287399
1.52272361877718
1.03562251585779
1.14526471412539
1.24660774290418
1.84331924461554
1.14148349809503
1.07289758509366
1.39129945201202
1.53805243936235
1.45676481365224
0.992920904402471
0.980777197065809
1.20172717243496
2.04728918223225
1.24852865251354
1.52301809081041
1.51331872165931
0.883803946554338
0.949593274236696
0.822791769520851
1.03721135607917
1.16056516650369
1.34708941047084
1.00643422774574
1.46206948150329
1.01058754696103
1.42300969376002
1.22204036924079
1.39722296974881
2.04007226829332
1.64960815075291
1.51546945423134
1.85110833520633
1.6919697547153
1.42430922381546
1.91952361545506
2.33974049664335
1.8413491820947
1.57394701551261
1.67599233684308
1.51656850189447
1.50220763448702
1.00010026405563
1.02035883621778
0.994599349257435
1.04540291220495
1.36325588082843
1.06562907470612
1.06464731993992
1.09823649470448
1.32018016965917
1.17836626002153
0.876337811383781
0.843865948646784
0.864635443946669
1.09693199910761
1.36924088327346
1.33697587145044
1.60115012109115
2.02750548858177
1.90839245997584
1.71028788163657
1.77341125797196
1.57165912131502
1.31501999450432
1.01211675881387
0.965422786910583
0.984240417012122
1.12151560055809
1.60759118835385
1.55701621666816
1.25130698202879
1.26603637228493
1.02169251835424
0.962032943561771
0.780696445092978
0.858225010769169
1.30793846304835
1.22541607237873
1.54469334376187
1.1836336062465
0.969766079789611
0.946480826167057
0.894165251024059
0.811172693893869
1.24597949962701
0.986625099330807
0.829974262873352
0.555558163665567
0.639713736475629
0.566410764103646
0.795341987949553
1.15816012045838
0.885799406329399
0.906554371462286
0.999996752810469
1.02447980229785
0.899344513886489
0.651387667276483
0.547050221965308
0.55929777936239
0.606890143022516
0.702427257299825
1.04315415411182
0.994134698366793
0.80432372987632
1.12426974264635
0.891536581707348
0.841601098317051
1.24006931486251
1.33361488266833
1.22826144786924
1.51392738516611
1.35912412500573
1.86321938799238
1.27193651638763
1.18037771352824
1.09312413564068
1.27241097383636
1.02083347133303
1.04361195997292
0.929426123564386
1.01614812005561
0.807787980372571
0.769130214214548
0.894699065006543
0.958316653968453
1.06795420113134
0.828131830834118
0.912554785739511
0.630724061192009
0.559776080762019
0.600105762478326
1.15036009337421
1.135881270467
1.44494901862153
1.11813230344926
1.13478472117118
1.0445217649859
1.14640334700358
1.18860588062939
0.696957898420535
0.864611584647697
1.10485566449105
1.7252977381731
0.762423020823461
0.647318410736837
1.31984437960106
1.2397530762232
1.15783515985217
1.30157984512304
1.46784895807491
1.60067422491015
1.1903154033319
1.3384479194607
1.14353770840641
0.842168032371512
0.892795849479744
1.42574871822865
1.41051266465321
1.59681058227041
1.69633312793514
1.30043616893259
1.95191168138471
1.73156993720393
1.92896753166292
2.30419314471194
1.20081902056617
1.18347581924223
1.05613212290957
1.11707437315124
1.63694840524751
2.79936964830018
1.18442560493074
1.16574415003819
0.917784447882308
1.49099693434526
0.915742695577351
1.14188567850015
1.28459635338765
1.59967417059314
2.48155962709703
2.77884323322936
2.76416984202964
1.71483041965066
1.14665137382231
0.999738408314565
1.32672579678075
1.30110596170618
1.93773248385379
1.47937237893622
1.29750454889944
0.830608189036165
1.3831449829231
1.13803230011771
1.71977352442815
1.3363293229854
1.10413216119669
1.90648657639478
1.49224940769967
1.39439224449845
1.72648344588684
1.05774388288681
1.31166396093451
1.39893881406689
1.28779618246105
0.952452087274204
1.36842704782176
1.25108676394986
1.56308740122271
1.46579556984384
1.41109803693635
2.21519340567156
1.46358318215103
1.2468610288439
1.63314063205141
1.63979176207453
2.4263220231978
1.48862225138193
1.76812382089561
1.97254143100536
1.34352208118456
1.44603717425426
1.43564882616237
2.11948146013771
1.42450878794872
2.54658434767091
2.6457409375945
1.66564093537282
1.45605920498407
1.43021651124308
2.19005366156861
1.99644144850679
1.23487184156294
1.64922203343702
1.58040159571908
2.33559499256705
2.38705833761165
2.6943709707319
2.11481841993382
1.69802515010689
1.70058065226565
1.46690128471326
1.14425878584886
1.94557182716166
1.76042329793559
1.81442742866292
1.19949806557111
0.795469087181641
0.663427985148733
1.00007163203372
1.5061859448514
1.29879769774937
0.941446690510951
0.944995655046585
1.56615906715595
1.41503666871683
2.04658238582442
2.40441133127844
2.00831876414173
1.67054647665596
1.70163887868098
1.9777784042454
1.90182840949036
2.18919148161406
2.18444370606181
1.83063019496138
2.01656126638413
2.14179555813087
2.43602397341333
1.75872806277282
2.08782212896845
2.3840969695663
1.38216324285385
2.34949458009917
1.627578427872
1.78260823824015
1.63378691200152
1.56120588460167
1.13189603366687
0.954486482354547
0.834859052557366
1.07188115546597
0.723487896303339
1.2494840130573
0.95661776314043
1.20100498923207
0.906328184618064
1.02625819666767
1.18582392853407
0.919535519140584
1.11695997032848
1.37376912571122
1.29988851332853
1.07294009240901
1.33483895126913
1.53801654909599
1.73459088781303
1.38272191163651
1.08247460342004
1.42385321513692
1.60960650701725
1.40233939941849
2.26830902537015
1.89783431374786
1.76909859832731
1.02998445889444
0.903106666487611
1.19808680698606
1.52286584311369
1.88884530861259
1.44610923086534
1.21589461410177
1.79144241164119
1.51422033672593
0.998859855179995
1.31854681887484
1.80758642798902
2.50057050079052
2.0154004217047
1.71360747462527
1.40326019573031
1.20696556107363
1.05615431938075
1.52288104292344
1.41329585121924
0.926056313088136
1.51935318910461
1.26903927162756
1.0453749991099
1.87156566832845
1.72847640761273
1.60617960373101
1.49010625783666
1.06620939352707
1.02080580474411
1.27164306842252
1.8800719470956
2.3410721836072
1.33683331975733
0.987137805093054
0.834277928391468
1.13185573924834
1.24615949853322
1.00895893554127
1.30768556297371
0.796533882363901
0.626064157840852
1.21096501573739
1.17021070720015
1.54987240975947
1.6320952826542
1.22935621408119
2.2522316500865
2.19104353446728
1.5020702129104
1.879808204751
1.22177376775104
1.47447172906082
1.29375831959719
1.60583354242791
1.62619499930393
1.58905497638638
1.30695082179285
1.74100892280075
1.31316907661478
1.33643773969313
1.34063447064106
1.81102581589532
1.64335549553957
1.5109428800615
1.83949088738409
1.37353151042272
1.66070453614601
0.965936765366162
1.04305111464511
0.816403120630272
1.24682243515381
0.724366429061369
1.19395329207058
1.10155738930086
1.26207832274978
1.11635368528015
0.86575863468212
1.00507282865876
0.737827728430952
1.05831809774873
0.891865578831571
0.775261316512655
1.15136833866529
1.02474032285779
0.979483174192423
1.56920836718842
1.23113371151943
1.04466459175886
1.15536877954961
0.914268487563453
1.09697945160753
1.30023186369053
0.717373741060628
1.13129480000838
1.46307171220729
1.92823890055993
1.77696489127255
1.19359369721726
1.37410224076947
1.05320851818358
1.40387449921914
1.3304884554367
1.18080033013572
0.8545884319991
1.47097237292503
1.63733686481703
1.5648374145517
1.24186175367859
1.06867497271784
1.13102902785264
1.11321428459514
0.998890962668333
0.947211456253184
0.822937480127157
0.722776629847372
1.16103448078701
1.67268985029771
1.47796340403212
1.53866123494708
1.79433692060735
1.1763067942667
1.49249660532411
1.32761707402131
1.37131087972763
0.849288625784184
1.09940317500061
1.12507213185712
1.19068642265387
1.64393072853037
0.971239443193473
1.09950652352933
1.02993964695632
0.768330676936133
0.829155385314188
0.642138801413288
0.598179332634446
0.789231986822038
0.95987095555821
1.03343200092906
1.30747071826693
1.36373275553018
1.17332593274339
0.843055015424725
1.09020980936439
1.08147200326998
1.20781342092612
1.31760177698834
1.19356190752416
1.79290914810989
2.3685713023459
1.81055542379848
1.19660899374438
0.984491598323802
1.64193009908452
1.73285781916824
1.45555562351765
0.870759712831337
1.07021067341283
0.672154048374409
0.976113871364665
0.801778117123356
0.646276788917622
1.05738948551604
0.500427705246111
0.784923937114202
0.787230135151934
0.852321681283688
1.06560040401263
0.826739952083299
0.775591820670461
1.36861679786731
1.4393535655164
0.963812006338382
0.816738456965929
0.570916290286911
0.61530606661592
0.68659186068954
1.15522120432245
1.13405033898474
1.01284467865545
1.03920101262201
0.963988705908003
1.33606060052633
0.933497376342448
0.928508012635951
0.806111575344613
1.1216245802103
1.49657477344907
1.00017538889541
1.09967574193441
1.40971595581118
1.62707298738846
1.97439012252336
1.75003667745893
1.16179530533704
0.870706506744184
0.815022592993263
1.19321534728888
1.20833343742872
1.51569685511466
1.84460281946738
1.79825474636833
1.62740449593485
1.36374352207554
1.0784573763991
1.37337027694898
1.90105131477681
1.79065317650442
1.82403087975313
1.92169884253233
2.24381208645843
2.46957685317959
1.79636248534746
1.59340085292695
1.54165217402032
1.00003976994264
0.850882796054457
0.900620781597682
1.06761014605225
0.937542951932605
0.818148443098104
0.811388635449705
0.837325360377748
0.856617053307488
0.755458627166225
1.0036932430809
0.785676149123273
1.5005682295191
1.91899612357897
1.13243628067846
0.832432309943382
0.773780922775125
0.836367285848976
1.45165147892668
1.1409049815164
1.19729401459083
0.943721531136715
0.984172432361339
0.892440882376893
1.23642704856124
1.45803038045612
1.12106641583002
0.934677654080175
0.786285551940747
0.977870771140507
1.05065058902281
1.08627497171712
0.921993129524273
1.07316631020016
1.60786068996654
1.10889032970225
1.65587853956076
1.26821794508613
1.00646130880208
1.21230006577078
1.53637172724937
1.63296016318467
1.47123686019524
1.16268490200535
0.94908027484471
0.656725007220302
0.827557282215538
0.85416667644609
0.700637846289195
0.566314187400221
0.462450416116404
0.772765818883333
1.47081080600305
2.17947658121965
0.850483359376786
1.05300724403627
1.32568283575568
1.58993693376584
1.68420989013754
1.95588256643292
1.52181847019722
1.23836152262562
1.34881030736673
1.17633162464877
1.01271322385807
1.08143612409916
1.20500600236412
1.59483890671478
1.26029025932128
1.8701577283964
1.16371855277373
1.32346230797585
1.19739659139851
1.38385012852085
2.05049633045289
2.21792043335526
2.21060732487443
1.78017584562953
1.72872355295983
1.69208779760831
1.23887568565975
0.918080546489592
1.26573402801024
0.992820209383658
0.627575564989345
1.15292236704296
1.20424938103941
0.901103637538649
0.813383340306941
0.81196514124075
1.25415726766274
1.08519149874812
1.15257919969921
1.13754199571467
1.26121928569652
0.934149729803783
0.874705065615447
1.01958756480742
0.926508380519984
0.87740163444614
0.726390655962577
1.0050204444027
0.976667981391273
1.06837033710711
1.00281203616175
0.884490933412969
0.752135665989324
0.796043313139216
1.58196538569777
1.9237498517797
1.55508030485943
0.959209508223009
1.05975233683405
1.58963839842686
1.93446594850638
2.08200758831362
1.47255811741739
1.19947018864252
1.51195260084537
1.18365775168214
1.21974586583025
1.54911135863613
1.87220047402926
1.49159960194217
1.09730974293748
1.20921520968968
1.36924440154392
2.08145884377129
1.55926620282583
1.3658289528503
0.95804758351757
1.26436690204961
2.23883775862302
1.95944846424004
1.33230064961196
1.11890464216744
1.77274092018689
0.921368849630033
1.68578643629382
1.47766693307073
1.40330429524128
1.68207453177766
1.70222355637379
1.44980731560183
1.40501762077943
1.06989223233279
1.41173758960116
1.58335166552625
1.03462251107119
1.41005987992539
1.59206500747525
1.45549695531044
1.99021937969055
1.86922044132011
1.55593470901337
1.61971764558191
1.59332943179526
1.73105584142069
1.60274960921889
2.11057925457872
1.9310508260627
2.21293655101004
1.56271908300323
1.7638485429098
1.36086545153701
1.19004149299423
1.15770753426092
1.23069351848418
1.14822185059255
1.35610798026348
1.58500659657767
1.23984625422084
1.00759160861006
0.655791657709876
0.939417160175048
0.823581900973409
0.677777130237551
1.07022980027247
0.835231166117792
1.58462681972774
1.42642810405077
1.78960220274578
1.20957732528125
0.882518821449697
0.942699383386879
1.05565366040038
0.864293057830398
1.24513885362557
1.35717218031471
1.12944077768787
1.53753607383652
1.57104755397996
0.979789095009021
1.07584663884009
1.08038728896686
1.6608013178061
0.996497029193332
0.87590308644273
1.06081596823229
0.856870745570154
1.04936502576743
0.897852863842425
1.62740378973549
1.56036987636604
1.09963220406874
1.32203530758937
1.58046152516097
1.56970937280054
1.34175980180906
1.85244583668631
1.85673448898985
1.59506165988961
1.55983641578549
1.39699104125764
1.63689481508781
1.80357477732791
1.46593822070579
1.39123693537739
1.80840496157452
1.70279912078368
1.24394274621472
1.42872981365095
1.30753976321388
1.47048292928658
1.56023885594989
1.80437547447024
1.40380151621268
1.37341169121972
1.67808359349423
2.31130848312535
1.54059053730009
0.941430889708078
1.05486554349054
1.43557310235301
1.16646901236558
1.39838935545122
1.208713648281
1.67819071093014
1.72255618985919
1.6617234907669
1.59309382388105
2.47272802998187
1.36301060183107
1.99313038849102
1.09176193641306
1.3962083320146
1.50089828789143
1.28867693534425
1.11166478528956
1.54337272067788
1.51155728248351
1.30275894508943
1.67734393277966
1.76910894382281
1.75570273593888
2.3736598922694
1.86014797216383
2.76239495505379
2.27166146330431
1.88522861272917
1.61087303650139
1.49095931025627
2.03417674641437
1.52158664956777
1.07675931607211
0.933485565553098
0.63219139128273
0.685079000324436
0.988588414375565
0.990879240590724
0.805140379912078
0.762702922026238
0.950007165034885
1.04639393453921
1.21536487464877
1.11792394370472
1.38381832256784
1.36518922303042
1.4251891581408
1.38512245245966
1.27060885551633
1.71867528870099
1.43467906936532
1.36387937271416
1.16251024833913
1.92022072644855
1.47124162680414
1.41964869463017
1.1688518003285
1.28310735596838
2.19692064889462
1.89580838139119
1.84784610382042
1.30477446759547
1.23501920520869
1.10802067480559
0.879217010608829
1.31613250244636
0.720529595076948
1.41806886990563
2.08004778282455
1.76553323454728
2.10803423337569
1.50330128117134
1.50034507618512
1.74326164447354
1.50182521606116
1.50742317333923
1.37886391212751
1.12558370867581
1.49662581163223
1.67502444331743
1.50609982126165
1.54091289125171
1.31600439184218
1.19156998259662
1.68937873871805
2.20025837791241
2.60283518482757
1.79139430457382
2.28258679182889
1.65592030913451
2.31585970345639
1.8039561020354
1.67046637910695
1.71338393582388
1.62398581414488
0.905026354746059
1.13139307112763
0.69212742952452
1.47117400134689
1.43291617713581
1.39085195518135
2.10551969479621
2.11293099368401
1.51225969658372
1.0807070952008
1.53991463669564
1.7169141754006
1.321338734567
0.860508804270538
0.81491105147242
0.601614452191515
0.675052330251483
0.835595940117929
1.34123148021202
1.20744100269334
1.19739296623594
1.47104964050242
1.2868143686936
1.70503364448909
1.09101744873317
0.828495835531478
1.40565671574034
1.62719756213509
1.42269017958966
2.31781235688193
2.21688268676394
2.6609983552815
2.77077972902115
2.42804292444405
2.01208088099336
1.74560103924277
1.1473057356463
1.26130239332384
1.29868856925122
0.955256886576557
1.64741340408477
2.25392879897361
2.39127130026554
2.21366775932979
2.18058576371363
1.26933987436941
1.50429769243518
1.15900483297686
1.57379581070546
1.6828012961299
1.82717193475545
2.33857119655268
1.57403275484504
1.20845584580982
1.05795218494415
1.70833412838964
2.54463907570344
1.87621152813829
1.84117844561599
1.06761272470647
1.35725480395047
1.64560247000723
1.88198117789828
1.15497733770418
1.31823191475935
1.55691330399549
0.86789119083693
0.772894531916463
0.955609210299862
0.999781423787531
0.96325476187435
1.24935252456592
1.09591841240542
0.983807374376432
0.950428928692854
0.712185209808911
0.982495691067612
1.22611561762046
1.12723238111051
0.902075019127389
1.01787421323183
1.19482105229677
1.16039069619606
1.35938258010056
1.46647057433098
1.5463249913732
1.60559835913432
2.22481201473946
1.60249253838355
1.51212959309195
1.73769457165179
1.60870580393132
1.9139297970176
1.87707624738697
1.14143449555337
1.10332068004045
0.952515939584016
1.47679425306723
1.24644254548026
1.43199175037333
0.969187956087765
1.30450074355208
1.22063937184083
1.34751518095956
1.17755706739319
1.29541956730761
1.91635213352004
2.0163968659841
1.37205378914847
1.41065556979134
1.17850277700646
1.63300435926143
2.02533118100795
2.24031747126374
1.65449329807774
1.75174594878694
2.62250403680155
2.99349837804742
2.81599809122454
2.76531499726851
1.98454973318998
1.71931620125549
2.09220137673221
1.46357123909269
1.22143912448236
1.33682821746653
1.13877076141107
1.25245806397721
1.82945667565804
1.38286982808396
1.89037567006523
1.91455095627345
1.39466220818947
1.20990077587347
1.56092056783773
1.37140234977551
1.10341947754158
1.32169918044836
1.00657217215453
1.04230004751708
1.28572147976335
0.728325998297182
1.56442473532458
1.2029217396983
0.891785051130717
0.850110044251275
0.864490851236955
0.958663948890148
1.29331099248432
1.30930480485696
1.10884107587507
0.977456065847489
1.71096737627841
1.04244727850853
1.33453225206531
1.40847021375999
1.14998351589838
0.926039841857054
1.24185222372187
0.851114654506835
1.18977064616287
1.86596626985834
1.62104435106582
1.68483627354083
0.989462862964086
1.14854862121362
1.47284163527058
1.76364987016933
1.38005648586284
1.00631131901772
1.18787210595175
1.11073594924837
0.935909692393742
0.94955927576372
1.03746698256786
1.45058902890547
0.963987438743141
1.08225766878165
1.27823649893627
0.701732989083934
1.21096298608566
1.37257889837838
1.62855427945011
1.35900188972291
1.3129202020699
1.53361576795449
1.6834791251415
0.89089163671616
0.914094233757669
0.947603388467974
1.3795807491251
0.799699935730721
1.42423464887963
1.46024240216326
1.24816702856298
1.34746776620528
1.21090797832983
1.28599048097819
1.58918035132267
1.7780131291416
1.61197135598315
1.40527432661205
1.4555299392185
1.5520967214951
2.03263808477748
1.1044195921645
1.14276936147719
1.5482976234167
1.23320842076755
1.11853038176151
1.17329951513696
1.18221379353281
0.902732878212981
1.21574478783749
1.46085474110405
1.37801136344758
1.3858887129247
1.61891481981983
1.61993728452227
1.56313407291554
1.25361876095673
1.64110755600448
1.07987826751328
1.2111269116644
0.722547495058853
0.913610650040284
1.42474241635501
1.34936341037391
1.61815835038271
1.31702474627499
1.31096640241653
1.30037194923839
1.13090105060266
2.34845434442658
1.45368902556562
1.35093107899433
0.958756132637851
0.952885124412026
1.35254395930388
1.29398209634357
1.33660875037391
1.22696283367287
1.57433737328234
1.53648334030356
1.49011704761902
1.55512991662262
1.64566092355579
0.880623772796168
1.12433055525141
1.21895069447776
0.655759665293888
0.85964631050921
1.11450245572509
1.00140937548884
1.03909240206902
0.709054369797434
1.12679156162365
1.29958204319964
1.04593560984985
0.960242939056789
1.15835480998156
0.957635177800434
1.02424185035844
1.23000635891259
1.25196339676963
1.03693070311596
1.57546510516982
1.32721672723189
1.6541925833499
1.79821186040578
1.16935335331647
1.45983708324288
0.869112378097409
1.01041265394796
0.939684338564529
0.667480566457978
0.662359212708807
1.05647856613765
1.12299285733276
0.705681289942893
1.67631970166643
2.17434388987691
1.3067978638614
1.39048217656661
1.73127859678515
2.26288096674076
1.22046463691455
1.35589331530119
1.41982577120769
1.19738707529372
1.43314967813918
1.53626863801311
1.26937781021949
1.43374404277251
1.57474475148103
1.75871351284786
1.55177296349027
1.63825567932254
1.60830218401594
1.68197048470348
1.55198236214571
1.42692931886786
1.28982440576214
0.919649300720745
1.20269439711248
0.997093978790388
1.50641584947727
1.39646197572229
1.06515737845273
1.02862681739673
0.877603313047795
1.31458394911294
0.979543600088818
1.01988483453992
1.0909803719947
1.01653081286605
1.30361529101313
1.10376846542973
1.02866402806615
1.04747654901031
0.571817614689675
0.683891543998075
0.718992472660625
1.08219504673924
1.29253428767726
1.0552795508048
1.11633538758205
1.20969489798844
1.0756380065457
0.993652824028567
1.07690336316014
1.13785768163064
1.43726388905315
1.64250362483335
1.56969276003458
1.26850718777928
1.33180633302375
1.07552569301559
0.667552675792736
0.973318715645455
0.705248188792996
0.719813528960621
1.01249535995318
0.608634211732053
0.923882835592217
1.2448916346053
1.45993045805547
0.994854238720897
1.5483059219991
1.237164497471
0.875601751873527
0.891252528427581
0.916302023401515
0.839460616951533
1.41661302182745
1.75620108799717
1.08993051090481
1.63876739922131
1.44481531543176
1.93277846811773
1.79220995108721
1.24758207302881
0.883366021147255
1.22706144652292
0.939593250212307
1.06312688268257
0.735532134084643
1.06348796455142
1.08000332447791
1.52613315659734
1.35037258096422
0.97337961909509
1.33071035741762
1.0077510982276
0.933814910695042
1.2888613851855
1.32488346267496
1.31155422817609
1.18482771121821
1.33028194683175
1.3160123671804
1.0503914611044
0.918784798796212
0.914974590654559
0.731543450910892
1.07688146397558
1.56878423250773
1.3011369956239
1.63181194642684
1.94894149937755
1.60123359135495
1.79428127844388
1.62708009444467
0.993373931646026
1.41146431870601
1.51698043102326
1.2754375881088
1.2779082465517
1.11769716195693
1.50100482399745
1.21415850662953
1.17765620839269
0.987095553075456
1.43295136819422
1.19732779049054
1.0936637570086
1.47684359523925
1.50130401193504
0.896841391829159
1.28717494790745
1.22584133863799
1.04288841914532
1.09342305412373
1.27716629240559
1.86041989702954
1.70188996654458
2.03460474176559
2.29052313518891
2.42356377131599
1.91301797029276
1.96031286316563
1.42005401571382
1.58429205623913
1.85655813163815
2.3475364492045
1.20526138217009
1.06027616567567
1.25695544324575
1.63659286910343
1.2233271814825
2.73224575658586
1.92379388710134
1.70396712292019
1.35721549896565
1.0240497968591
1.0922793040063
1.09033505574964
0.744620939844884
1.32279685891626
1.32196277317414
1.09299833431831
0.948229562070436
0.827593982849548
1.07045516240909
0.64208629695853
1.05623872061005
1.83847653140156
1.53179535157711
1.35060916997887
1.09118848843442
1.67901357794221
0.972552353004714
1.05120739241623
1.24199286205417
1.32418732631485
1.23919243548333
0.749799043793398
0.709701723810167
0.926121166806319
1.44638130607841
1.73357040714557
1.10521476468039
0.678652775952559
0.645752351661829
0.972443108939334
1.073232937651
1.42307332304312
0.903484612861617
1.08036697010367
1.12215590925586
0.990793315080721
0.813796008080328
0.68311122064839
0.753528568448406
0.516812777834227
0.69572388044064
0.836200551084085
0.91982452042258
0.596251302094296
0.567377440814191
0.623321274519212
0.904062519861674
1.06003584756135
1.73677694808849
1.05505013568528
1.21039364556108
0.897741550061936
1.18858096062311
1.40170547224313
1.09765601845717
1.08563838029609
0.788197819223766
0.717980379381299
0.618420966523206
0.887562548184897
1.09940491838212
1.44359480330943
1.17867176084852
0.854976898936317
0.737832831395941
0.725981938320953
1.3227943703019
1.00713024800626
1.45001248154538
1.57894021535523
0.993397202688746
1.15566320718766
0.946339880967794
0.982510638465555
1.00995523343482
1.257409308279
1.92269952461698
1.52993862878655
1.01305074846999
1.37747546869792
1.10765265530817
1.17432907126015
1.06106807287465
1.33291681305302
1.28313874247563
1.12610313267589
1.16093918736621
0.929042871484031
1.4643309160307
1.18590188831172
1.75678813173063
1.5155257173253
1.23779414008806
1.31587475745507
1.97596511134179
1.46730948586742
1.00895018871046
1.34502499750333
1.27456255226324
0.958446645230965
0.881411083926761
0.930102736166304
1.30057622593532
1.55295113131466
1.40651747769762
1.44130488145753
1.4328846972273
1.54147742866038
1.42955373937829
1.20024525722423
1.36509750323467
1.98864535568466
1.71378544393349
1.22326578475175
1.20318790651538
1.10162935578783
1.56239645507526
1.08500409641918
0.634683188582581
0.699308841471099
1.48435929055566
2.03113281363852
1.33090028102654
1.24984768391938
1.37886925600559
1.22977629495424
1.2848333424147
1.64523957685562
1.39941296595403
1.95090800817058
1.65165077071562
1.92103314776948
1.44554062517698
2.05161177015766
1.54844554764923
1.3832282402411
1.54481722282902
2.14665136327725
1.59858644684553
1.67976445564626
1.15770892659671
1.47616839598512
1.38659167121779
1.33870052480416
1.67184164577634
1.35710779177766
1.16876822053806
0.932505373860444
1.308016511051
1.76463770917151
1.61525264583484
1.21956068572837
1.93079424982456
2.37467274867898
1.36290622447739
1.56909589816259
1.85445067866661
1.30292439993567
1.37094028057275
1.60103525474586
2.05217716754464
1.91677655666185
1.75593877202009
1.53562340252952
1.38326698951834
0.874147218201307
1.33137036745293
1.5732978160374
2.22463039578599
1.55159574431452
1.29583773679363
1.12755319037181
1.95956572416902
1.89147630107784
1.56750196541427
1.63152363603727
1.71922648610595
1.50345259763684
1.33156339457718
1.1542282592676
1.67751031028099
1.62971560058523
1.66337243001083
1.14760592709534
1.10800642198693
0.946213745623856
1.91084676038851
1.70582164969836
2.39134463322332
1.98863348174782
1.82295302738215
1.00218411303335
1.02369410031593
1.04685968848521
1.32754538551138
1.28572541834485
1.45370607676311
1.4200708276229
1.27655586275633
1.26887215719646
1.51260018359457
1.40430877726492
0.734743305075837
0.740403066620062
1.07167628224972
1.52370848483976
1.64242952228458
1.70851152208472
1.33063417319819
1.48382916713895
1.11103406521502
1.59975530381173
1.77736090426927
1.73796544402675
1.2306092739422
0.988284579870902
0.588395420150665
0.728898096220313
0.544674869749453
0.767734310500621
0.60986945955105
1.13165097115755
0.905643051344036
0.838083444520367
1.05251646612928
1.47900041867438
0.818386181092347
1.01707916083257
1.41094807676592
2.70031297273088
1.47779513515037
1.30439826386981
1.42044614279374
1.61322136948863
1.79160509798549
1.28300180808931
1.63700912068631
1.55556374671067
1.30590615141264
1.10324519052524
0.933315147215271
1.58139684533727
1.69843887174607
1.33446917535118
1.3720447221626
1.07706503869663
1.1487063635876
1.17920882060394
0.757272460830346
0.870609609254756
0.651814962942992
0.918454172291652
0.78297589178233
0.752320382693909
0.74057118304316
0.734101608873673
0.741662522529538
1.00687685960913
1.3337210023251
0.758358334564367
1.10074262625594
1.37914030410941
2.13498177185193
1.76404097593855
1.5745716664967
0.929802114480223
1.12979556197055
0.97109393294739
0.926976861263689
1.0324171481257
1.03706870279732
0.810197692957723
1.29022747675127
1.96674004060916
1.218296382633
1.17951059080811
1.09207599999667
0.739863623583745
0.789016495066915
0.817375812796482
0.852866289683559
1.18782051242113
1.59539804088331
1.4064835679575
1.44777504497592
1.55595926012176
1.94082565968225
1.67415067381542
1.65988948020799
1.75098324705415
2.17133677226181
1.61519578736206
1.51684747967373
1.19067834818646
1.17455685052304
1.46083545029024
1.73516411379646
1.56076274492017
1.61139104019992
1.41097910906769
1.18062502735391
0.96312660922994
1.21894741904618
1.07090603815816
0.848643241047118
1.127233847138
1.09919365318611
1.19618424468621
1.18252774715533
1.15275172785357
1.38924167928806
1.43071107901827
0.983892812514368
1.04253978688975
1.05336869219851
0.933611419412802
1.02734728904527
0.940111676466471
1.12711685815267
1.53876922742118
1.20000047632563
1.01845917529413
1.0080589322198
0.73897542698815
0.866533885487531
1.45933864635484
1.37272552910748
1.13025316458691
0.967400635419493
0.871183119535784
0.951801976264065
1.28572493777394
1.40401066294077
1.28981440128213
1.35223629737684
1.38281687201827
1.36977008354481
1.6798539716094
2.16669855215388
1.81789455960159
1.75113797387151
1.88379747381905
1.62843931297437
2.09658341156997
1.34822059601947
1.6779817679074
2.13611442354962
1.36425994375508
1.76672323746124
2.03369294607082
1.77144296930014
1.67814298912603
1.48277514868452
2.37779175327755
2.1588122219641
1.82671558674736
1.31030594135476
1.82971107272774
1.58256476135005
1.61402935609402
1.08247416969155
0.694792357387592
1.0124909343082
1.01175608553335
1.43211108916724
1.40456525254364
1.19532741181964
1.24363398322738
1.37792135705389
1.02019504893803
1.66096985837737
1.04954800850963
1.39234800140181
1.26338821722483
0.995840838252904
1.10696289316603
1.17334040286047
0.927745209977157
0.976878839544308
1.20542565805655
1.08596104515757
1.07289929657344
1.04190728453806
0.946078314932317
0.987294969532266
1.06570341386525
0.752078511356626
0.979526998006964
0.853462574650977
0.771438211783298
0.818612523002968
0.884329550993956
0.924014850366806
0.957507595121989
0.94441487068884
1.30515582285253
0.940779558735644
1.22946484964945
1.24514001969622
1.25105901216784
1.44913445254517
1.08642384354433
1.01608336716749
1.66229804587806
1.50440276076752
1.05002404594238
0.970280158390766
1.45382436245737
1.10586588646619
1.1273462717518
1.35170779145785
1.20427871344019
1.26283706199415
1.35714357636965
1.44077401614474
1.7585245342673
1.30962077935723
0.848246485691859
0.685727660403098
0.671814428275115
0.686182336914769
0.889396760394078
1.2007023537924
1.01736866272603
0.942940378375997
1.06155985741716
1.25412954755168
1.40878148002507
1.22528508769662
1.01751099525536
1.52071103564837
1.21106019951081
1.14528203718455
1.03235825198719
1.07416210248108
0.953483691040372
1.12620716307448
1.05492322561706
1.83649425481567
1.72515755020737
1.27866651947108
1.21370158019692
1.07851737290785
1.22263808937322
1.92225630440434
1.56689815789857
1.23621670388476
0.98175329875611
0.934993245145848
0.87608594810102
1.31879875040778
1.29409988063769
1.37086726928451
1.07891643991822
1.03940287080536
1.29306823059965
1.47925259814884
1.93094279121861
1.81644176021155
1.57051210156184
0.71654594546375
0.674575215276376
0.642547513354476
0.517696333446827
0.440359251520103
0.857970724268546
0.868045648011837
0.803236745005568
0.854165999234143
0.903087829621539
0.903266168311085
0.607735388458671
0.689070005073171
0.690551712782807
0.745321277953974
0.739190913951815
0.89099817152975
0.957811794019109
1.54691943460817
1.28746403485937
1.04495409772596
1.05176899452678
1.19382623647633
1.57006540597088
1.3957622083529
1.10167927750658
1.10037524429447
1.17979627456425
0.921476181865924
1.1524519750971
0.819280375379346
0.828065618908887
0.786619469958431
0.808373962778988
0.835967460621947
0.967932997578411
1.45721010540129
1.03376085853136
1.15342950556561
1.25387711276657
0.75633777121633
0.664487728370288
0.951525438263641
1.18648760362568
1.42782448970335
1.02844582255856
1.29786347019466
1.35821035889163
1.42390327545257
1.42269659998683
1.66953617894158
1.38194949841152
1.7385052024206
2.31639482509017
1.30514979751425
1.02442517368166
1.04318570254055
1.22049882341461
1.450747297871
1.3521152645053
1.67227085020779
1.62261289248318
2.11092557868832
2.13226497545864
1.57134869417989
2.25377668567609
1.7381810147953
1.50684105473106
1.7172748076226
1.78569084174937
2.19295749147937
1.78860859462381
1.22972612650886
1.08467181811083
1.17695703143053
1.25031841489599
1.03717454055215
1.9459891498599
1.28790250548833
1.40218436532667
1.73078649774731
1.48315108703655
1.06080455706209
0.517282515842788
0.839577465586382
1.78133159967388
1.39132817354382
1.80634284114627
1.15161860931264
1.23913509766612
0.94921183777004
1.21914629409406
1.51476346935259
1.51572729004898
1.38772101922193
1.2043319790319
1.22636218946636
1.40792612742538
1.37604253552554
2.24414858836912
1.30481777055169
1.37564101924634
1.21805699190085
1.45607587522313
1.16767569970268
1.06260447205163
1.02608804535003
1.05484838619247
1.01376775773835
0.948441019025516
1.28984374795281
1.55314092043736
1.45773332747937
1.32176936338073
2.43630093233488
1.8222862600305
1.15150209408788
1.51246658571252
1.20317723930641
1.66064478747672
1.335037985219
2.05169962286757
1.80441752833073
1.33371740036035
1.00411409857309
0.911442045504459
1.35961562184216
1.36433716744412
1.49765443133889
1.27487316804251
1.34538474522143
1.17152949186828
1.24988817446439
1.64601006505853
1.2492413935585
1.75194929044312
1.47700774322737
1.45077718174355
1.20144077024107
1.02982433270182
1.05334410261163
1.62074177745557
1.52536290908988
1.11538988030657
1.31978031017836
1.45714894737959
1.51431184523265
0.997186322499836
1.48065479933492
1.01967154230126
1.0471679244702
1.10421269221951
1.97719454046402
1.6082118753593
1.72324014849796
1.12449976851047
1.2099482018311
1.49755161762562
1.00224966671028
1.39552252341613
1.62919520779016
1.84448497060273
1.36176264876292
1.25841636986076
1.4602128064164
1.25894172044861
1.45419485285193
1.22793732587463
1.11541444075815
1.37558238138424
1.42321198069279
1.98771317705815
1.9471888576339
1.62637118180462
1.42043422704015
1.12401511577961
1.02542560143719
0.789312904298905
0.59506416876231
0.634386473685236
0.62686319526584
0.999356932405823
0.664225035569954
1.18185894207522
1.13835211911428
1.52345993518248
1.42159409756357
1.84163641339429
1.10618496735545
1.18531881590306
1.06070714654402
0.944934765771913
1.06646178822275
1.58792856992171
2.02538983278041
1.88294819656494
1.55789284661471
1.48411568484233
1.65484243498042
2.44000208061351
1.77093723387527
1.64630186987906
1.20581322652555
0.937515168184106
1.14292669579069
1.19459112090543
1.2027239990511
1.40396891781232
1.27948660399987
1.09549365265927
1.32474077815571
1.12634999101044
1.05395883808607
1.45717580079427
1.96464193672149
2.3079835879423
2.23572360008059
2.07415775838229
1.54501138951654
1.86915248650462
1.08142326131034
1.10665274309121
0.984195465305262
1.24043600183784
1.12578058646051
0.877606205609436
1.48767870867292
1.66545893210475
1.84846094918008
1.88258519882663
1.58823981719433
1.96065423233001
1.90785505051882
1.51506132284633
0.905131302324615
1.24581250755133
0.922740864883073
1.10444563311403
1.05942073585232
1.10381345989812
1.16503582328265
1.3338623197428
1.86918671041416
1.48870045079956
1.1903669691369
1.66376538718488
1.46515590617517
1.576746302055
2.09006390443147
1.37763952313998
1.10821124859209
2.26948159151535
1.44600096962406
1.21314760069687
1.67142008990794
0.963186008178576
1.77016876178182
2.02543702169067
2.34176991468192
1.63562035344012
1.12306060951608
1.71844756534653
1.2158897117201
1.51380506016788
1.41382778050104
1.88021116176509
1.85163940251685
1.58650375560186
1.74808759408721
2.4305376645891
2.03892625615231
1.31338554516453
1.32359245088454
2.02665069890825
1.63926832595084
1.7707940787547
1.82675049941066
1.33621784441908
1.59075987211855
1.54119531919838
2.18594085286092
1.69458266813385
1.78043072740478
1.21244409603416
1.23476672614054
0.834512755830801
0.891481539063992
0.961006086153963
0.941333296704797
1.32852128367675
0.968627599374222
0.721012088530728
0.89756444535799
0.952997680362687
0.703264724467311
0.831415891285055
0.99134200246944
1.31779350149956
2.11708099868115
1.91458619302862
2.06024049124773
1.30080885606339
1.32976700665124
1.40654847270542
1.7477703720413
1.0832163846226
0.995204647178858
0.665375292658103
0.956299867496174
0.697366510253063
0.691605981455156
0.891408607506269
1.08838145154252
1.31646497952208
1.0437301453645
1.40485492052134
1.58169905828936
1.62910822201206
1.80992864798666
1.27069715693446
0.987271449596262
0.959282869902334
1.35064662282894
1.4427478060638
1.11421108719757
1.62198015234141
1.80631517574644
2.36763315841269
2.2908710112448
1.98186818660531
1.40932954994139
1.50368712477517
1.06683462237645
1.34095057503713
1.29067019356688
1.6276626282019
1.6974088651891
1.59802136764319
1.65935816979512
2.16801818134989
1.52138644598751
1.61053127501092
1.85507383212384
1.6495923740184
1.6629954522172
1.88123817071458
1.64918109719508
2.00168889275551
2.06644573269214
1.27393135661383
1.13099568560724
1.1931681925655
1.22739144154371
1.11270905830867
1.31784325164889
1.65151043654194
1.79095920384534
2.11341307642422
1.66780853187253
1.39795028194053
1.56294085947902
1.30789380097641
1.60827250379908
1.64492068653446
1.31936830340324
1.50733084562562
1.04819842031093
1.07990528570348
0.840863469151819
1.20749499313358
1.40879705926157
1.38783583440697
1.6493161821676
1.36772113310825
1.37038784184533
1.55327003381993
1.04467549494177
1.25610930724246
1.02917102391096
0.701929963287134
0.506889770550175
0.839379608285473
0.920818953734527
1.27819999951913
1.00352335118619
1.79628819725914
1.29506931871291
1.4924484771676
1.02213141977481
1.16381328169004
1.34462074274843
1.2904047597701
1.43856337759259
2.07274793121748
1.16611482224645
0.835324522488169
1.02828463178977
0.778858671715716
0.953421056024072
1.1395268217845
1.05474740936999
1.15732620656367
0.919482962397146
0.827174979058313
0.799952169999449
0.972491097440968
1.25877806385558
1.21132558526942
1.20010880966011
1.03259781620136
1.17960588626704
0.895146201828091
0.777562438251213
0.719971165791875
1.27440128178501
1.2340107810263
1.30743308018066
0.812011964570624
1.72785870684028
1.04853337738786
1.01658234732339
1.25963429801945
1.19784878943677
2.08832668706559
1.10437160025828
1.37571946498067
1.206456704608
1.45565002433191
1.18397782808165
1.01683289655492
1.36729686371526
1.12778450303461
1.34146771005982
0.937106611157267
1.01041381824775
1.18000777671067
1.14506719441945
0.871577861962979
1.02871084454979
1.27621696314958
1.21088173345423
1.20526549433889
0.939608885061979
1.34614800031949
1.30513347133744
2.45635692789415
3.42735788291111
2.90102550231087
2.13839429400096
2.1019169486849
1.55103788886648
1.67895042230988
1.57808992626631
1.8816996033142
1.85408572134899
1.687383949229
1.49643362512592
1.02688807624893
0.575317942958455
0.914039108473932
0.7342262259922
0.829107886716557
0.764330971475725
0.833241023771881
1.05627882402863
0.901228576305918
0.908453914601466
1.14827113699219
1.26572504807258
0.850870914334232
1.19729541552631
0.807804364742104
0.973578085709284
1.10788205576777
1.31065348230551
1.34821066797347
0.944392170447268
1.68216702224854
1.08937174903654
0.467476863381378
0.473787393185734
0.465981643049967
0.613337307728947
0.64657082132868
0.879328188671422
0.836363180760706
1.25532732936542
0.922284936881769
1.24832631251253
1.18157982381455
0.862612815002382
1.06205202649586
1.48198732072683
1.59981723826459
1.45417341710243
1.47339796466064
0.989730534535267
0.70446559651271
1.16818592548631
1.35585671813471
1.13838131095744
1.54115940434398
1.4322199135242
1.28043659992723
1.16664242295377
1.04543606880907
1.03297963866277
1.00195673361771
0.995785766583139
1.03643408565443
1.1567866159706
1.00323035862636
0.888856793746456
1.25969631792526
1.41845083034746
1.51157342596286
1.88740153846956
1.70106770092008
1.33731902552262
1.66879563636496
1.0017906189996
0.644659677301796
0.587719427253141
1.03090237174309
0.81872589677282
1.45438370737257
1.51566365407994
1.57348651659196
1.4574187036288
1.77772336466462
1.99012381730311
1.89922630095338
1.89717897649746
1.70006963941567
2.15294377259085
2.55056613124079
1.66611620455801
1.6999585511041
1.14887655104675
1.40525197254845
1.04474277441808
0.897489531156284
1.46723203530767
1.39100696604454
1.25406458393135
1.46533212491053
2.43161660789014
2.56789817964052
1.44689478326166
2.542401705072
2.44600799984346
2.03423882549602
1.79456199212171
1.54746626769403
1.38295770584085
1.28308438995343
1.03260930600643
1.60942070749175
1.73861094292633
1.22739204036489
1.73174917299658
1.18481315272263
1.63411040813451
2.12861375534956
1.78184894055068
2.19774561674581
1.9947529929854
1.58181625849618
1.46592369965294
1.80950323627911
1.83685865481325
1.90749400169584
1.56479829960224
1.61109233135069
1.47889711763252
0.906211482851025
1.16590367488182
1.47784405563538
1.03286215944005
1.14379447882423
1.2303688708941
1.63362959542787
1.02703526784633
0.830042655023905
0.881212818196529
1.47980721010278
1.53294468322699
1.49521526543968
1.56593213240085
1.57500280407001
1.27833662532765
1.55168173175023
1.40639673501184
1.66180441165483
1.71876596173277
1.89822933149658
1.33975902942541
2.02688164438065
1.22193509366049
1.60619385583365
1.41688162358532
1.32003819592865
1.42022907102313
1.19856247457949
1.30643032798297
1.1651868615186
0.764478782627957
1.02531065294754
1.01676573945384
1.21027907987829
0.9030347196774
0.774526972597921
0.800504455597214
1.17776177283921
1.65818725563306
1.10226031221672
1.18642803668049
1.15891420059387
0.907088906738342
0.974214473370455
1.03800983452634
0.921458210989409
0.954185996054272
1.09094381676793
1.23995808337624
2.34175945458044
1.7152152357703
1.56087147861795
1.6470523129478
1.77719260534862
1.37455669783568
1.25230671352635
0.820219805681285
0.662584571246356
0.724424534389918
0.494726496936414
0.678209460999984
0.546214284643314
0.767676557577083
1.26271628636706
0.795547096874331
0.644928517973167
0.939931812062739
1.50639056069448
1.15822983924562
0.935970486483708
1.47262692581763
1.19325398055733
0.704378994463546
0.987582450893235
1.1199895734509
1.24112978920502
1.42506938105535
1.60446719727546
1.62490634748548
1.2122069812876
1.16011901452973
0.997334192050546
0.910801230450871
1.34864560817991
0.791709505982761
0.79870828129173
0.970138318630824
0.918021782273916
0.695963608392808
1.28201043789849
1.15565068262812
0.720069011842561
1.24018995892261
1.477706324097
1.03076793052531
1.07335993494073
1.24577039048213
0.988166495292943
1.59124137721445
1.01106862916431
1.93821993223921
1.97518077301508
1.91678625182156
1.89460218403211
2.5106399685449
2.27410943981184
2.11518153171327
1.9103722039405
2.2532140644151
2.58219321898117
2.90250856326172
2.38549546762677
1.40013935873875
2.0008569051071
2.00761001772978
1.51512079824546
1.83918165987586
1.29998776768792
1.16203175603273
1.62696584439821
1.05911022717379
1.16938708801413
1.01050857400392
0.992266669769922
0.942117701874051
0.803225064025939
0.600039598231411
0.937210220724857
0.950565324226458
1.31231397753122
1.63913661293292
1.6661567415179
1.97111870514184
1.76649072766852
1.70887577858376
1.78133077717675
1.19785566924013
2.18944348006712
2.37996766254326
2.10860565663135
2.30356483909198
1.87800969272212
2.27428940600858
1.24978302466612
1.89869991886719
1.73528765746353
1.40920317139723
1.20925757637797
0.793904278324691
0.659695882257613
1.0879452649483
1.1197429511954
1.1862771854649
1.00228666328528
1.0953633590876
1.52373476375185
1.2677837065121
1.2419686035328
1.24823026542234
1.4375861177853
1.0208269977339
1.16563171069348
1.30743243412932
2.05225754098722
1.86769209695021
1.48561177374601
1.54602289278136
1.09141487477016
1.18029036569413
1.10329863019956
2.12055717145705
1.38732592996283
1.16455985991216
1.52417359395134
1.69984080787145
1.95864539400878
1.41660379135445
1.62400738558473
1.16648194083968
1.43998530747128
1.43217723305317
1.70807298979198
0.860526785691551
0.897054284417267
1.20245747626339
1.36034484937972
1.56406465915453
1.21433611245956
2.03413529771745
1.67199207138771
1.63461853546329
1.48832500393106
2.15529417234955
2.08861853923935
1.61526428106083
2.27523220884544
1.87830960142246
1.90249556145186
1.82328056235781
2.13432808733415
1.63860350296372
1.66796771402101
1.70912506433619
2.46455325784412
2.12697785144392
1.53854970535436
1.47792502382859
1.91793739163738
1.61893202962529
1.34177578953432
1.15407398910092
1.42711813708592
1.31564203169687
1.61226502514597
1.47962594867332
1.60275596708614
1.68977057282966
2.07066551124269
1.73326313352833
1.42531887778892
1.58420085501758
1.23980249375774
1.27748469551747
1.32819771043991
1.3211334689665
1.20856299487135
1.55934851570191
1.07956306676957
1.00637302816011
0.934131158321079
1.5004553321958
1.25311499121027
2.01007375716467
1.61719387218594
1.56615942436142
1.1960862968269
1.33552429837426
1.31740016599074
1.59451580665673
1.42446637145879
1.47434218391305
0.734461924972961
0.741040804076766
1.50964409221359
1.23320399385208
1.06550216590112
1.19682862730155
1.14062052435091
1.14666950273183
1.10992830298933
0.735803473143721
1.36604222538151
1.68380459315728
1.54903625138665
1.49617191768622
1.52924474883019
1.01361918660303
0.913445871279938
1.15603441678014
0.924544454900921
1.01709457042665
0.880521502914365
0.842963025429005
1.35157015471549
0.948969076904142
0.699571342634791
0.86261339108989
0.861682209314704
1.38202030451994
1.34482572236648
1.11528284079827
1.12163044892538
1.91078988893819
1.65590819081483
1.14980071742236
1.08912539071709
0.65196614603446
0.735501497813315
0.911664431694246
1.18701538651021
1.41768436375024
1.19957555170674
1.18205166276411
0.975675522182366
1.0101663148106
0.969374850037921
0.653655728069866
0.852683238984473
0.533023785107348
0.891116418025503
1.08635626522088
1.20341301679622
1.15927802113347
1.96070905406668
1.52603293401226
1.93330877442466
2.11099856260359
2.34365746373148
1.34511156397073
1.40436921694268
1.35805777378225
1.35118121312975
1.1284561972413
1.20601798032863
1.64903551163607
1.27504926842852
1.31195082613122
1.34500420044923
0.994349323726169
1.93756993144818
1.66129276090973
1.87041581259908
1.1484477155296
0.961322036711771
1.59751761400121
2.26497263862609
1.28573473349497
2.28312231118462
1.97655644844936
1.80007329851132
1.044227317981
1.11605698025209
1.46282872733942
1.66065344133325
1.44050596602493
1.0940673275975
0.70283998249083
1.0927605696686
1.28117822738321
1.21072223200244
1.53049663332983
1.12156829138576
1.52586947826511
1.26947379651455
1.12480785926217
1.48682551993668
1.17489861676713
1.37458028725618
1.38440487555692
2.48636635785746
2.31186254528652
1.93316694932632
2.28619561594445
1.37738349059666
1.36895131224177
1.30302283725468
1.72698102413916
1.48235116098077
1.94030184292207
1.75491760474674
1.91079318345962
2.30794528793259
1.77485984143062
2.134178831522
1.84003663698659
2.3603652142924
2.40593840503359
1.80948743916852
1.75192480926365
1.8546755414771
2.02687960037518
1.81066496714251
2.10744814531905
1.31085329345598
1.35757784801417
1.78206950178566
1.96943120708405
1.49560796915316
1.43058272682553
1.09665750315309
1.27209950403376
1.23212377589173
1.07448678838602
0.970279902889763
1.81004539458996
1.29765848290391
1.63290324455979
1.47603914241486
1.35764168831381
1.37596612448234
1.28709928787895
1.1883635350174
1.08206643642016
1.30283409962565
1.48384671549025
1.44150311126767
1.72289385751939
1.31079687868967
1.45798759590592
1.12295574119168
1.12705042949424
0.978106419572812
0.92387764212941
0.88864848787414
0.908540747624651
0.778514423717905
0.940613403082248
1.03443068580175
1.34857004427808
1.34007322837791
1.16426506162784
0.997283171566921
0.869514149414079
0.989711440514397
1.23652877754696
1.27787302110196
1.37781495080624
1.09233140072352
1.37466580345548
1.6297852503727
1.04780020814225
1.19234924241926
0.83807961087633
0.894687812290638
1.01292133857293
0.83185108065294
1.0175813224435
0.99615847889827
1.49638120509911
1.96692896810967
1.71056199463027
1.17737007737477
1.45589026462247
1.05302611433204
1.00894805174102
0.963938699974925
1.00587066512254
1.30939993104091
0.838968841029563
0.958212842145247
1.3000320150885
0.822314060353745
0.694416662100591
1.41526095211533
1.40807861350856
1.35487569457649
1.31755334993482
1.42478138704552
2.15307129441149
1.56557748962236
1.45026068580267
1.57406515353261
1.37425591091766
1.04353105696301
1.06661726321608
1.05509873838739
1.62939887100867
1.3845935973093
1.17169392557325
1.07175413625058
1.15753327755178
1.15502111649429
1.12292635355968
1.4797838675187
1.1985060220984
0.871349312864413
0.994329368240026
1.80665694338352
1.78473311712015
1.31211050768771
1.62186976723657
1.50452935319523
1.5197037761594
1.60724996212661
1.2585942497356
1.44087041493987
1.45554012826718
1.46761402830252
2.07777253995449
2.08553915107523
1.04881687786772
0.717994188445342
0.773862784306068
1.23900473855399
1.35316790573298
1.48085783907931
1.24769534947698
1.1853212702991
1.33864077343964
0.795322326145373
0.969037025736229
1.44225646608432
1.40188070575018
1.49514337082659
1.0218186627077
0.784834831894763
0.823595673284133
1.16352036594995
1.29374245276383
0.946633639422585
1.68668594784087
1.58424421284644
1.58276385858378
1.23351280562305
1.35461916201412
1.59081907702879
1.18827500827248
1.08245916595777
1.0342888389521
1.05192966190609
1.65029218936005
1.34113850341525
1.50744749250219
1.13865122424924
1.37414965325477
1.63539691818894
1.48573263718026
1.84247236866675
1.45450409420062
0.970591408812146
1.70398552059888
1.7199156845227
1.6727352069489
1.45130642987932
1.87109216024874
1.5254281659479
1.16529996857766
1.19684109009141
1.29108465211491
1.07370596672387
1.05046773252277
0.917335372497434
0.901623974599411
0.970006445725105
1.13519272221159
1.58535202273103
1.62100841672761
1.56023223326547
1.23364027012058
0.946210845285858
1.19892669869098
0.94890069839555
1.15742837953147
1.14726411418217
0.853614394661591
1.25884350737964
1.51301142598737
1.66784001795091
0.863918442019912
1.19262889047189
0.872740409308175
1.12980604674904
1.05850937632645
1.77566985375154
1.14358520306518
0.985686847906014
1.88905960627613
1.30032006383575
1.4694600604686
0.956603637793069
1.33883578242458
1.1215889074669
1.36841218673568
1.44278090247319
2.06334715789181
1.59149718740992
1.11544452126274
1.11629480526658
1.37351873910013
2.31702322315538
2.47739117138232
1.51816499654619
1.47512957964397
1.29225223027318
2.0063757883209
1.63157302943914
0.992232734769557
1.0746843133402
1.45090515142572
1.36774494991633
2.11143927572019
1.67785677044387
1.45023977677554
2.0888582767576
1.25546183468211
1.7970317113104
2.32806782594047
1.44577313043719
0.921193385031347
1.6378860693257
2.1591469738496
1.70660589714992
1.43413843817045
1.56866375287722
1.44294132327147
1.19894983709837
1.06781298775476
1.47613850593787
2.0502084638872
1.32959628623444
1.68804457664115
1.86921612040994
1.67948467664675
1.41489372117139
2.09388073217737
1.9437715893405
1.72783651487954
1.94135039513178
1.20541670825385
0.979128057290453
0.970767184724087
0.884789984333991
1.19650170560604
1.60425622065712
1.7727049750075
1.82692548024357
1.62079858076612
1.23482233079551
0.623858843118503
0.950415092303222
1.08580094292876
1.26917223207373
1.56060980633719
1.55118321174361
2.76085541293242
1.91203118197789
1.19511032547359
1.73912395730571
1.99119233719172
2.29840066234032
1.29838794366532
1.39194898347272
1.59266010274932
1.08756321074924
1.10298922474833
1.48052595622144
2.08948378792429
1.90585374742167
1.83279086375021
1.67194882561738
1.72700900073413
1.4404403145517
1.57317627858911
1.7955083364843
1.121442735325
1.02832185918501
1.55383831509657
1.58574682746334
1.63800160491173
1.75288352581524
2.35407558011103
2.05028791760599
1.55600128898108
1.62005912113144
1.30817766925589
1.43844556522075
0.968927801552796
1.45577785559065
1.21589567960676
1.51926456742563
2.15189383201726
1.56398074553644
1.91240985899986
1.63222769957077
1.54312881777683
1.58898790655268
1.56073715510482
1.13624079633463
1.27019267026338
1.39408016283124
1.59823090859609
1.07795284317542
1.06068532585105
1.29173430545147
1.37577853275924
1.44016892022102
1.03320762752155
1.01497481616885
1.28717869437538
1.01021671442133
1.02459788432263
0.925567823163381
0.978177459106939
0.893260491193298
0.920993971962681
1.14464493959975
1.10080843432578
1.44503259743012
1.22873398293378
1.31337751510232
0.913186812384725
1.10116284565229
1.46285240419297
1.58207901632323
1.21255171885676
1.20191064768553
1.15284249566894
1.01956112431035
1.16874382936445
1.10711877722723
1.01139752717421
0.549833506021806
0.488604350196204
0.693987120033281
0.780683817335057
0.908915001914591
0.798263592369772
0.921165412112595
0.98915998270239
1.06955826685515
1.50437188752216
1.10005505470732
1.68087246720406
1.49743203810792
1.21495678358219
1.21192957190867
1.3243947622612
1.80611221883746
1.80895998646811
1.35811306406724
1.40069892957536
1.23323587235848
1.34933995315214
1.07461875047536
0.715388126731441
1.46678143588948
1.31933134659837
2.43638190529034
1.862938589284
1.46760189824725
1.29915999154294
1.35482373001398
1.22623215364907
1.18075403645565
0.864217795755029
1.02162861141386
1.28022628627223
0.816204934812651
0.807049313235899
0.963641030292251
0.767994822461544
1.03318119846613
1.05130543565828
0.906265122901938
0.747426980708462
0.97572374598299
1.33435841452133
0.951525238268791
1.04427040405051
1.219387580454
1.56834223115511
1.27359048064266
1.17500498728651
0.755711758146471
0.745975307690858
0.69958850730437
0.854954382923579
1.60419828481941
1.80415020214855
1.62021827463589
1.63942186767725
0.848210332784203
0.905559083861618
1.03710181470199
1.45936439196199
1.71681022684506
1.66611392456733
1.24975618516787
1.59687548857023
1.49536244335458
0.993269904859567
0.910392759386506
1.05214978894972
1.32256965890646
1.48399253305517
1.45968021277473
1.14163908127497
1.27570191458842
1.52016523890189
1.24799583218619
1.43203946077479
1.38609805035213
1.02284731158941
1.37986438147658
1.45431314342531
1.66885494767801
1.22108366580096
2.16361433366901
1.45276674002154
0.994794582760174
1.32664563840385
1.21493015135863
1.32857029229054
1.91981442990595
1.23587429738829
1.39227120542231
0.601953702289612
0.80502519085463
1.0987076082224
1.77390303322579
1.497184227349
1.0116735621639
0.996073495312577
1.10428081680927
1.20724333394381
1.62676623309096
1.63257785203207
1.25072505169524
1.07407486031616
1.55073673571673
1.56185199505878
1.01550022390145
1.06596854074292
1.60112969767536
1.01942775167789
1.18018069154623
1.3675385761203
1.23876927863148
0.976359263793514
1.38369157059452
1.76191714343257
1.25744353215329
1.3988756757513
1.30958702928144
1.47004612639862
1.41729771547274
0.944314288733144
0.803894981664542
0.532215712834688
0.402840893165874
0.337890942686948
0.484357300384294
0.665318525110625
0.865956756650435
0.779704207961574
1.0575355775899
0.863536233412742
1.09736614874822
1.02952519337248
1.83263016910952
1.75255729661513
0.953558810187202
1.12211328121645
1.33259412318926
1.21685046728368
1.1549575497784
0.853335271870187
0.822858796855628
1.06497316143766
0.930047049785668
0.752833821271018
1.37298976416499
1.27424552526314
1.15188265300495
1.21332515163618
1.26869662551583
1.06246036825435
1.33075753586431
1.14108057514111
1.3979992509782
1.16294211579093
1.16714625740279
1.46020291899358
1.02616125042678
1.22524176348298
1.16709149489462
0.78945228877957
1.05829752786445
0.9408668667122
1.14370988950405
1.07786666932421
0.885409025951241
0.891570045821958
0.878972265268754
0.647406545731147
0.775193972449388
0.792383476530405
1.21074912338436
1.48895321157169
1.31067982045722
1.38680416147704
1.41154076475823
1.11327638185841
1.27569348903938
1.54263389910785
1.36003490685084
1.41459815094894
1.03369838858682
1.07232293297204
0.885200586285684
1.10910895482519
1.01651953948595
0.976153026754919
0.990377755832077
1.24043972106038
1.56874470668335
1.24369348712499
1.11572568051629
1.61498374232028
1.5988761456095
1.15430327562908
1.53834090490967
1.94555339995082
1.48022565127132
1.80136803870388
0.840929845380261
1.73680673873336
1.50463992783314
1.99010886315053
1.48094894666341
1.60548919949893
2.13810709401471
1.52678341265033
1.67380493949824
1.41446866121247
0.823922706347555
0.831263819446889
2.09616832720547
1.66202893237551
2.23033510846555
2.09643026616562
1.3943565395566
1.06806028715216
1.43258012762923
1.42690815898705
0.925128176672434
1.08066605344982
1.9116764197316
1.10384060962369
0.842097734053352
1.14958790795665
1.08242160649166
1.24172415726295
1.04653568907281
1.25512079282464
1.0629956754739
1.10636674828009
1.33054792661488
1.2234322119248
0.833453548911431
0.884449384449838
1.71761496141942
1.41012407843693
1.3347846245882
1.60191162211536
1.42263369596377
1.19445396054493
1.4287897546748
1.19991677115177
1.54230350350226
1.14862674213246
1.08125700471939
0.922929260820288
0.979863872263888
1.04799796123494
1.61048989155041
1.73093937855073
1.74590031568644
2.13141890437128
1.66208444811684
1.95686398905532
1.58631845275641
1.84344662842585
1.6385477961051
1.52386988649472
1.21222528740452
1.66216987849068
1.60296692982107
1.57800840048957
1.12846730410006
1.72990506163354
1.86429826069226
1.57222077166697
1.62336091957363
2.19582900044068
1.48730388513667
1.25287524068589
1.13954320375714
1.46391373310319
1.84139098694584
1.15697913430382
1.03427736758574
1.24103263097492
1.26490197765056
1.53041465315226
1.62168518685704
1.26219770203108
0.872314786245299
0.854985926577486
1.33025444054436
0.971727485539049
1.40746569148365
1.25731381074772
0.870978221045508
1.18174864011939
1.05739890730245
1.25600575720407
1.02473036270182
1.23224871032611
2.053050264094
2.05256583201439
1.37073333982037
1.77883886586153
1.08341478236342
0.638739463473159
0.901860232202734
0.729422927465646
1.29178695622917
1.68757277623686
1.49399626140321
1.58093317461014
2.01833174572723
1.67071317974308
1.82334481620303
1.07175380852384
0.850570016861477
1.37494240184029
1.17027638493565
1.66191097691447
1.81913738250323
1.62555665772963
2.03430091974481
1.40807131201779
1.00886460300097
1.69917200733914
1.39713686477929
2.28334134777362
1.75979597157111
2.24990201333123
1.38864466963305
1.58999482445622
1.61417450792577
1.10722903842874
1.84614544922341
1.89038522455407
1.85004655132158
1.71957359435177
1.17431439976824
1.58587657953579
1.62354376076789
2.61383619178927
2.03421325517455
1.43668434825226
0.921978766388198
0.537177903082971
0.57680328976693
1.02783480379515
1.34250666311782
1.52992455182362
1.29439421674652
1.34291932648196
1.34864429870713
1.96896406104018
1.85039616917929
1.67987567686569
1.90266043621983
1.5324165867076
1.28377093907554
0.723597720758697
0.953362374210491
1.09775872965692
0.85627164268673
1.11262177575796
1.31088662863613
1.75440449854625
2.04526577596631
1.14928576790668
1.3268495235878
0.915919296013534
1.1865481970552
1.23665905161545
1.30335842663118
1.79479931856726
1.27026397362768
1.48341361801077
1.61383242447357
1.18808184671401
1.12378420415719
1.0223875388537
1.08611498790649
0.780838303403044
0.573109980183053
0.509769543328096
0.708425811088733
0.815329068416616
1.13655525404189
0.767080581353093
0.918778614705585
1.06601822493826
1.44484128287966
2.05763445381659
1.36127991949976
1.09432498370881
1.1419540918337
1.65374171435103
1.23561125846413
0.682149836152415
1.42106516840545
1.14205745489223
1.15932643019249
1.89120160585659
1.27346086646188
1.08801680337745
1.09900153700408
1.21707459634464
0.94705308083899
1.20330950611348
1.06507325577961
1.72630055532322
1.1816540400505
1.23219827087447
1.03767360124395
1.00061120705949
0.750702689470229
0.769531368993609
1.13384937493052
1.19343327197227
1.40005117270475
1.37878074047524
1.18872648986767
0.914099366923684
1.06644926204078
1.02981992991672
1.267876428751
1.28492328525417
0.922018268950215
0.819240989789441
0.825388390419054
0.911494140068222
0.664386714805556
1.04634324340305
0.967126844935223
1.61459622560736
1.23201697221857
1.7076861201401
1.4162191002039
1.4332013607376
1.48106147441892
1.3587041100149
1.48641072458065
1.05968039755026
0.755514586287308
0.74385008092132
1.0404056008129
0.820526039774362
0.849322528197142
0.836191698667461
0.911980085436965
0.803734713291154
0.714059743422092
0.918069594190177
1.3386837151803
1.15536913539159
1.22501780151788
0.915778283032814
1.26883167438325
1.81706381381937
1.31216936419617
1.07305177877198
1.14377554107814
1.30728785020606
1.24011426051042
0.870160561072727
1.11126173551522
1.08480214604869
1.2135715296818
1.81143445854551
1.60660398779167
1.97573571802296
1.90016179534184
2.60004464566457
2.09174998674628
1.54465554840915
1.93663404483753
1.39899769002899
1.39807718348148
1.61714955650868
1.58405467378463
1.72058899344781
1.15096385857499
0.791632135386594
1.62232455403801
1.04168875910305
1.34147143146468
1.15281765904615
1.08435851406473
0.614377979614207
0.59758339546676
0.680805549895229
1.26672238575443
1.20318415171965
1.16126361427305
1.20452346166604
1.75352805519513
1.56364803726313
1.25827083558504
1.65215795199805
1.79145212950802
0.887587705642401
1.03903906868305
1.29966781866556
1.0670944308585
1.02368625727406
1.35501802746501
1.20254135731123
0.894270316684699
1.58193215118859
1.21643334267107
1.11625621522285
1.35731455054768
1.74559002033802
1.86311150586898
1.66728654183218
1.28105541880853
1.28210320839728
1.60624084362667
1.29432311493076
1.47329494675397
1.40313173448551
1.45741008434902
1.83245198800946
1.56437314685224
1.69660563074221
1.18540674912273
1.92594186220824
2.14464905694009
1.83424087239001
1.75474687042787
1.7278069650574
2.00037614750442
1.60401193315972
2.10926117135919
1.58502157286588
1.43636816098736
1.50957188460955
1.73593524072807
1.6023879430294
1.49425616501981
1.62306328330404
2.11708565222715
1.92994082320448
2.09080368238393
2.00115567237198
1.01211388699138
1.2983596341486
1.55778257077321
1.33050189040638
1.14404960306466
0.908073870906423
1.1406958583438
1.16197738531265
0.742312283080037
1.36097678747207
1.42329654141871
0.825120544745501
1.11442943239505
0.847309570019471
1.23099901242252
1.19660516759397
1.33853932355996
1.52641909407715
1.90671862849842
1.65731366600744
1.61104678193393
2.83413278012991
1.53111818169838
1.96202029179523
1.55830688780732
1.73769150148923
1.692430708579
1.45333797339885
1.53721985274787
1.57780596967578
1.23598048577761
1.77778002679313
1.68212296561527
1.34448606243867
1.25503765756305
1.37913547141508
0.96459492954127
1.01472314579015
0.921727642374957
0.720974948384706
0.997644374411903
0.864954964792896
0.884714308209439
0.744007026695592
0.654588928771319
1.03968744282693
0.807853244378731
0.77924293324912
0.895982497001549
1.55963019763262
1.46297086923035
1.72541237769695
1.97515242829462
1.25565193018709
2.22118904807912
2.28331100816705
1.70749138172124
2.0960820326608
1.85351112195289
1.69853379471315
1.56309132466855
1.90166376375771
1.5469088625326
1.77090024393743
2.375852895853
2.1956029369392
2.37856108825523
2.34580473496812
1.7547603730297
1.52013802614503
1.38387561852851
1.77131262193277
1.1232046945607
1.08239627827659
0.824803613912121
1.09030890289908
0.868940713450351
1.0481433308697
0.926906467918233
0.972869831937948
1.59927046983053
1.43427269678251
1.17074468988891
1.24973571626842
1.16174939525187
0.929969840874646
1.08255867119652
1.46901113158768
1.52839206225312
1.63707797335787
1.81878473815023
0.977822014598041
1.59707751378851
1.00599730978399
0.637955336203184
1.07269277355574
1.23695404828821
1.07220379349776
1.00995581990168
0.666758408857766
0.748813909513968
0.527567760729908
0.534677698164962
0.827775980873391
0.722497427032509
0.691305833118728
0.836126730243756
0.764571293728641
1.42720251296581
1.34006918821596
1.25204162515281
0.923379758649574
1.21800257103137
1.07144694073054
1.00278489264862
0.877125988200546
0.894155412101251
0.920796729208424
1.39527656857368
1.51914337565896
1.285915372635
1.43575873031008
1.38485657210563
1.4229233599831
1.368090133901
1.17915750318817
1.00161554244788
1.23080730998312
0.959845390915098
1.61954098038494
3.17278190333306
2.51107817685864
2.2537543576713
1.96635023595685
3.42054523930855
2.68053350544927
2.728307286385
1.49360529192006
1.59594559976898
2.07012153739094
2.5427830697975
2.25268300613172
1.47688117922687
1.81185305531565
1.4649937155856
1.36412388173005
1.5210626212214
1.60064136475619
1.4919612198553
1.07509175140121
1.36390300998432
1.05447985574986
1.53046216653872
1.30717642397045
1.11080565422941
0.817844913301146
0.824599468387577
0.977850782501692
0.778569826563263
0.971766169443452
1.01993507038181
1.19324322609326
1.12058178982739
1.0778332266263
0.917417208340753
1.16718614357391
1.31562539753961
1.55357460955748
1.65452417399664
1.28996172772994
1.50024256989293
1.70111237598449
1.85341400914518
1.41220212700568
1.9025679649959
1.61015814894163
1.22497214355737
1.18739859174272
0.875380181659282
1.01520827823318
1.09309928785375
1.00735918536631
1.127508293829
1.33810611722972
1.76276040200884
1.37692430177753
1.77875082323275
1.47532862011831
1.18848689791193
1.64491249806963
1.41444732340547
0.958327137860384
0.986267341977033
1.16525410626751
1.10333979779072
0.991829770706726
0.942052441398609
0.93308946388648
1.61345371716672
1.78723540493287
1.56885336589875
1.68500745348671
1.35859561364293
1.9041488513829
1.95569970171185
1.33542028415461
1.68131518847362
1.89575801191526
1.44762022323145
1.89093752467828
1.11642981726668
1.50917701566607
2.02454746881723
2.0273256521003
1.24688353060805
1.79332028549828
1.40766496676133
2.0594840194083
2.08966397010963
1.60719215965948
1.18831784504497
1.56650046954169
1.38927426718311
1.21420035325464
0.735173969637012
0.503901461305617
0.630151235110639
0.850145737081887
0.800379960139519
1.06873382644957
1.35257640743724
0.956025675835634
1.40957451032603
0.878187049079689
0.846296901163939
0.895570021268588
0.982318803847096
1.28870900550998
1.83199616652697
1.5363667876185
1.60263428022619
1.46296412167258
1.63319232020559
0.880884574554668
0.886816177787557
0.723770114515025
0.731825400870586
0.490483447050926
0.790445354519398
1.08043424443878
1.17475969054097
1.21324073294609
1.25642582585306
0.88433284926179
1.1964559038045
1.55638820574615
1.17249254193298
1.12272355143858
1.36320214875513
1.81488222960044
1.29909884231273
1.40768665289479
1.64738801424773
1.27711547409094
1.35266669836042
1.73165774103871
1.30967368916
1.2489534749667
1.24550664475336
1.78561922403234
1.88065242697128
1.44368624901167
2.20659255834129
1.47831467390899
1.4718006502922
1.62114956869484
1.32767276761242
0.859631237983375
0.838243432790995
0.561943783774947
0.514394238267978
0.61677994230848
0.940375951199925
0.883351225815
1.22605402976746
1.3902790052442
1.19256636123068
1.41145980542139
1.5475436818963
1.49835951458001
1.2369496560881
1.19089941938915
1.10975560110064
0.923055345761279
0.552043119035732
0.68037396517846
0.789613159778142
1.83635300728886
1.44768722188809
1.50965631900476
1.20599685640346
1.78905656088634
1.3794703348955
1.96021489473982
1.81843952991992
1.62979511611468
1.69208539452906
1.53844223152945
1.05688290095769
0.965869081264867
1.15034217921596
1.49339330369257
1.09779313694125
1.20944896108468
1.09412534121101
1.72348392701218
1.60444246657623
1.08833621522076
1.04418800127341
1.04699184301053
1.07147070250098
0.916260627419282
0.873739287022325
0.91406199786528
1.20356538905632
1.08034459873005
0.968271946968965
1.39270335541499
1.03820873394632
1.19067276476719
1.3466318224844
1.26813585675421
1.18006257162301
1.29746510118243
1.0752585148244
1.1999806257188
1.02909102007902
1.2286870093875
1.23434385425724
0.772783899397766
0.717544802346787
0.632799845952457
1.04332006522328
1.06730950774141
1.44659947245737
0.768520500615212
1.01663680768679
1.69650173307647
1.37310169143842
1.10802768733862
1.41256805837189
1.2581582020952
1.26963427377201
1.53167919278571
1.10456181165546
1.03314601161101
0.815804826673995
1.10833435549277
1.30985735988864
1.36540383095438
0.947988409652566
0.818468738921164
0.762462264180475
0.780070553675404
0.644969044295178
1.1157655939485
0.897142017069515
0.886962802722136
0.771996263054944
0.966087431904092
0.963478274065036
0.993934370452724
1.0353660207289
0.963996192006496
1.55298336166467
1.23227700726548
1.47106495174526
1.18109193657348
1.509378890944
1.33183803611378
1.44906488910375
1.21451000350485
1.32133841368041
1.28605310118596
1.83441118453652
1.32060691045752
1.85596213982409
1.30416170861055
1.23431154651215
1.22593852882328
1.39946373190992
0.902027368524871
1.11668555188701
0.906159777847174
0.82256680714633
1.27177338446214
1.19791934380078
2.14895811750381
1.16849603934916
1.24520163232177
1.3912765320317
1.14874557892041
2.07057770351929
1.94981888393794
1.30152327365642
1.45544735635216
1.32599009533881
1.04545033416968
0.913970879709467
0.816536588420412
0.80866875032267
0.781154050736745
0.740712767817863
0.805423660060457
0.981385948747569
1.28836129083356
1.01279931770167
1.18737710782004
0.904882441332445
1.19211534427893
1.25004837618467
1.47053463129913
1.12078250137114
1.29478670515677
2.07281090595223
1.77479174831908
1.65690471317041
1.72663776337179
1.56891446877292
1.48282140175326
1.45167011421211
1.54818053889414
1.31818323766037
0.941146174929626
1.18022405472325
1.32258763570661
1.66185093748152
1.28332653706872
0.810947649987668
1.87678645519632
1.76455799369451
1.39531678695491
2.08288995718112
2.51357188940433
2.41989596654968
1.68334512237168
1.20752728588391
1.00130926778023
1.0995888977792
1.29563279045815
1.48153928596979
2.26375278378351
1.2934087300846
1.39985134574169
1.4765786805304
1.26949490606094
1.11688377866742
0.839091502413376
0.813110718169458
1.22928661681539
1.16000761580288
1.24418112733193
1.56943814331119
1.96864517826886
1.1025633003971
0.681237419760304
0.840145208832083
0.814187152643954
0.922116940720694
0.827655161036095
1.15491590901455
1.53024954053516
1.39164851528351
1.18097947269269
0.889585522630716
1.07531415964571
1.2558326295432
0.725737954431162
1.01476970325965
1.09874907109864
1.6713606970216
1.50143892532888
0.900702076884772
1.03001777170272
1.01113578077464
1.59492669022106
1.55203232379395
1.85612785122394
1.7335818536904
2.2188661101025
1.63404222282778
2.06464154910177
1.73719543913262
2.06691172566288
1.24856028886622
1.8389378276491
2.36756508055535
1.90270420215961
1.46358450428085
2.10331775722586
2.12108019777307
2.19307310194169
2.34249447237678
1.48918087536373
2.05585194992582
1.92844349519931
2.1391116214556
1.85258085932002
2.49191865122353
2.42731187638173
2.17093345151259
2.7871936547716
2.82052656445015
2.31725012285807
2.02345727536769
2.48244198538588
2.8367816662431
2.209067693714
2.60867953709292
2.45092115814749
1.84260408392083
1.15441999155791
1.50761424792619
1.50383498292631
1.63052660123624
1.47362648928516
2.2553482025
1.70750502711444
1.50374588713333
1.24074307050676
1.53885408548007
0.696030696593723
0.656789703557164
0.71552645795032
0.864088675214906
0.908980545344421
1.46313465555897
1.71474343480501
2.01575178194321
1.7901447129726
1.67556471005066
1.63360599478703
1.2445162440961
0.629457660861438
1.31671308271716
1.24165660734675
1.47044841129707
1.14016300072564
1.37293239066574
2.18413718021194
1.36821979379581
0.971531734602674
1.55265928670471
1.94259438317727
1.75268755618746
1.14243510282355
0.790372147752467
1.1503177421434
1.62015452991544
1.56543465047978
1.33449189916521
1.15049125519789
0.741410799009478
1.12556301834107
1.06959116087475
1.34268018044697
1.23417066371853
0.809357408942611
0.82928821343808
0.939905217226309
0.787543797535921
0.911249695076069
1.06533997898537
1.87657898493401
0.843510702817224
1.06631359088101
0.919054027409466
0.656240793888402
0.602131205233412
1.0529620644748
1.1478237125943
0.836000557093419
0.834438420881815
1.06992737756734
0.677974585019802
0.768400393537516
0.880854260167804
1.15648088724577
1.2566492258669
1.74400116271285
1.23727743452328
1.23175304919172
1.16353838533376
1.48223719063922
1.47226443855373
1.39908080298539
0.981495140668846
1.35657492318078
0.920294486146132
1.29510716684766
1.38130807147744
1.41390486049478
1.03231106275947
1.22219349251342
1.0886854751866
0.808673590399539
0.905016733734828
1.27437712044133
1.20003439285924
1.33269560480496
0.891191561439422
1.42670714832312
1.15898660678294
1.41391379071998
1.04028574782775
1.07608692178151
1.13000891901241
0.966051930629699
1.20780207401196
1.1151829339919
1.36548068135668
1.28432367620647
1.22607477316988
1.71754884136874
1.84571306770499
2.34303121581703
2.08044911525457
1.65693010684558
1.759191960223
1.2602110260641
1.09734111250989
1.68783037959792
1.32872585099303
1.13516398279904
1.42756632359048
1.48080077012573
1.34864628892634
1.45074494085812
1.47669626383715
1.3178526101863
0.93879285267382
1.03310979441404
1.04679050736341
1.31979256304796
0.894283999993047
0.654695975225976
1.20490392382653
1.10195221596393
0.979183396738214
0.77664308042098
1.02077872277078
0.872325593713246
1.008606002604
1.02218419192356
1.0491582123457
1.34920132300437
1.11353227233271
1.07095429551531
0.766818422614276
1.13893681723801
1.07836271907603
1.10622922924253
1.42167981474057
1.48994026653874
1.14950730046525
1.37561729409881
1.47894436069411
2.30502473854056
1.68537596494742
1.3167345180682
1.08394960314681
0.893832401652686
0.895139118557621
1.13380896531577
1.38652088763253
1.42151296272419
1.17142595686761
0.90114949447061
1.08242561094702
1.41107730368897
1.72594835930087
1.63921063330845
1.93792094729217
1.33525754746133
1.99799871867295
2.22749502288471
1.89461051016908
1.21422953792255
2.24944516299863
1.4899685028867
0.871312400231578
0.911382808053249
1.18426815986883
1.16901966083981
0.930496160481852
0.455713034929646
0.461025918889612
0.456960174562694
0.652521014413265
0.88301654992723
0.747817223285348
0.69439993081612
0.755669038957236
0.629199987662109
0.604708405217852
0.613015721495708
0.691565217579328
0.724445719260447
0.421919119550461
0.519831336567
0.714630212678052
0.752051910257306
1.25464471788706
1.56802016663368
1.37173893631544
1.07562798538002
1.19039165553866
0.919179331259759
1.20427459827984
1.31794384525763
1.395735355448
1.75621774833674
1.70597695052168
1.77740214815596
1.94426440305464
1.64736365374766
1.56111808942706
1.35671396276028
1.51420444647658
2.14105273270195
1.3862822300947
0.934721634569854
1.41128631151908
1.73635848181843
1.16683075987775
1.28995133065328
1.08972109444624
1.11411383227828
1.07057431619783
1.32690654585873
0.934096662129934
0.83708475671257
0.852837387842357
0.683718682102994
0.828272935568698
0.529608677516062
0.576044249132194
0.850252100453519
0.721405648396493
0.826728287464702
0.697116862348085
0.925058916334554
0.604726253734408
0.885735871910857
0.804484520319925
0.783264246446057
0.749798835686177
0.841180299765094
1.38946511701255
1.39247357728176
1.03398966500776
2.04602160943941
1.24887252284352
1.06350592435456
1.14307969651255
1.1892680972047
1.52612916291258
1.24746422221595
0.778904068798973
1.23843436243366
1.31234311692555
1.60430008318911
1.47937608816058
1.51492272440342
1.11079205637101
1.18606795801881
1.22292155889188
0.724609259206155
1.04097038436622
1.31090389333501
1.0846779406669
1.07999538667024
1.10012866753112
0.591536340572695
0.919365856501019
1.41981976564621
1.40971821370585
0.907353600662862
1.01140825939849
1.30092102032086
1.46633962713449
1.7703813165223
0.916707378146238
0.731603095291987
0.735449891632889
1.06262381091487
1.17119994495868
1.19199729375236
0.982970544200372
1.13815420942231
1.06579081171137
1.37268725560407
1.17510692716638
1.14732233924979
0.825203857420772
0.866694277202311
1.23023042218214
1.45881723581414
1.83137965214882
1.52775942807056
1.28088870887661
1.16368833302449
1.36600261327105
0.96240908767667
1.31548125409426
1.14909521005668
0.979408740430509
1.05212838154603
1.38892237187803
1.50103280411422
1.80502260113271
2.00088347533638
1.98579374934707
2.07211179512123
1.93383456369628
2.67553155330899
1.84335238152879
1.24225486523498
1.1518862516077
1.38564418129614
1.16586149588354
1.02775827143792
1.34243153391361
0.883930257991561
0.847806906210789
0.882519111895209
0.995984400491216
0.697669892543048
1.13845081848005
0.803503980173891
0.936574309902588
1.14446908241471
1.68532146279812
2.37540416106858
1.09685410178928
0.969909180448971
1.01555622343827
0.718980109868964
0.855256689459688
1.14035599087316
1.40544914935926
0.97857310583984
1.61608702902348
2.28880416543128
1.55378776233932
1.27647265271861
1.31060970420572
1.10422802197682
1.12492856324958
0.845413723924915
0.87391646552785
1.32018865270956
1.25778008466787
1.31908768987758
1.27463185416571
1.68195792693157
1.53923866358816
1.59308077568561
1.19503116961503
0.705638852274529
0.801912743050861
1.16215066406491
0.991616901646902
1.03388252023849
0.636673505284526
0.956161559852958
0.740536601019516
0.575453618988457
0.589433228551404
0.730264925696411
0.834400124051452
1.2248293870234
1.39247733578354
1.06450509333026
1.19418646118777
1.65898920149623
1.44849519143409
1.67544015270657
0.799401755991035
1.33580175156965
1.46589771620373
0.967004594639363
0.704010146365339
0.73291876835824
0.830615488392607
1.34279132014551
0.80211980473033
1.13484239184352
1.54366426270045
2.52067582002941
1.87016370522181
1.72336669004148
1.33288179717415
1.19807712763056
1.53607684599896
1.04803244724505
1.19344429165509
1.10218729556449
1.37491832148549
0.94912991826091
0.877195314773853
0.823016029223226
1.06017195061316
1.2905968101696
1.4057996540665
1.69866829517757
2.09763258600508
1.88951599676252
1.20427739863913
1.00723364545354
0.873006905211142
0.839043693382796
0.728898237820769
1.04397914207413
1.12233092336208
1.38069695733833
1.35582314850334
1.32031449901658
1.34223563305911
0.73953215306775
0.83237340734601
0.651149855647344
0.676814110405526
0.49756927692424
0.630336421201169
0.732909530041679
1.28037868583355
1.76700653228456
1.28106832455826
0.802883894927853
1.34710072926967
0.926041908587993
1.061267852355
1.11493791793847
0.917419039211506
0.813919974672424
0.91333257854385
1.09051166560966
0.849679122128809
1.14009261135591
1.32192166505961
1.09528165753614
0.960469661595552
1.28225717420767
1.35938547399396
1.06437312096666
0.778439248272981
0.946517405988422
1.46992210263092
1.41177979320891
1.33351302668732
1.05992281934326
1.35406792385573
1.47354692890618
1.78570221983874
1.41965132977554
1.71089641600645
1.3807266599303
1.14292978496938
0.742245813006512
0.845291206300555
0.935917132756814
1.18344193442428
0.91990692693103
1.21867786623208
0.941914442225878
0.688574372526523
1.21616064632772
1.02152402338721
1.08398670393041
1.35710450067343
1.4702130139827
1.10575293210341
0.626772606410721
0.86833763655123
1.73089415881587
1.36645944918752
1.27979579472505
1.32946819392063
0.986177351513437
1.12614026466141
0.987766950598375
1.17299620644384
1.21970667149209
1.47279736676331
1.38168112665192
1.38936896477527
1.48908025779551
1.7542184250527
1.40247840876841
1.89377326622938
1.46260369270659
0.964426772932424
0.570829412832552
0.697585671235939
0.978343022431458
1.05507986435211
0.880137429701235
