"V1"
1.21217954637343
1.22374494064049
1.42761357659146
1.08285915076374
0.997002019763002
0.926941021286097
0.992873886988456
1.25227287886841
1.19247969417002
0.902910567600878
0.815412758887299
0.68673972330002
0.965801205957113
0.912604674521514
0.781815489262769
1.03615277928013
0.696448368481009
0.907341442495906
0.876674359890432
0.994229904622221
1.01263132477641
1.28435963020433
1.26090167033351
1.57530931459661
1.54180673237901
1.97529673721607
1.94819143686804
1.87687415586307
1.63046036418872
0.894583257796382
0.997578526765876
1.67046130298634
1.40418095294169
1.51929717912767
1.91965877073419
1.47451013402948
1.82040717584955
1.66769495243782
1.36066327096982
1.91875676653447
2.17992135282861
1.26394855127786
1.08707465459521
1.55250595681385
1.60035333750879
1.4383791514337
0.967619903687225
1.15729040684564
1.04194271306776
1.18860348893457
1.07534420704682
1.46342027484878
1.62571371189513
0.861475476021198
1.12037232651579
1.80427073117391
1.61670543937561
1.56312981641114
1.5540159734626
1.38643604283983
1.84283924914047
1.49926946610657
1.92758702103725
1.33949496837954
2.03257513740924
1.55678601806268
1.88007645416905
1.08819017381293
1.80421993446228
1.83251429839779
1.4723201874997
2.00480626400966
1.36995910070537
0.834934945153661
1.07698018425298
1.08760552867867
1.49513515253826
1.5972297978769
1.23657326892341
1.71033437058238
1.14148625099031
0.955587105974264
0.875414028013738
0.822418593880822
1.11245482482774
1.01166709276415
1.1242596464238
1.37174593473527
1.50825417486257
1.46079050455802
1.9429856362558
1.54802981939302
1.48382455645743
1.23287696870759
0.837984116037111
0.7087922265188
0.62321171716649
0.907889458322025
1.19405794989519
1.05365947907779
1.09743912248502
1.09098128906417
0.94728447593045
0.811919293202212
1.27614885889708
1.1061963948511
0.793327914007344
1.13393490152317
1.430226851157
1.34703723108291
1.24977210242444
1.33921607580497
1.10697851040283
1.42376800210261
1.13402708184217
1.16086400331608
1.18624653787086
1.51505636640655
1.13550465379684
1.65870818980837
1.30739453549238
1.39946920494161
1.51464145116566
2.38138300593782
1.71441374496945
1.93305523872558
2.8252784396929
2.5636637265415
1.94938083897777
1.84580804660786
1.76378180632739
1.44399745942503
1.52800891041129
2.22936293321894
1.47108834968026
1.41973024445725
0.952130520746919
0.944949233549703
1.41901048373259
1.13747901891307
2.03175464052272
2.22040917475245
2.28078513712193
1.17813881479042
1.68485648821312
2.29694639839907
1.66117570975789
1.37005123948286
1.10300939516936
0.872612553655954
1.31605453033467
1.27226307841046
1.35811295712129
0.859358242294579
1.44162998262906
1.40480485255075
1.12625896157468
1.01380722133587
1.31865562906542
1.46814353158188
1.42607181797104
1.50795418983159
1.79966486820642
1.38817032396052
1.04388185972573
1.4002268941864
1.42592739476467
1.41639910337259
1.21537119571469
0.872578981779014
1.0897184887759
1.12609722202262
1.21729332354875
0.988865848994278
1.20119640672113
1.21270841826308
0.950414673936195
1.08992082536596
0.880602170730042
0.756099317235063
1.27347171988651
1.39283500294973
1.84812346083336
1.75272259388451
1.03435482325331
1.31088769739743
1.39888460314449
1.06468558178054
0.96155768009139
0.953626662864319
1.17505029041906
0.925654601369057
0.985327298706024
0.601457712994899
0.865030006182071
1.35771175954338
1.38084955338755
1.1676372016838
1.09378217384687
1.63406086641531
1.91349378292805
1.88998835552775
1.51271924365564
1.2170396115218
1.4359232618713
1.82817881850634
1.56502339526451
1.53862004436285
1.47172096731029
1.28013015302766
1.91327846415688
1.64356170410669
1.3962364501163
1.6561182001403
1.60216923314627
1.76641429533933
1.38090102046137
1.10103713459068
1.0232802019207
1.20301517886483
1.10335021070823
0.795624118295697
0.713331759695969
0.598810134822491
0.547418214994947
0.645230674130788
0.677706121145919
1.0061423678758
0.819324363066437
1.13833827967846
1.22821845528358
1.22330227343986
1.31313885170282
1.90546622390991
1.57047120675877
1.62024183698279
0.773321147544107
0.945838335912308
1.31814895779711
1.25625558790282
1.07202229192779
1.22030481618011
0.693682409750883
1.10391751186952
1.23297887745704
1.1502664032754
1.30314797656181
1.42798150756226
1.01542016618868
1.01903246641969
1.28618352932233
1.61628288445935
1.25684295192937
1.77790403930331
1.82818403527574
1.60819808815228
1.8219463267072
1.31446624094245
1.00668620415289
1.45656492558164
1.89310671989919
1.63265742630824
1.03088732055728
1.23088047230223
0.926981448142924
1.12475292436024
0.80695550003865
1.26854013059447
1.42776510200685
1.28317342261033
1.10595386180702
0.82191084886664
0.946378165089379
1.2249607867575
0.887458297956485
1.25153335171139
1.2145507090498
1.37556658911398
1.10170062944723
1.51178409064813
1.19466195948276
1.05445771894862
1.02271878278743
0.842595669155794
1.07345533311663
1.17425900496302
1.77452840097049
1.38982829481704
1.94712251797019
1.02901608168834
0.93558879639018
0.993213735652114
1.38310637057705
1.15173209873947
1.00496793069297
1.00241607076101
0.91331131039529
0.91637507062544
1.00878304916814
0.906675972031361
1.00971850908561
0.885001581550298
0.849991461724382
1.05499028157681
0.610445558619752
0.66492629104651
1.09675169273335
1.30145611624239
1.57115544290556
1.09255089366491
1.67047010455588
1.1972300793673
1.37228671825654
1.30820681162369
1.62683277346314
1.33650467196149
1.47828347280393
1.75912336799633
2.07731255547046
1.83925395885319
1.49944727151388
1.14329577503642
1.30729705313656
1.85273171535006
1.44237902603598
1.74356843151214
1.65770584733586
1.73146190014655
1.02226542071784
1.29494186540822
2.39229282871482
1.82639830489388
1.49236743973466
1.61018659828843
1.24583472005476
1.2295073227889
1.28863874321035
1.32900364618758
0.773734922052734
1.03073040659823
0.934209769596791
1.46142141204995
1.83032052757607
1.42223586438295
1.90378732150908
1.74775286840308
1.77197026185207
1.62845668133742
1.56928354564394
0.774880724773112
0.947218633768457
1.60052630660921
2.10779627351763
2.31992725499516
1.99542421554482
1.66230644412934
1.89818446971955
1.51364170521606
1.25046795864564
2.09732735898472
2.20534201735172
2.18851097879942
2.1208437096096
2.03252790456987
1.28659228828303
1.42804347460455
1.34441306900196
1.59368173734766
2.30406549229072
1.5398279105925
1.39137802508809
1.42937906264251
1.99199389518504
1.15822463950869
1.9621843402758
1.26144339900635
0.809796224701233
0.682887402776923
1.24454073063489
1.59739283188734
1.48073601556731
1.7407449435572
1.6471318920573
1.33118409979265
1.18214677509355
1.94926008298931
1.70857723174558
1.1574638460082
1.22587841900491
1.12043215204268
1.46278515638214
1.15961796553762
1.33445018616941
1.22273445315488
1.186381901544
1.47644065150589
1.23481698625448
1.35342749271093
1.1151578144094
1.07907235366757
1.42596636516771
1.6481618525897
1.3249728048654
1.68869626650909
1.35526259149362
1.52687877133497
1.88760336654523
1.9836113930133
1.71171963528911
1.27879698209244
1.51409579995853
1.28805070291148
1.71293001832295
1.41313175590369
1.6862922901147
1.60901594558197
1.62866971107832
1.56145756717804
1.02390288475088
1.44559781054567
1.26592748112903
1.09093307484994
1.59182062742356
1.25902457642333
1.07626705950587
0.854917341549276
1.0367024703609
1.11852043999068
1.28327893961346
1.4038112317619
2.01928297635062
1.42451591772258
1.28871435189801
1.45398901089975
1.54691774005494
1.63931663907904
1.4891468612122
1.32953073912363
1.10324283822426
1.21452518142647
1.66409874894545
1.94303703766502
1.22412473180589
0.931305518198582
1.14172122069566
1.44843503431317
1.3806154282611
1.43615890450375
1.41846771566194
1.38579229038822
1.61836032736183
1.23518691874176
0.775680266088792
0.772437347061206
0.793825060117161
0.506472189907394
0.792960052668003
0.824507976248446
0.7327776469512
0.673730737064886
0.792522398415932
1.30186787273688
0.82562052993879
1.35597042349168
1.45359962169774
0.868202288235158
0.721739290227492
0.617599705495699
0.931411130432206
1.43371881497925
1.21001417373617
0.91774152450458
0.985223890859539
1.42549886805416
1.44137927749495
1.30426810075484
1.33842566249458
1.30946109781893
1.4129590827071
1.57420041492191
2.37571372882945
1.78507071044595
2.19529915338165
1.44617133305547
1.75307835066728
1.45523655585722
1.09268325376745
1.32760829105635
1.39747954291194
1.81449423476353
2.19743686914889
1.62310734437383
1.95015118634899
2.19089321756373
1.75162168188433
1.904349658657
1.6980716565502
1.51349274040592
1.29640066455568
1.45035994476098
1.40293055892688
1.85014731473412
1.3220093599243
1.17389375289304
1.26534865738278
1.30776978958034
1.57047845692877
1.39104917234595
1.0176166781019
0.834901015511676
1.29439790573727
1.32757540736943
1.75453382270731
1.78196102840461
2.05232017628804
1.80575198594055
1.44103621762932
0.955404266297964
1.04742368589818
1.35984372835152
1.60712742165774
1.36504905854215
1.46557055484848
2.20754036658225
1.31582246864683
1.29067464652625
1.71923505749
1.67719527101002
1.21257257149917
1.892043621877
1.52440166058703
1.19259553787689
1.01739718156596
1.01830152820626
1.06218554305905
0.910162602702543
1.16131397231398
1.44428886225491
0.965996433067811
1.14975513023888
1.37475829223633
1.18240966959977
0.809072115601319
0.933152763820016
0.969548076109712
0.853292141384185
1.29132844378156
2.42467241409519
2.23435767573471
1.25540328313852
1.55537847069383
2.05152062192571
1.57922999855887
1.0962311322789
2.31001615604364
1.56632100768092
0.994831740624136
1.27269224158697
1.14519853831364
0.96528339479142
0.996608464246801
1.3949882327737
1.85195199671779
1.31686268200761
1.4786921360844
1.46584059456429
2.17730875277087
1.67695965338209
1.41365643922956
1.63171838707441
1.70436768836749
1.70886208968588
0.812419710004982
0.864241350516659
1.04622310730904
1.50897681828823
1.39639252626216
1.11973185062404
0.855734455336643
0.802251149983153
0.74938888555385
1.36506292511273
1.3622039960659
1.95995782335917
1.49472575478804
2.05054033098929
1.71643811262801
2.7133420948747
2.12426500457419
1.93314460035916
1.55796287860686
1.39413818623767
1.60928460576783
1.34104094673537
1.59147981570989
2.40775478896859
1.4688432133525
1.35331836917715
1.22301268534797
1.75271055983873
1.85208788716271
1.49170029360016
1.1162276115803
1.08987879952724
0.683855116057643
1.18030180342521
1.31063002198802
1.45951978437604
1.52150682505354
1.16676612836454
1.41715439502679
0.977514072084815
1.23868626387527
1.32071956935836
1.17583126731184
1.26303688085721
0.813213895269401
0.599554346636507
0.820917663881521
1.44924819045299
1.26264792215381
1.41928929017793
1.21837505346368
0.828490886938405
1.42472420022778
1.5907597324122
1.45904262227523
1.61275613809569
1.61673312463698
1.91090169812429
1.24075394485359
1.70885714135537
1.77642326848093
1.76461129678075
1.60392796382204
1.9169661651587
2.08735956156169
1.34332359348279
1.36750418306387
1.58632674821487
1.75632453695029
1.524042449227
1.54454042716842
1.18065130863021
1.04295537784338
1.62176907777281
0.885752509101254
0.655811613632843
0.528762729393822
0.85270147405815
1.23799576394793
0.938791701812734
0.950896794802582
1.43582019119706
1.66357286241709
1.23214818783381
1.16416268964736
1.67200146464908
1.30017900828641
1.2937336244908
1.1591536469556
1.09103063019434
1.13743709218986
0.879381589480828
1.03727573100362
1.18959011820062
1.37357181694309
0.767732535992179
0.637689053144323
0.9764528661321
1.05067032426165
0.883418393949342
1.23650006478609
0.883154762198679
1.28981354570812
1.23365288972593
1.39275658872048
1.4201366180946
0.917988795848305
1.10173482242986
1.53575181415804
1.13607900216776
1.36030740539513
1.2836070071256
1.37739054181132
1.30083618663925
1.03906981889816
1.2693479116354
1.13674890375811
1.29642712648244
0.964123135128016
1.22968230024791
1.01560689573406
0.756265741401315
1.03762530899943
0.746246796258737
0.545455177195719
0.520970103423341
0.582606896139973
0.77544540890529
0.878621652348152
1.05986033409686
1.3888025881412
1.23802081222414
1.02630579376434
0.72514732898035
0.631045169628445
0.602383905671142
0.57338954574915
0.477056519272155
0.504519113428925
0.838494452704833
0.7102682994204
0.846718571932827
0.840042531211454
0.661416361490046
1.16145808501951
1.27904781192639
0.819448014022647
0.855737306170596
1.12119907165185
1.01860754679285
1.13474421859473
1.32448141207551
1.22720173116396
1.75897439685199
1.06079398834913
1.54712827512684
1.65735271356715
1.36943221062213
1.50758142322301
1.15725711204906
1.58647318691218
1.37529423865757
1.07461992819677
1.53858135947766
1.26097387271094
1.28439512090917
1.00013198270697
1.08405257304094
1.36332508707105
1.53741907609593
2.02417383338104
1.91926167425879
2.18326928235983
1.19054438074448
1.48868540468663
1.26524056247319
1.71924586034063
1.64579295921143
1.26872301155791
1.02556028114975
1.24763518711471
1.30815469923628
1.53385951774465
1.07371944859281
1.65233979058166
1.40010999131407
1.03137802452124
0.940521398731555
1.61950655352918
1.39739360244654
1.46418252135724
1.09925143878612
1.17073759694876
1.13233127203792
1.28874046283322
1.11667359043146
1.55318729443804
1.48710313978646
1.22248133006351
1.83551398840526
1.67822879816475
1.68588192427819
1.4375504440613
1.43313457833621
1.21409012689273
0.843255501003916
0.910020332331115
1.03858465667995
1.42496186008426
1.16140732658295
1.48630874559665
1.55923817748031
1.38327257825205
1.46196645381544
1.48031192898129
1.16182133099253
1.3578524289697
0.939860594048218
0.753454745697893
0.883502126804889
1.42557740222625
1.01532583326483
0.644805439839392
0.888083142840498
0.70694135872461
1.29684428263635
0.909535240891562
0.984780161747362
1.1977589060725
1.40523663089732
1.11613714373696
1.11317307355619
1.05582609778736
1.18306645317476
0.9537669820361
1.49276892379401
1.47678585257716
1.28823529029557
1.16661157189624
1.27378806518399
1.31691760610282
1.76616725742824
1.6534682576249
1.63597032649453
2.06261751500915
2.23292943949336
1.55381683420546
0.595459683903426
1.14036080734381
1.00022665415672
1.26468950955465
1.04834017684798
1.22697855709748
1.36701409901136
1.22656582862948
1.71600516833013
1.46390528038153
1.64427093190604
1.57740252277045
1.80471214472142
1.51815557112439
1.5953455142764
1.0784873674089
1.40106520420263
1.66097584297789
1.72447606440974
1.63799239409325
1.30627403394
0.958590737801577
1.52776700960686
1.96023978408624
2.4974470957136
1.93342662138911
2.88103142223981
2.06220969832952
1.82211690733241
2.43458580696008
1.59050523638195
1.7417057982615
1.61163980172667
1.46000454416719
1.58710750091095
1.32284910941286
1.46674397969851
1.03847476105539
1.07286973134569
0.855935985118052
0.975191792903568
1.53103832666692
1.99567775687977
1.73112737292649
1.96646522339265
1.57814361901188
1.01607010569967
0.946151227977916
0.981171265432005
1.10395862465632
1.46951761162193
1.2253302532473
1.45041747918606
2.17451673239341
1.84227791811869
1.88047808823798
1.42397909875644
1.43671940335908
1.55499288663549
1.72745831126174
1.64229018578977
2.39592384165615
2.46100432299525
2.15334998464836
2.71394419366292
2.70228559512005
2.59406960842075
1.46581170859589
1.08559975751089
1.34458872263976
0.953650819103516
1.33680041685863
1.7969924031074
1.72534898709446
1.89962603054832
1.34007396052368
1.05837372330627
0.852724959811421
0.379687044080277
0.54606138900893
0.652729393099908
0.897889895533444
0.937535423564736
1.0554816618805
1.50930707843432
1.80377276165359
1.03960487455879
1.20561397328108
1.83627393453981
1.94016285426943
1.99804371480102
2.13842621784953
1.72515315765562
1.72013921820428
1.96435745157362
1.72235217095615
1.70694384743764
1.58446744318789
1.27487460972311
0.965421311468301
1.78943272989992
2.52701782505506
1.65692076755768
1.49085887035838
1.71368152635487
2.08769520049575
1.6766567950128
1.79969248831807
1.4888361137164
1.3467455076271
1.71062088821862
1.71268929760766
1.60925456126186
1.60049191226325
1.67768069335408
1.69387052269268
1.41483113170958
1.39894266625679
1.01911397439812
0.979630313627081
1.18238956217706
1.0800312749037
1.17578252940623
1.25185917544665
1.21386847691204
0.86887490263097
0.766277137024266
0.795682182932146
0.942845132079877
0.620753873870898
0.778292798311143
0.860041459339494
0.598934686993599
0.634528656711769
0.680434587684638
0.678382444317413
0.989563112623964
0.927440099473525
1.20320736917856
1.22235871065117
0.97075464309584
1.0054625567517
0.858940748750693
0.841124148328707
1.15119766420993
0.866373678571907
1.50963865021404
0.729307583581224
1.21842135160529
1.16270079237415
1.55133024397709
1.13422620513588
1.37765863054215
1.35240180126887
0.783167632205913
0.93047816121173
1.20483607357257
0.999011946203462
1.27099423898848
1.54994973957462
2.10463748845951
1.61019264045123
1.54286603711129
2.11110672770935
1.90655404560587
1.04387872401652
0.773243967904111
0.763829242086803
1.38517581209395
1.41615048716616
1.24514620940565
1.46912936318405
1.07067489855904
1.07805108160556
0.924351829708578
0.836083495025614
1.19317081518353
0.823059069576099
1.09773568732183
0.827623446100951
0.831698199915946
1.33532460272853
0.864231009422289
1.04169841209131
0.810669073740387
1.09628797534267
1.55407355772563
1.24615353890361
1.53163161473094
1.81528852586675
1.22304237721602
1.83199498491722
1.59163996824462
1.34069889401928
1.31652446026374
0.990442987056117
0.851865185145145
1.06737059993367
1.68441505419981
1.4954704696934
1.52533157310766
1.44359897673508
1.11162485769365
0.841940886166951
1.22152957415333
1.52078922247726
1.71346970154455
1.40883084317316
1.66450654688515
0.984308462394448
1.21235809194953
1.28574390009784
1.43743356975816
1.70468364020797
1.37775367551577
1.72000094296791
1.24726076567926
0.991107798858755
0.86300824151708
1.4519814515343
1.25284617030775
2.13149247503544
1.23877584622069
1.35156998708481
2.11726485230267
1.5235125458819
1.17651953205365
0.75661899221609
0.850269888195218
0.809090076047851
0.797380360926417
1.5033388865983
1.22675725746553
1.10153808604738
0.914713212364892
0.729533883284229
1.31899054433469
1.19483801635634
0.794818725994787
0.982900477391989
1.31139637598332
1.72021066071909
1.45297544440049
1.11338314102399
1.62532258507815
1.55990100213014
1.40961149350377
1.26660174044744
1.4260610801078
1.43566010597145
1.25026870646165
1.41381774596741
2.23614701263035
0.956069308157434
1.36651199272092
1.31664178895263
1.50327854210338
1.32059816495145
1.29357028320423
1.24924995764812
1.40014998862738
1.42696947570016
1.67382350644251
1.36750614191112
1.15077741759107
1.09338038798843
1.50794788772342
1.97435804238557
1.42462097970276
1.80033358494075
1.548752005272
1.64072709398053
1.59806801305169
1.81329766123319
1.58299781866948
0.976847277827218
1.19309977228816
1.10285048744815
1.48630367736679
1.40131411792272
1.62932831278468
1.28933993230349
1.75952339927083
1.29458066516029
1.14710973255556
1.15183290193802
0.942970233826483
1.21452447295779
1.59061398690248
1.69090345006652
1.70594683458555
1.8966314850812
1.89667428717139
1.2470231610468
1.0851888223047
1.00316659106627
1.81236480152585
1.29150707344245
1.16391642908842
1.38605852559848
1.73099830372015
1.28647672160738
1.71104128073036
1.52784188632964
1.09612844994587
1.32258705860866
1.77977417252318
1.66312524861045
1.66934616065437
1.14069567361445
0.87149368564088
0.756325678589611
1.04856373420934
1.22281771908939
1.23164305439947
1.38793000113198
0.935298884383209
1.14796912183886
1.54852069566313
1.11679878040842
0.844611028584969
1.06429066071452
1.60655957778002
1.61920926421705
1.2245202291621
1.16214094055095
1.64753443841495
1.19485168625622
1.25114768110166
1.43633506950195
1.81675241608143
1.54482727730646
1.68944756398292
1.28451592200352
1.03835008769164
0.779047271712156
0.961756728338059
0.939435680336211
1.20385965456762
1.27655242738273
1.4805397172142
1.53903683183963
1.44919875373749
1.89819959145572
1.00210085910054
1.10257121860765
1.10490336316476
1.25498651429474
1.36606404843484
1.44373882564938
1.34427834626395
1.08117449911941
0.860854709095117
0.99734689385181
1.31886383756451
1.02059982216167
0.833543804679871
0.674758322276934
1.05043291048484
1.17243527568013
1.94100382991912
2.08163400470938
1.82553198435664
1.49534191308025
2.40696402664198
1.76205013356225
1.23955138547331
1.04100943013247
1.33175939918123
1.41998858876642
0.934085220534879
0.766518630499971
0.509422637148822
0.654615256014506
0.880130233090253
0.93608394266919
1.14073585650086
0.871610700419791
0.908084772133237
1.39176022484281
1.94966664724232
1.22870907139648
1.59199787507532
1.54639643524146
1.56261099163664
1.62710029786416
1.83796530375759
1.47264953587412
1.66646975955396
1.1910317304134
1.45113003956079
0.908573356147083
1.03697481723075
1.26228237231604
1.56438264290487
1.14855775484996
1.48780468139772
1.01338128344202
1.04828226267944
0.877946018208219
0.995022452903228
1.2566210270468
1.50156810177098
1.1680523289269
1.46090062075683
1.42353150522934
2.13043570736505
1.71958410325191
1.82002731034387
1.79127944805538
1.90757109479062
1.54974083353469
1.15028735619152
1.10631672989147
1.09089147667878
1.08121130890237
1.18736231760365
1.3819969029585
1.63690463350366
1.24206042849508
1.35221393004463
1.15279472837574
1.04118651424668
0.99201878271739
1.05519528204967
0.928805286027265
1.16443883813126
1.21969700225098
1.26826120475
1.55658656893525
1.70711454686198
1.51930805760822
1.56117393719981
1.51429852423012
2.47521709621168
2.01437733734624
1.46191591419196
1.28065215449231
1.63216279897115
1.8932057990365
1.55324859909589
1.3093256313899
0.94062182255554
0.843089611527094
0.572153054167366
0.752702143133098
1.11863258569352
0.912188533095625
1.04991265616796
0.960768941196179
1.16468269511597
0.991965593449621
1.20980217747449
1.31293070539999
0.974028330526508
0.933930060450026
1.32490256779077
1.21506847662457
0.729787118246375
1.22322932170819
1.25848012113398
0.966474918819638
0.98255892727818
1.1257444261605
1.38680881958318
1.17700342200481
1.07993107985857
1.87885463289777
1.72617640527332
1.53758472242489
1.41224528741978
1.49823377142756
1.58321189473616
1.30718174564276
1.5937072350967
1.09926003381008
1.13723344138862
0.967738282447163
0.621291630758392
0.971035852601086
1.0406828461317
0.738286900735172
0.763382476057495
1.08546219735244
0.962866908581656
1.02986359005224
1.79779442495629
1.3442231562274
1.33520319462245
1.53382262478739
2.09840540775344
1.589953920827
1.01532141435405
0.862055173802359
0.993319191612266
0.887740143967692
1.61127305375075
1.46292008393902
1.1961835064823
1.50773839695735
1.21222287661491
1.13841093233556
1.36497383152084
1.21211035110865
1.67554820891193
1.48061761087615
1.18031422071278
1.27895557821413
1.18377678918232
1.57438514905845
1.78468833610866
1.32698878176089
1.29198568601641
1.53594114856378
1.5607129487315
1.47501403567978
1.22335706618641
2.09186769470103
1.71921724082471
2.28178670362018
2.36736534433826
1.64048244321717
1.50187601625043
1.32100663715014
1.74012876767276
1.58800260144311
0.815114575987723
1.21965102817504
1.6699642190773
1.80409779012391
0.990942824051144
0.593172308430407
0.992205960010898
1.35149867805256
1.58222969921467
1.56982604867539
1.56397876881178
1.19155640708924
1.20097936857213
1.52816225282738
1.26922058830907
1.65079516679175
1.39007874043822
1.31102484640217
0.930601084564543
2.13217471393019
1.28458759981758
2.01090454220992
1.55240878605928
1.61460576399813
0.987183337519721
0.970290660972211
0.923786736384723
0.970580762649622
1.27007482521504
1.34689657417236
1.7150337253397
1.14509305600735
1.09240988436069
1.14664826490468
0.995358910915048
1.15907938660721
0.982096343249008
1.3949450845352
1.09208738411348
1.13966400733124
1.68125943384433
1.24919625340951
0.990256914825322
1.20057160532146
1.45455791250394
1.43776473493146
1.47849153168961
1.64354083382592
1.76793291472488
1.3291186733625
0.937750267125685
0.947467570447879
1.12201737882467
1.04152546710592
1.48288221741068
1.30322429302884
1.71516343891783
1.96444078584523
1.56929761387882
2.13105318105364
1.64578352058788
1.43664389168912
1.54905242808812
1.74719703101024
1.24034819806586
2.03599792726601
1.75217345975406
1.61314017456834
1.09152726747491
1.04504173570642
0.99310182143378
1.36277439499646
1.86518339540542
1.84357952879671
1.38596772111142
1.37488279159881
1.48279042143797
1.55194801679607
1.50612182116675
1.85061587109208
2.36930465419746
2.0573546548312
2.00417967545513
1.15574571162307
1.42480258017583
1.1741598522056
1.03661814503155
1.42547520780342
2.23630200686951
1.27386317534524
1.26634046145241
1.14183398248042
1.11987242878005
1.1320127982543
1.44057752790701
1.03952948319302
0.790584262846349
1.01751151594253
0.738747322314784
1.11759695929349
1.10608091216127
1.02702706535345
1.01789946619504
1.78807481686869
1.66153791083367
1.68890630906155
2.0982175205019
1.39575421016849
1.24255511514102
1.10741732185275
2.09880320021817
2.16221366041427
1.48230116961063
1.53443272917942
1.49902538126115
1.55608771106847
1.51731229940971
2.04546268505684
1.72710349988528
1.74044079502003
1.53429561423143
2.50104847328588
1.34183944742277
1.48970621928436
1.38636393490116
1.67567205017841
1.53501226482265
1.16229579842857
1.09912419969553
1.30896962950272
1.00863262698955
1.27172328352157
1.47366290588613
1.54367597955059
1.33744128417119
1.20276642438499
1.53675263493865
1.27915483788833
1.48331020780572
1.18153455034695
0.98280787845137
1.2161586479732
1.34286679466585
1.08349512810574
0.826957058497471
1.16880784148156
1.0630584007826
1.24941139032692
1.1726483639186
0.841442827593056
0.638223168508421
0.895126537033093
1.52648289690744
1.58794672374649
1.37872285609078
0.992696922572267
1.02878583245567
1.2280010308529
1.25197810977633
1.34774352690495
2.09302149123454
1.32780952287333
1.67269459336088
1.40021488465262
1.03342816013203
0.842521366083025
1.38086726487312
1.01744329767617
0.895769603243841
1.06937095472109
1.19453421178688
1.10572109035632
0.7968388870304
0.843597563768466
0.930459156560773
0.926299920909448
0.673543477706424
0.847569709679109
0.626341389824368
1.3431619111677
1.33828841961549
1.55422764157253
1.26177438329227
0.871170267793932
1.90131823283062
1.53827470917771
1.48720092316488
1.40649303650469
1.29094604680135
0.975302640870921
0.782803297937726
0.925916440671186
0.93029471735364
1.44272170731657
1.18278376113419
2.00281129216178
1.16586057645093
1.51447621953108
1.18081135654376
1.63774987227842
1.09732545283156
1.02373451007891
0.955873557494239
1.04559236941443
1.46503064391349
0.724008899697788
1.07854414613262
1.36287008361524
1.78140270173751
1.95590383449413
1.39334326320055
1.67232050752676
1.70373719364173
1.50517143379283
1.14922486089278
1.43696030252217
1.71887094216143
2.12650039754099
2.04155847428286
1.46306914202096
1.51053816216374
1.24595853414984
1.52071097735993
1.61219020453676
1.31145314980642
1.47502918773434
1.26539915079908
1.59312006400935
1.2066806398391
1.44911536074716
1.03092484362905
0.878472051980653
1.41816224993324
1.427712635311
1.48638190816869
1.53622152380768
1.51132486115398
1.81500197856939
1.45425000067726
1.41832232485537
0.775266275794249
1.24254536626777
1.20623482111217
0.968357317286507
1.07013904962815
0.864204249832669
1.11177863389084
1.08454509970505
0.831347741882036
1.08669049211079
1.55439303569644
1.02675924497204
1.4754361620278
1.56810831912258
1.00681025999183
0.946253370929486
1.20975305400331
0.943028578372872
0.726485288490233
1.48982263462787
1.29448244042574
1.32331997296081
1.56023482316676
1.49515063006336
1.10189426739437
0.85286050892756
1.43082737981249
1.40598662178198
0.972070235801546
1.48654275689707
1.5018011595358
1.53324868815439
1.63493446228022
1.33188731048665
1.56470586083012
2.41728123284333
2.34463467161886
2.60100160091601
2.63210011753037
2.34192234354265
1.31731841415994
0.860568895628459
1.04159711301767
1.41775229733817
1.06748719313142
0.644942358423065
0.978794422897487
1.02450127624111
1.3241547497895
1.63891867074442
1.06562098556546
1.27056269191108
1.19351717281082
1.30092485406064
1.7021678937531
1.35286335496737
0.992816337096869
1.16577142294127
1.69763234556803
1.49050583359024
1.9427992354245
1.34866982340437
1.39608902111368
2.1568133389608
1.68624242137723
1.05264569432222
1.35299474557791
1.78562260749045
1.72790626504879
1.02297843197771
1.71789060764948
2.49793513713225
1.60114585513911
1.36525375658828
1.43881222557589
1.38726200136219
1.70589285279441
1.58683205711733
1.38837509214635
1.10161064472441
1.06719625126548
1.31188683340869
1.30938116266704
1.49036572377709
1.38002482137789
1.27500725196059
0.787247122345886
0.872033861649424
0.856306849632962
1.03564389372276
1.24766301329917
1.39455059998638
1.46398944981811
1.2855041525329
1.01579235221762
1.27870152868457
1.04496732421221
1.03932796657047
0.810607330602195
1.04509383094156
1.25757839251969
0.703545827817795
0.901988431258049
0.927876261424794
1.39713614404126
0.973770591873797
0.922822211245168
0.900277083376551
0.91883992164681
0.960793459414426
1.1289934069568
1.53833873592587
1.51173686400593
1.47674547946245
1.65522184140762
1.70790751174793
1.34902297802089
1.4922348823713
1.13626778603298
1.60610516356227
1.72348038623828
1.98621446404564
1.1209642788894
1.42406250185245
1.62353215615539
2.06002672259342
1.81639499081416
1.4554263329492
0.999246365679178
0.827353366618619
0.996824292747121
1.63339797603295
1.53039946317242
1.24632204283989
0.992006103843428
1.6140201283867
1.85719898599423
1.65007850763482
1.93483940184815
1.04988227692483
1.05171863490426
1.34726246772666
1.24204237714196
1.33871471177394
0.805514634910176
0.92053523589825
1.11756407135905
0.847985709335667
0.935107272224713
1.06066358031161
1.23186698402699
0.9742508959978
1.52631213163678
1.89842978800953
1.61128841958211
1.63395843609503
1.46671672859574
1.52640237006424
2.36149247738252
2.10174506465265
1.66998360715153
1.07464197067815
1.58215449765295
1.92602798962851
1.22183017018594
1.52591765009018
1.44241422981122
0.906043964629605
1.15226162785924
1.51968633256329
1.578876190412
1.25055798020485
1.94425449372347
1.57976663190439
1.92044537884157
1.06826961505801
0.816794719003516
0.716184888547554
1.14291984352757
1.114314600612
1.27812493985873
1.1419644345865
1.21255539778418
1.15998510644946
1.19205863698232
0.988872952401945
0.996622240414576
1.01292973537222
1.33588410420455
0.918228717015746
0.55438925385962
1.08404217885639
1.23952430639673
0.885961556737799
0.918225773227731
1.09610918778196
0.927252880410919
0.888658084691737
0.616602340764623
0.716695506850396
0.716693305947276
1.06496445471663
1.57535346171682
1.7831721654303
0.930338917717474
1.05095082694267
1.41426787859869
1.17218967898068
1.35877978704664
1.82001476926761
1.54132976423442
1.18067976834366
1.32309240624184
1.06869910276886
1.67704850755447
2.09937470200249
1.21509355450704
1.44666269036761
0.991289171466664
0.825868466780034
1.06673108912392
1.26797224012373
1.10731155898791
1.17685540608918
1.4447196416518
0.942505697768487
1.03208313829995
1.16444474140528
1.5605501205405
1.4061419421973
1.10030040212479
1.29441078716089
1.19752063196452
1.84246456848627
1.38034080902159
1.90141810011296
1.8221779951008
1.56254380808095
1.33526881996082
1.69738307098793
1.79778095209532
1.35680170698545
1.21443178171066
1.51050305564018
0.985503009596991
0.990517328781332
1.54746964320945
1.9757356460938
1.71061812108665
1.55558741487637
1.84261239631004
1.72705379143805
1.63411192498396
1.53714320589346
2.19090223532125
2.19862279590025
2.12552969102228
1.53928678198865
1.01336827481182
0.84369885189147
1.39611705504485
1.15604371235459
1.03729901033534
1.00636859100656
0.696627367989492
0.704333403346222
0.84539530025265
1.27501211689604
1.69241082482046
2.29114163717712
1.54400453397917
1.8465305626686
1.39646395680531
1.61724693700173
1.16935554896693
1.11825667200973
0.871566911132951
0.875225094325182
1.21388929051363
0.878617703731002
0.677834964894137
1.03959477915109
1.17157334767011
1.63718169485733
1.37065532796608
1.08252763248542
0.963756103573645
1.26371418275212
1.18486323914798
1.73204681969836
1.78212659033305
2.12993235921634
1.73593909540132
1.06662597248548
0.855074673956208
1.24148110028427
1.14466133994292
1.09619704779044
1.27984714931855
1.15453100034904
1.04299722158305
1.02683030789977
1.40813729642582
1.88540593528724
2.26288731569566
1.35616805294612
1.46860735984952
0.972147303613744
1.43458012682674
1.9509817227999
1.89724077836291
1.50172133611055
1.53631812676352
1.14676183503972
1.62965235123497
1.60277252476462
1.85494115506706
1.75058216975816
1.58989289681878
1.62233012813781
1.29377643226713
0.877922441816669
0.85994508254516
1.06089731797664
1.75596875918899
1.34994680396145
1.84804468258819
1.31212034506895
0.943976121510589
1.63999075325333
1.33266947729664
1.1666383610776
1.11459961294224
1.44277848946499
1.61242061806833
1.66316882159326
1.34877200693165
2.28280907733104
1.60402036379755
1.63689220461994
1.12283989785098
1.24055885848101
1.34954197117362
1.3880121086748
1.93590540445562
1.35204981485699
1.48141014823874
2.17766088520637
2.11284193818262
1.99451823716861
1.16555785067156
1.47451848702959
1.64096624231622
2.60631223186769
1.63137601212521
2.46072839312401
2.16758820208506
1.21963807605551
1.35361061427213
1.12319412595585
1.77532156874409
1.93612726901864
1.52632955310908
1.35978392863549
1.40368918531561
0.981254635285853
1.10615750745929
1.23016946808896
1.04122624241157
1.37785099076143
1.43218983872526
1.34718237854486
1.79555396814018
1.98590269356385
1.77529609279729
1.31958095358152
1.23577573986863
1.11095198752598
1.61378081591817
1.13727363820119
1.28586323469103
1.30780052446753
1.47203284971358
1.46811447140625
1.56254684838323
1.24656193806244
1.41218619726865
1.73954241011759
1.93554378934555
2.3823549592446
1.7171151788085
2.08496116087808
1.25428993022602
1.06391058128372
0.826683404648175
1.37825741326239
1.53254218809191
1.44374326437717
1.32980227692514
1.35883493730736
1.69772012803002
1.2873494816361
1.54443756235494
1.60279330863876
1.49433071451648
1.08205281173844
1.08614014831533
1.37730970646307
1.64304098997129
1.35555727580108
1.03049112546332
1.62485099211777
1.54088710169359
1.62875963271603
1.64446549319051
1.2517397859254
1.62042175910393
1.90675416866847
1.86046523623147
1.54456582634535
1.07340788823202
1.22395378818213
1.24234689388117
1.12644994832593
1.4644693955897
1.58305374508333
1.48449029917157
0.963591099666107
1.34043069634311
1.64920786336494
1.55354872992133
1.87675352541495
1.23067875518724
2.2269813397459
1.66419851982332
1.33719526856264
1.89801613804994
1.80945589513483
0.923485672813025
1.07567470562258
1.47238416804193
1.60517796791201
1.12449490058331
0.706396465827613
1.08499871687434
1.17270120590697
1.11802740122034
1.39356323821759
1.40980828985761
1.52397043080129
1.50611369213555
2.49047987439373
1.92670598881835
1.65148928475712
2.28037619919331
1.83498096740198
1.94208710725586
2.4525136843001
1.88191699208925
1.47226102170679
1.85863527461168
1.10838646391052
1.59721733094166
1.53358697459158
2.09179644901557
1.78790595682311
1.21038856165325
1.46594932721649
1.93162491768669
1.49005381924987
1.26240728666995
1.70362205238568
1.78924172301639
1.75248035849032
1.58544383840091
1.44672368335186
1.43573235539645
1.81199813303741
1.77971561221897
1.62022321700654
1.2093457209762
1.42066256270632
1.31305086403174
1.13521648957159
1.2461955294551
1.58182764063508
0.97840171717496
1.26307591173565
1.8479401865532
1.58949021968501
1.59812887566713
1.53433677223996
1.15669513951067
1.13091182191657
1.10257941316671
1.19847550875006
1.3019381086619
1.08049464990049
1.61051666799451
1.06870665549147
0.968673692379896
0.887011811364002
1.08361586606363
0.878082149285524
1.10467011192024
1.06860793241748
0.652663305828504
0.700225293637897
1.06056623298195
1.09754962578914
1.23594570780865
1.24475231114362
1.13196393542703
1.03449658707459
1.23324758847974
0.947955561012886
1.07290933321968
1.94230682131295
1.43994336979649
1.12072839740438
0.845999507603908
0.688056862173104
0.920276333306013
1.00228958743178
0.89401707247328
0.813715280589832
0.825142599358263
1.00984945280086
0.974109532223696
0.835137793424483
0.756879271017401
0.691191582819649
1.54032719196989
2.05857937534578
1.41379249105318
1.64244714721518
1.98615397044374
1.29043891777491
1.3085164044862
1.68544927892944
1.74987299212456
1.49447238175612
1.75429161124464
2.3694701715442
1.7045077021536
1.47741451084533
1.45022625465995
0.892375581984508
0.691791189903135
1.32704397367671
1.71264667446831
1.8164091147268
1.50110107582822
0.705571717732059
0.818921373289701
0.806196049402256
1.40316030763532
1.46012691020309
2.01297594900419
1.58459503359244
1.64093967052302
1.56503496991188
1.5143547953764
2.33568880088498
1.81115564084212
0.97645474366538
0.916126284158739
0.931342381287615
1.27886547593664
1.3723490616578
0.956164589649671
1.37624851113841
1.58083502672828
1.40784758865546
1.73439833176526
1.35246797728817
1.15132632851889
1.01966355010402
1.20191097778202
1.32874248963234
1.53181126038035
1.44061762386065
1.55579981271731
1.68736900874287
1.63408575465511
1.41127744515438
1.94632480533338
1.8477282784839
1.96774849902767
1.8766458642436
1.70259808899192
1.88564580461462
2.52538659105446
1.56161647734718
1.57262667178718
1.36315132170539
1.26666224130351
1.69009303046404
1.65333705172087
1.79649324064998
1.56809969392406
1.16337373386208
0.747923207029858
1.21043192597604
1.27741414093622
1.41685165332339
1.43090078627232
1.24445987148903
1.22862399323061
1.19032782595055
0.920433441858841
0.891114978148366
1.05013417354276
1.52263244454246
1.23355720263658
1.05745085217509
0.806533943326251
0.782958560181319
0.762719933089387
1.05909366190859
1.37829122522148
1.13332032033161
1.47854023873144
1.50622642924091
1.34366319873529
1.53883104029772
1.34376952370283
0.834562494955669
1.13262949181199
1.18621896384402
0.977363870946786
0.721720130387749
1.24599686665508
1.82852498529575
1.32595035359069
2.09618647256615
1.52720008578511
1.98386877460266
1.71774643907101
1.17642070355785
1.90715803284592
1.10771143109189
0.961772122001591
1.35211513168184
1.46854511976523
1.5051830477182
1.27070980551712
1.22063737099178
1.22977058656705
1.28515808998151
0.922834844393607
0.920240713145177
1.1196676531793
1.11569749901024
1.23685882741376
1.5192877826238
1.2973282912508
1.19102635067176
0.958234330889079
0.978712696640208
1.71502578171892
1.42102186226424
1.10205810166465
1.34604833245474
1.31885984705188
0.824041736393778
0.779873779319159
0.97708639989602
0.889639857545469
1.24785771162443
1.40582032081047
1.13991248342332
1.73014696240246
1.38335735275571
1.33205929341322
1.71540157719883
1.51970663168584
1.49044272918522
1.45701617095912
1.08395193182992
1.38853705146245
1.27169881791816
1.23423911453426
1.63983904953475
1.68436888392343
1.69454583291505
1.45856663394215
1.00327217732136
1.60051407982662
1.53224544940792
1.20715401048376
1.28639734780218
0.764578289624146
0.780078292796401
0.847826892472325
1.08474708790072
0.951592208100754
1.14093605835753
0.833284212971304
0.810042981702448
0.871244282854245
1.14471934642024
1.07287009839512
1.41224477642954
1.44548307088431
1.35805647029013
1.43895107603536
1.15730260076859
0.914847729216944
1.25066988389764
1.65334431721082
1.20126013260469
0.617864529279163
1.26664672218226
0.829990248461695
1.08168835663998
1.32964782608342
1.15017850662661
1.13249318837034
1.08454719578054
0.932405373852762
1.06901624207727
1.03203716986629
1.4239324984367
1.43428082194206
1.4174926427598
1.47585284826023
1.36777342784351
1.06624038852837
1.01251809252306
1.26705654833432
1.33838080520488
1.32921260194664
1.17228745792146
1.33425340699116
1.47798236908891
1.22407306023485
0.863594193964992
1.20101530439689
1.30914750542576
1.14398661420759
1.91698111365362
1.98664892174818
1.05634532159825
1.79186376778846
2.41236775480863
2.54820999920731
1.7063978396844
1.80556391610276
3.02130957233899
1.96217725491649
1.57948823287299
1.39524351201531
1.03009188609548
1.80533272832026
1.36484525580629
1.05500030608768
1.41110548297277
0.845992985083405
0.704402897014937
0.568102890041126
0.566606837734199
0.815285260022586
0.809030364066027
0.823369138666581
0.959856026109943
0.978408561417133
1.14058817455669
0.78749469759271
1.06964858620105
1.04736228188944
1.31027333992817
1.23292755813988
1.06024698793213
1.03759969034752
1.00093319085145
0.986935106035999
1.03896649982405
1.16588173546829
1.07513085244368
1.04402516600118
1.38969728238516
1.44194514380543
1.19855360294319
1.67700964532152
2.06137746412718
2.23762496952729
2.04884675466149
1.18469296286713
1.54536385925394
0.996115375682947
0.676015561914215
0.85306222606482
1.01309883057132
0.767233592076686
1.27323372563403
1.36323994394804
1.37978198494617
1.44908968205144
1.31074016244486
1.2582175002303
1.41934933393399
1.67057605621137
1.34820572964714
1.25523386330174
1.15728246406276
1.18361296472021
1.23503710741027
1.30354836121034
1.4813686045685
1.08084875952385
1.28063110009021
1.15602689581061
1.1186223683734
1.00293017736273
0.850049244063363
1.31142756302871
1.49670662209797
1.2547038955921
1.69862757208244
1.71288849954222
1.31136159366378
1.54002681789604
1.73888375416972
1.36488843959128
1.77156630900826
1.43921911413708
1.92105654001572
2.03473731882059
2.36297276287688
1.61602458314366
1.3321922238196
1.33659866774952
1.1827141215408
1.60309859137575
1.27240258401825
1.40167885005234
2.17023733123326
1.2846726686501
1.24247866452828
2.19239426215671
1.40137238212733
1.55983759948733
1.59310408675761
1.81389625764239
0.736387769867739
0.626968674703897
1.01084132984544
0.827947274025571
0.921684315024421
0.81349434930404
1.21508874404213
1.88396192665428
1.08441903580478
1.30836761917036
1.60460123101383
1.30588546186926
1.32789634249037
1.41461649477587
1.41439436030641
1.39206053871469
1.1013487541005
0.640853560406505
0.676906146453
0.917381511316697
1.55670421177077
1.10468094535923
1.32821950510235
1.0657606356566
0.704090924475718
1.2104231465068
1.26532350367732
0.931283500551854
0.973837943233667
0.878569101811473
1.20817587023265
1.0324537814898
1.16742397268163
1.40122710139957
1.20955731659016
0.918378314028871
1.35428169363236
1.10711393674907
1.09490076216414
0.885941227753328
1.08374419583948
1.15653450605373
0.887286253050874
0.819752091965684
1.19543586138629
1.19991937164605
1.48585082398368
1.62411808232482
1.34325029901142
1.43553938185998
2.00356355446877
1.32093363302548
1.67018931788023
2.42160695403565
2.23938329734101
2.35788879665788
1.36278120875505
1.78047306793567
1.59321946666638
1.11284246220741
2.10937770888546
1.75777808111235
1.51459535740282
1.66036267005973
1.66645987466127
2.68959817272718
2.27915940698674
2.13365195572039
1.82696563569194
1.32798494987984
1.2496500920074
1.2994257199755
1.07747611448767
0.952066988927893
1.321330458828
1.03293390829341
1.51548385488622
1.31100575305616
1.22253315778607
1.18433828307371
1.03935983852239
1.21656347114289
1.14352091879473
0.977341701728253
1.04609890582399
0.67912900687893
0.800576729323039
0.872505618832246
1.09481314541787
1.22422211930221
1.16483800140469
1.18264158328418
1.18000696630155
1.03825316491276
0.989553653408578
1.08345642682013
1.22321859811857
1.92647752855661
1.30624793944692
1.33523510718015
1.99860480006832
1.36775343250006
1.33476192839005
1.58444910836786
1.31019452514199
1.0510842010702
0.93180433811912
1.15460966797202
1.22674982081463
1.16424096932608
0.627186956127493
0.968243545302283
0.980952386539664
0.65650698451299
0.986998369834104
0.940308025786301
1.45094731498693
1.16981660631684
0.73563957725622
0.903528225277935
1.1336503384839
1.42745469624611
1.84285477187645
2.05146976323341
1.57748420016817
1.84506239408436
2.10755915005977
1.05072335789872
1.5150969919116
1.75752376012898
1.12164954419173
1.69145557617196
1.4246455324756
1.36213395205
1.47026697443224
1.175573072799
1.11471282631548
1.34481740779554
0.936947647562894
1.38547830982456
2.02570071063294
1.44641498668737
1.49440849063605
1.47563980127852
1.76634902031558
0.995356226503363
0.940578924283834
1.19488243584483
1.85903249654322
1.48687850180142
1.73206228722923
1.1792378059534
1.36493622048296
1.06875560464611
0.876147971940254
0.891303849865089
0.9103971904861
1.17164329868478
1.38533127363534
0.820487252001661
0.756074828140112
0.744033345986759
0.759790487398866
0.879490387639217
0.753073628070844
1.37172619492396
1.08646570788266
1.12559121635153
1.08603523799873
1.13696231752857
0.820470785021013
0.604508235958199
0.84156610419476
0.997619780415969
0.78035161510611
1.08120734048916
0.844799437723734
1.28463475983784
1.20209523340755
1.63169595065197
1.37343858643865
1.39539741416129
1.1800303852461
1.58707518032262
1.96306032495117
0.965757608264271
0.975263269752099
1.17541277642907
1.59976190405152
1.37704944734368
1.00254728039985
1.96277913662683
1.77641910638192
1.31670443515438
1.30306123987553
1.12355687120644
1.57365731658125
1.14742993247815
1.91231436801911
1.37196549959711
1.14950784584002
1.72869893372522
1.1104122328476
1.16020481331012
1.53955252369276
1.17590249718147
1.01345929583555
0.847351206628399
0.889138492302235
0.878403252624896
0.751641684613544
0.862901304557204
0.914751480598913
1.52722932633743
1.94100540987987
1.64008157815496
1.99863833767712
1.72038473820131
1.84550079656104
1.84945033362341
0.999472182959017
1.71214545446765
1.92086089573044
1.89907504153682
1.15197032976024
1.33175842903854
1.11511081078102
1.30089006024435
1.06409202916832
1.42298948029012
1.02786927877131
1.11236185042176
0.950417145305594
1.40910173572971
1.64823082126155
1.5850042078899
1.7466603711195
1.34168228628633
1.6235497085688
1.03829289396137
0.866559105778084
0.615865082818272
0.664114364368414
0.552325040345351
1.03173124529826
1.15302548779907
0.94041309054254
1.48443674257646
1.03246080804681
1.05583388108797
0.899392759457495
0.851377310539995
0.9717160603502
1.28254242201732
1.54334570384353
0.843805658132309
0.810764208804085
1.23106210809695
0.773899924801729
1.18047208770117
1.35630289493998
1.00213286561841
1.19459434520901
1.45227778360566
1.55735863599669
1.46519749015625
1.63239682539506
1.98010010745982
2.35352312081865
1.6856962012117
1.82602168417388
1.20580194129089
0.981629490617344
1.03933334412906
1.43533714317089
1.18287036009745
1.67755454852014
2.1802251314587
1.39126548352143
1.32665734923452
1.06417262288086
1.32273638375604
1.71172038765672
1.09381450053894
0.728810286018688
0.813836599778084
0.712041611131093
0.594850505652841
0.539675219815721
0.885213279983043
1.42223155574397
1.26153889100893
1.75845682904966
2.19964765597381
1.76684130652235
1.59969355085082
1.79111559264362
1.62487483902204
1.55815038843911
1.32046742845597
1.67563761772065
1.93534858134444
1.71473279124104
1.91987617820635
1.66217444387943
1.44416556349821
1.38601828190661
1.66370772753026
1.80645908532913
1.58069704606899
1.43764791342307
1.21830955581408
1.10615719303669
1.52811340100446
1.10205771684532
1.00002600802667
1.55785207237099
1.96356042171125
1.09543558495699
1.39149840531878
1.44529132249328
1.79880937952582
1.40732444584878
1.30027731604177
0.833819442580468
1.62081415365546
1.68645460022524
1.45149925845726
0.755164174777466
1.38202598177017
1.07413411015539
0.829749674624267
1.27468209284334
1.03164121815198
0.790478184643618
1.49498817906699
1.42653323410062
1.37436485001724
2.52966730800857
1.37393006630295
0.998882888451433
1.48066344360441
1.42848938848518
1.50396168494589
1.26915909841808
1.18935196065286
1.20521536231818
0.763494444535292
1.26732935895907
1.27890589219253
1.49190999620072
1.27734022999746
1.92059286112405
1.46705542424986
1.14107003533518
1.2473311344439
0.829809957305465
1.1064547668963
1.28314064473578
1.33897604858786
0.938258808761313
1.30710249738911
1.73290709505822
1.61883938149189
1.59599068803477
1.7998901711301
1.28086808969294
1.57902972927534
1.47305732398294
1.08358560045403
1.08559403153758
1.17103968827114
1.26587900228703
1.11637572482888
0.786902645978274
0.815671420650453
0.790680815414223
0.890567690203392
1.07560012008267
0.725187389950097
0.597004715875278
0.50759385365135
0.718893065444688
0.81456469059124
1.09524189931008
1.22286512813787
1.55376754645003
1.34681826025364
1.22644098609332
1.73487459680618
1.08926089973343
0.930500855763251
1.08704012510166
1.19986296367649
1.20492126138004
1.66932008467321
1.27960490674765
1.06018752350937
1.13656465564721
1.07745479894446
1.21699427042923
1.05463729398093
0.92352533721396
1.05176261022336
1.48990377171378
1.04355531081147
1.61289732226091
1.46168994140002
1.4686519400429
1.298102403603
0.847517430839549
1.42185999249305
1.70097411737517
1.09883633494212
0.891906762192265
1.0586319126626
0.974967081160015
1.02017495452246
1.19339288982663
1.17540484124032
1.24640041505247
1.24129665546664
1.84675394805814
0.986735586260026
0.943280330808407
1.70579842629212
1.66162132915206
1.15096202389871
1.291940381021
1.61358637203458
1.66540316614053
1.673072019389
2.18202144167498
1.82585209921596
1.23845673170024
1.08069448523677
2.04771679307859
1.79385581606787
2.27215431487144
1.2705530029708
1.33168281883906
1.35569876747771
0.983755342077513
1.89567261329782
0.822479741794855
0.968612255049259
0.956475089671787
1.20434924878557
1.33162531150648
1.27285091454904
1.71083014545291
1.97021614695347
1.28687235839892
1.23803087785259
1.16928759906438
1.3701216743062
1.02188810482857
1.8340880839568
1.26215621009423
1.79663730106569
1.82918969716769
1.72047620426658
1.3328243828242
1.50365761035534
1.95211175146597
2.22886727298077
1.90623887382398
1.90444131189106
1.75238424411644
1.4293919006796
1.63746594645265
1.73148261337243
1.00646998362004
1.15162998331815
1.02426982468149
1.3534930574824
1.25011275067644
1.70761886634291
1.81957561777464
1.9185698915026
1.0107936058135
1.55202245556306
1.41623327061956
0.880973628692276
0.911785777499875
1.15817739017168
1.17363948258207
0.931874345709233
1.08122361994884
0.913971053195992
0.915088397081453
0.898327366369876
0.961465884838115
0.958214748975864
1.26298419895198
1.44211086149438
1.3782083413384
1.69498741763883
1.64288901050907
2.16983825032314
1.32149334328248
1.26549366873064
1.62755702784867
1.27410009229302
1.30466775639419
1.81238936355561
1.53692283694706
1.49148116104309
2.16930642684756
1.67253269855413
1.78456128441206
1.38691878188955
1.31324526770012
1.32007517079853
1.33365473220892
1.42665600827685
0.924157161665037
0.986426952251807
0.860797019853466
1.10057550515864
0.803419900746337
1.13249205926004
0.895933180793266
0.932505145110763
1.29148816051539
1.19258763154066
1.10369731230472
1.46886979536797
1.49911584280238
1.25481790841842
1.23010796369425
1.30655638478446
1.55719385530303
0.695111563367119
0.633358141653915
0.513805511442891
0.880903831940994
1.43492542099146
1.36562448091655
1.70373093556686
1.47986222352192
1.43873648110966
1.05832104207226
1.47411409747516
1.84694000505384
1.40162200746479
1.30915404091809
1.58401780971413
2.58626285911372
2.2323683329712
1.63878125770957
1.64383837250392
1.71602944778715
1.42752856268105
1.40773618772004
1.76939131009459
2.03510111525671
1.56744864171912
1.37815640756127
1.02569581470977
0.706594454086581
0.745786725522176
0.851992410659342
0.743165176792814
0.653688336745368
0.879151363147168
1.29672399023276
1.21189032443497
0.772824246770194
0.770351857127619
1.00480438330299
0.90737006353619
1.35302745942395
1.0293501663533
0.940055706552241
0.853280186307015
1.48357514745555
1.20498898670498
1.89675655628924
0.925482103135135
0.963921530222271
0.992592670368795
1.23089312002157
1.43406332785095
1.29097291846678
1.81976884048651
1.0973905712195
1.06566024756561
0.906413567105924
1.01530894930337
1.64708756731789
1.57219919802843
1.48555772436532
1.53155742374337
1.05521641232904
1.204644401472
0.795304919586662
0.781747737151242
0.922526414297173
0.885696274265237
0.812005470420831
0.721268358947868
1.06242236381231
1.09742119425656
1.35618019369986
1.10593285537945
1.09378269743568
1.13165783863473
2.43286515392203
1.56377156405401
1.45371047755114
1.87512144873526
1.23612231575613
0.936241445298436
1.44468511467351
1.52423247415163
1.62522283865761
1.63866177264756
1.13927861122093
0.941535847092167
1.56315619945926
1.57466878086831
0.923304257942332
1.30356804706384
1.36472921367336
1.18907370892553
1.04949397462377
0.883851270940453
1.26858009128573
1.23081206691772
1.42159072281485
1.16251567081881
1.64881187456326
1.82871921270734
1.72218542674532
1.47641886233253
1.2965474545548
1.43570064507527
1.72523670995054
2.40966601380122
2.02447706338443
1.55494097676042
1.46116221015369
1.49593073877452
1.13517509885438
1.41195455857454
1.57123572169727
2.06044672546894
1.65701390029088
1.99084560383834
2.04628826904561
2.03814942577982
1.58668493481124
1.16749503093104
0.897420278383724
1.26162450168778
1.55845774053137
1.31287361396956
1.21088565171872
1.33891962456283
1.28027419206623
0.90817176330796
0.993804496871981
1.18942621119033
1.28514380771436
1.11233287770277
1.1220464957341
1.25568489473611
1.22884142255325
1.66608975660632
1.5202588720332
1.16948454051329
0.797612281244638
0.957914067483885
1.19868962619308
1.0829249195026
1.11599462303616
1.04421102383015
1.243589228633
0.901681425363951
0.794033694461618
0.555924454634788
0.645633952016196
0.497029473922297
0.551456498140711
0.793999706118435
0.899793657393357
1.07439197326279
1.49374513843226
2.07229185259776
2.12088407711679
1.04815134568476
1.49790254462895
1.44947160319825
1.14034738956293
1.15317025660266
1.10279232318658
2.33580346248518
2.34787501245272
2.28233744624009
1.76043887409724
2.05643712309586
1.10704005272759
1.41251734443594
1.84495309497776
1.53148722091894
1.32264049464754
1.47703033625629
1.73375200687977
1.33476451964627
1.34404125259984
1.30713388813602
0.980488244922607
1.00270535032095
1.24810016641144
1.15618501728856
1.14885279851627
1.1376193002638
1.64914397219909
1.56044874356961
1.23202736602141
1.35500003937809
1.52737177041665
1.33799288248952
1.99879434785964
1.71007846456789
1.33838975513234
1.71826810062995
1.11826364247127
0.962169702504126
1.25858932063455
1.65489751144576
2.09666317240006
2.02346528044708
1.72908232865014
2.11138445268276
1.18366764694534
1.37415817705368
1.05797690831214
1.40574803291866
1.26332606224866
1.13829535140155
1.4511374351296
1.17566512533225
1.45991716572933
1.46279221438688
1.59364455425417
1.11725709673882
1.0269572922872
1.13079680355381
1.24550289688408
1.7391226529076
1.2657246970339
1.54712475668141
1.21653248079158
1.48049204270478
1.50511863493203
1.29172798699558
1.27757410294925
1.2376649840466
1.88342577147388
1.54923613595836
1.5655063616444
1.45878821271751
1.38302138053863
1.35417531069798
2.13594119686087
1.81892472564277
1.69233923000093
1.48174407747599
1.81107143750362
1.46931680271119
1.50077427550192
0.957936552296954
1.18107596543745
1.28346718573196
0.711731666233463
1.27778086373295
1.04956152135645
1.03112391233156
0.964534013783875
1.21949789943601
1.36572375186064
1.02419511000571
0.784594166937964
1.05751433499474
1.04106171837498
1.56938660532832
2.24713578174233
1.57722702944956
2.44986986771123
2.05810727532634
1.81183643294755
1.7346753704821
1.24819291065377
1.43661726167419
2.04320038026385
2.16047499636387
2.0323719401496
1.84248023293851
2.59641147600831
1.87162921027973
1.38004558994964
1.93247601851426
1.58663090106434
1.69522383430267
0.941179846606534
1.55184363154956
2.08122376925929
1.54074027494623
1.37163389896445
1.48106218596393
1.38149984470804
1.59410883187746
1.1768724414009
1.37953028948447
1.78276448253686
1.89899908678834
1.42935723373636
1.83656576021599
1.38523415962825
1.3877534016544
1.5813007663124
1.54006683499357
1.30349057463738
1.17948541275721
1.17803620992053
1.91593600245013
2.76296338838038
1.99014306545862
2.48324341275571
2.41751631647376
1.89397017209376
1.72462892312608
2.50627985935039
2.30749308949939
2.4841238956026
3.14966094045099
2.41296749455338
2.54562236613445
2.98867957321231
4.33301588638629
2.70703153967467
2.36117177403458
1.9463976074094
1.3022358308406
1.40348385865497
2.01339657047939
1.93144481790061
1.97332404388696
1.48332542451225
1.25732397476125
2.19873497904087
2.32276438749604
1.70351199404931
2.33244220257695
2.3627165381302
1.44516275631602
2.24703069121745
1.70672555749152
1.24354697407982
2.00066574137296
1.85936247777957
0.947386943148061
1.39473348399253
1.83098336178466
1.73046718506126
1.47802583198082
1.1892637623428
1.30351723337334
1.16933809396058
1.44914273916155
1.91016628752111
1.06707226299392
1.11801962636395
1.18243742896232
2.04015549691777
2.02064988805573
2.04413117922225
2.1829671455344
2.09814949417489
2.01225754471024
1.47763452310986
2.40955150469305
1.66797659592546
1.41193591225567
1.26835824770112
0.96322686528244
0.94105620334883
1.52252268142336
0.843546349953757
0.995002663835591
0.925444762716544
1.70569900599099
1.50608725008287
1.56858421748357
1.04816672989975
0.855007991973815
1.04009764897832
0.987355283511372
0.780866861841728
1.23976292905626
1.06344798264955
0.923876132847546
0.792377822418983
1.17515330925555
1.17000641966612
1.67600294879613
1.00487066490513
0.874870328567656
0.688843004366172
0.805879993817673
1.15213105718027
0.909912918670474
1.35852768100551
1.34252575764882
1.20888817906325
1.29953570573781
1.63211696266495
1.28706917049622
1.54444589475052
1.15992753809925
1.46334737986126
1.12321200333455
1.36417837879797
0.943665698775045
0.817616162383404
0.718525571966983
0.761206345182565
1.30409047336092
1.04909762450129
1.33815389692344
1.4329382987316
1.82225361455601
1.26025995548386
1.71732422141272
1.79185521560251
1.27901489781567
0.599546594599714
0.835548213594344
1.0530933966322
0.852693367619065
1.14659888823229
1.42565058896925
1.24562962546949
1.56632040346494
2.03106012306431
0.932100129888774
2.0349035433244
1.72118010621819
1.43443056338744
1.5773583898294
2.19381036339002
1.37064838969029
1.37618901800617
1.12502369787177
1.48889761717054
1.7636408890612
1.50562978894124
1.28518761697939
0.933127605330006
1.51038830690454
1.41583046360981
1.2946979344866
1.12870183352338
1.23276007337189
1.09100014034344
1.12010895056149
1.52416869135377
1.36475821881485
1.89152080550695
1.66454699620735
1.5479136147294
1.77821435095992
1.35026887536408
1.13400227851053
0.887298679282441
0.851702619946822
1.58344762161259
1.13815646506769
0.842715013383804
0.830718649690073
1.18187523236692
1.43822251643844
1.40623894355722
1.69229302225806
1.81117733128938
1.52241300206374
0.956002566153791
0.804459606229147
0.823456877071968
0.977901596184809
0.781202958238398
0.646262888754032
0.949575184735707
1.45166591487324
1.18165498933599
1.62062309065381
0.977109605520888
1.40375244920029
1.19647940756131
1.05836337177701
1.31095555137088
0.852906719742373
1.31666668508045
1.19873391734621
1.1345518325059
1.10392225208517
1.9732606337829
1.08904523719746
1.6545789326716
0.968787559405941
1.33570284890245
1.33500960771904
1.2669636282319
1.53143335765996
1.42168325488645
1.24435691387967
1.58062558475427
1.15049153847795
1.75713146623288
1.25702346500819
1.70155535703229
1.45119149130578
1.45333469821358
1.52173358493094
1.30918952957907
1.13969044730795
1.44021539967702
1.55755284800274
1.04592458577891
1.04776725857565
1.44763452922655
1.13521141172759
1.58087268092607
1.40167936170553
1.26674281250815
1.74445880918582
1.14317111971924
1.24737097979021
1.15989608412309
1.05474519148556
0.746715371632959
1.07773714049828
1.03039892115547
0.737804673190432
0.919941929918698
0.542519444299756
0.584756808391991
0.732438485096572
0.769740925838176
0.659509416386727
0.722630334990796
0.683081226963004
0.751893513069606
1.16540661962672
1.38632090299555
1.32154898402106
0.970386944721
1.59750440287324
1.22057750752881
1.36647537793587
1.50653536457997
1.29787873500057
1.32063552762578
1.00445235500047
1.0131076862496
0.993308838779905
1.13793609123375
1.2604560400014
1.08476783958857
0.823223256273514
1.3791795355873
1.79397183182624
1.47664464946308
1.49224410600556
2.24515896797429
1.63796882399518
1.40541536875695
1.24621094327579
0.96416839036729
1.46081430629625
1.23461964508232
1.43390422712903
1.19174029032497
0.948866499962297
1.03383862563301
1.14857835287951
1.47954740353088
1.03153158200724
1.3568730453604
1.01678528525189
0.89696688841213
1.09287159033807
0.997621416034956
1.22838342939605
1.26194264850466
1.19387269828056
0.972353946016714
0.726107216525664
0.774976320047275
0.875423646615756
0.859886948186264
0.872052751657541
0.887477817631306
0.752515769844396
0.789716556291008
1.10092658159049
2.02510293863035
1.97345452334746
2.66243630590689
2.27355723909162
2.23684776365989
1.88668605532353
1.97978074396762
1.47343053492156
1.45627405970768
1.96106822480438
2.10038010047827
1.49656062083467
1.53947427438003
1.31618942234573
1.34236688689822
0.791592467223182
1.04432550162839
1.09119527011797
1.67518524744574
1.26304363194934
1.11213451381067
1.8711230980939
1.68414650411396
1.48332835338965
0.999461943487592
1.924454470314
1.27959664322862
1.48016341906979
1.96156013220908
1.49923492130168
1.71534232117051
1.79637862031702
1.12336656705456
1.05513460422082
1.65136260455668
1.53789272102962
1.08406277087941
1.13274800728161
0.817684895448985
1.24961747830235
1.38796586268488
1.75991288879999
1.93687865131047
1.47887060537617
1.68865048849768
1.71173178099307
1.48075313929345
1.54483414280638
1.16282733533242
1.33581883523881
1.28679950516335
1.63406309929682
1.38436167775509
1.46664036327589
1.99526891317397
1.57540336897346
2.33295996502725
1.78558954472749
1.50286630431002
1.90620674752821
2.39586183814533
1.95937900844776
1.47670169482145
1.66854591943217
1.33211054725036
1.3403438032167
0.671214406613963
0.914839298346768
1.30739938420239
1.45551299259685
1.18872142227771
1.18563505930702
1.34299534717092
1.44654734371543
1.31864943516844
1.35770416902418
1.13961252668444
1.19652185930513
1.32470580734815
1.22490458096797
1.09870874938265
1.98093101604593
2.35942880136182
1.491747457372
1.58246812016799
1.99556760797127
1.90893563927505
1.43147244561222
1.90875035566208
1.19793371944468
0.989518823160822
1.10258746419181
0.823223551037605
1.45705882065118
1.161584499562
0.812234849894245
1.10904545955505
1.34026919263641
1.12256296928822
0.970215202359396
1.06740727169519
1.05223953492542
0.780850245380102
1.14383257695241
0.980089250113888
1.53865045271926
1.13252477175453
1.09051560674956
1.40308406660088
1.73381960206467
1.43418085465265
1.50852393056098
1.43124350656608
1.47849995587156
1.73730432422328
1.30581827653117
1.46105474658384
1.45106689533377
1.45248592697395
1.65958863694916
1.09715344190887
1.10585107381693
1.3649009378844
1.21929942059279
1.23590783263737
0.868025043959143
1.06888613983857
1.55727873165645
1.76232258324194
1.90984854764623
1.75637419901741
1.45501604367917
0.935391479610989
0.985112037907939
1.1537390150971
1.3897774735034
1.73062790208119
1.56962138917747
1.77915413108337
1.31860937144333
1.01066431388056
1.1241055274212
1.65845292153749
2.09339079973232
1.88619245121898
2.15420733436034
2.1684110784841
2.37317865875098
1.41378939515777
1.74552672801144
1.37370776989803
1.68548152594325
1.19641034344989
1.65412849481307
1.04818282680047
1.13035787173233
1.10593162390581
1.44406885887937
0.826232769154266
1.35792087479983
1.16646853980548
1.15186338477594
1.32850574640283
1.22252581167481
1.47071599196001
1.22555792806381
1.62110561865278
1.05048140180447
1.22951192486025
1.32655589391691
1.15156803141765
0.94666193793628
1.35003547492124
1.05564003014525
1.36095999951832
1.36008548348568
1.51086442603407
1.64295206992348
1.55520105567257
1.86043859444243
1.58355396178712
1.51606387330066
1.13791222989692
1.4938597272166
1.10903021878215
1.17383474614143
1.43377550827667
2.23601850909845
2.24150760873852
1.73840170202497
1.59264382943853
1.96462363827535
2.15074215824661
1.97036131303711
1.94089130096578
1.78296872566423
1.89513594479191
1.47962122547038
1.31650303848366
1.49189186756029
1.70045982166327
2.30142538252341
2.20368376252779
2.26222614458455
1.81479637077001
2.15495177369679
1.26225336679991
1.56298403207227
1.14328474502964
0.708750012703474
0.467944046605031
1.22432702921736
2.05195234727138
0.988863842214612
1.03064489265549
1.55148835456669
0.979287216903735
1.03682071733408
0.811881991195251
1.13984150425052
1.32571001037145
1.50670314068364
1.4475154715696
1.41660328853706
1.37895302748305
1.50625742625154
2.63049417255602
2.03424385044122
1.111327882155
1.64259979272131
1.6737393706064
2.16017688015599
1.66213948029737
1.33990995103788
1.1219954301435
1.6135273757643
2.00223038379808
1.09814019875266
1.40155979411925
1.15353140146354
1.03777704615813
0.735670348944201
0.809130618809109
0.998927608695734
0.981102484506387
1.14425544354745
1.47750913468691
1.44224091395185
1.19811419397994
1.09095421241597
0.78770924466037
1.2875234677476
1.32900760517101
1.71701750952527
1.68255152889894
1.41615317460362
1.81699845585099
1.42570762184521
1.04072564939903
1.12244093402994
0.98919195341485
1.66477705287928
1.37383241147429
0.991963663697998
1.15653359914365
1.18250630052007
1.08363709277097
1.18935484647423
1.28637700602057
1.65316744567195
1.10160099103221
1.01655373640047
0.99472408093662
1.1995899657104
0.734268495707112
0.951396261002678
1.08458068492831
1.5233814862448
1.58644795392613
1.78123160305737
1.86133377709412
1.51779729269919
1.60978188816308
1.55366428012332
1.65100099948825
1.75134284014496
1.56407974381348
1.63327248373011
1.04498720843314
1.48079833833886
1.02663514231035
1.12089300830248
1.69644486725071
1.78041707198957
1.77923563838466
1.63847118384141
1.10907447374031
1.01785462348312
1.15436587147334
0.723711641573008
1.09269771885472
1.08827172412474
1.05031361299978
0.998152494313313
1.09940245380118
0.908082570549408
0.853383141597545
0.987873125832131
1.38068413684914
1.3395972152732
0.952028004109654
0.974006877860071
1.11316480663272
0.912626447610745
0.750414280913716
0.884588344760991
0.939103005718017
0.657469874641333
1.0062287061312
1.16563943072458
1.10338194430634
2.29018923040922
1.60479915600541
1.72372181101154
1.72910956162896
1.76007149138844
1.84215439999082
1.54573280955201
1.80626965966481
1.34972738699601
1.41714389515732
1.17416136485961
1.01741910974833
1.40428646479684
1.05294673708774
1.39599490136922
1.59340480763901
1.38346012986216
2.16992086123441
1.89730402797193
2.16322090827957
0.943006166949006
1.16383777942836
1.03777715321975
0.789584867823232
1.03824751038569
1.51034199857441
0.967628108997772
1.11731519202549
1.23133375535462
1.42081654866044
0.983769556057993
1.08428592221253
0.98648223997382
1.41257298754053
1.14386453855238
1.14954934322705
1.0658012250073
1.67865463862704
1.0091928779002
0.90494782813636
1.0801769769932
1.21945219889554
1.68606469680858
0.913077764696665
0.836499472776511
0.962034924626809
0.844783913992578
0.808553497451365
0.804043601619069
1.03239126023827
1.10708332091647
1.50352435852611
1.52801960578308
1.66711075278927
1.91524814334693
2.03073611538465
1.91087253508664
1.49828945699003
1.47492554530787
1.41039145434401
1.14286426896166
1.03027093309908
0.935756499182452
0.81737069807578
1.11328473100303
1.43547280528091
1.41571967185427
2.16880052673331
1.53196586896372
1.39558323172054
1.30451320884829
1.33087470373739
0.942986766342762
0.724668788480111
1.33149863812036
1.14819195777113
1.13608321183273
1.5225640662764
1.88852171525682
1.37627097768485
0.86595476037845
1.28671120267026
1.75922585713603
1.41802611472164
1.57849164673783
1.34950517196174
1.01375117888979
0.701097962437953
0.586319025111716
0.660642606665946
1.20013960511549
1.45098355080533
2.11365526251124
2.25176648343341
1.58245494121063
1.06569866738584
1.13699763842764
0.6188590083423
0.809101235899035
0.772840971928458
0.818918366464071
0.865681372486924
0.688016803259341
0.973424840892531
1.76253583439764
1.35532183297118
1.05588915654694
1.25194320130329
1.06991777285894
1.13914841400296
1.0569122689793
1.79020394467177
1.71031376496665
1.75407346664497
1.88122429270823
1.55541020593419
1.97212699626329
2.43154091197865
1.34450216202312
1.38120735379377
0.953733282541933
1.38074045537502
1.3158433178019
0.997577773946704
1.0320706192653
1.17736654417009
1.00751407821684
1.19518199411727
1.17895413367042
1.31984412736264
0.984504869356586
0.989542579651506
0.901631731890583
0.773136281158061
0.665687742528835
0.77287475296152
1.00350489347053
0.919379549973414
1.27802289181522
1.58117903194336
2.33249833237721
1.7961738765078
1.48944621970257
1.65405366359804
1.61224149455816
2.37310521176039
1.61477795791824
2.12904180134834
2.00879429875392
1.38918612216596
1.28591467537512
1.69346023166263
1.66689315400182
1.06421663955418
1.76076496446816
1.13283405293644
1.49811045462265
1.41088907651528
1.31942945173367
0.988205122111502
1.81499608349832
1.50261213005813
1.43555097975505
1.74034638589569
2.01340737096285
1.54365372092077
2.66576111347902
1.97268119399743
2.1433865549138
2.21854451933694
1.5708896565994
1.62195535212596
1.36187608937116
1.06487598769157
1.47785237329499
1.06093729519885
0.97973333596717
0.926412725200638
1.2027898885225
1.30829701654914
1.37633939091143
1.76046077900405
1.51486917902032
1.57875081626992
1.67136909200461
1.6255923610684
1.58854354910762
1.43351108871305
1.41253728040759
1.51277167563121
0.967420376433694
1.72618965308535
1.52533595618531
1.38566456065606
1.37710271659495
1.39126017002785
0.850592061871597
0.992889782317767
0.968220593513425
1.32759599578323
1.15345106817025
0.727877440560272
1.28514381486705
1.77050657631329
1.68584211380765
1.54008048320561
1.34248745681176
1.62960303066646
1.31974080274654
0.99915113816806
1.93207494694379
1.05082933931869
1.01614826722657
1.29465902003745
1.59026486839713
1.12623389683189
0.856744757878474
1.19747303922144
1.26091463294316
1.67699719644337
1.10723322597984
1.41180873005605
1.28057863527117
1.15489743552844
1.77627949548588
1.45551890901188
1.92499014246093
1.71710356737811
1.89822804655416
1.44120049882885
2.14477158160724
3.22296459549978
2.60120707222736
2.63419705724837
2.6445436737129
2.21318558525226
2.15257206714069
2.45395504183149
1.92128701714447
1.3789168786587
1.35971481966419
1.19301749666549
0.711505775075566
1.18348358429418
1.57204675273898
1.41150537901672
1.3152837375435
1.22136517604093
1.35084324733506
0.862294978522235
1.29505445412032
0.641264800505038
1.14404141520883
1.86506319040274
1.34311029010567
1.35697122549666
1.4907310861864
0.920278595653754
1.05305634337785
1.04288099116009
0.878707662662549
0.805362888945979
1.18227229733827
0.99394571081608
0.938044381529914
0.650064987806884
1.02752402266469
1.19593833309209
0.826763799170323
0.827433430304731
0.716942263627722
0.634928907075088
0.789283760157303
1.32242091697923
1.51037233626954
1.44511170370284
1.22274863512286
1.18404102275885
1.5168691325176
1.42736254684958
1.20100297436045
1.70209645760899
1.07466855523688
1.34164133847811
1.39202744669229
1.73711168800455
1.40543567754188
1.33440272793186
1.22415618494901
1.93817421483059
1.56359000564093
1.40493176269969
1.445590642238
1.30251717547081
1.18594805437748
1.39827335148509
1.42776429004576
2.37240407374496
2.33566311468406
2.40161553437283
2.24873462666641
1.87412344482805
2.0588055248348
1.91357103869607
1.48544751311056
1.51565840788901
1.14612703239316
2.09719759179401
1.04917437034204
1.16766923102523
1.24951158390343
0.781663462892649
1.11186390030921
0.871183793253155
1.42705625885319
1.31448900447991
1.68603942316465
1.50503977178652
1.29848271884785
1.62399495496771
1.59324547087032
1.54903233180567
1.46871870119474
1.31977961797118
1.03327052844063
1.04135306613483
1.94289433586705
1.43962257964885
1.18747779763223
1.49229029097805
1.42421094626521
1.11992913672059
1.80041756921217
1.58268020731905
1.07015236932515
0.742856246309285
0.735442732926888
0.916669771170434
0.950235207158095
1.22512317037567
1.46954243740957
1.49226018866271
1.4203912248491
1.02434273235813
1.75108405027438
1.76634684143238
1.45626124603341
1.44173897491942
0.979699627747872
1.07090370395199
1.49064478246057
1.59937475656718
1.31824256325073
1.27254029678335
1.34465661772782
1.7809689340754
1.55670943109438
1.80489680148505
1.96756656770899
1.97222183000634
1.506784236242
1.21847534361567
0.766689071649157
1.24438042297859
1.34836032342006
1.43549320099671
1.67722898041766
1.41596679626668
1.82491402982183
1.37099855582142
1.81919231929952
2.42904692812437
1.85660668466392
2.01601464291679
1.17635414832188
1.73956706962365
1.63376942839276
1.60963915462239
1.43141753677391
1.49583462743194
1.04437648203681
1.24440698904297
0.86307574894453
0.80690552302965
1.00481462589103
1.15305264692719
0.878854836894567
1.01727608547316
1.40851905027293
1.36932222387312
1.01692150591723
1.66992553388964
1.0037803168764
1.20625228330075
1.07846205849325
1.40846509682427
1.5348901718617
1.14991701653304
1.22936100524185
1.60632286504112
1.16429309262744
1.30959441146745
2.25372663064024
1.86667140798195
2.01802224266062
1.13049931493217
1.86501513407804
1.19562220559055
1.20433244398938
1.50223658110223
1.63504260000327
1.37705468615996
1.31259631153959
0.958798293624559
0.94101954434413
2.14321789107507
2.22354953074963
1.76957762130735
1.56690369183016
2.00811125693696
1.52415601548558
2.33366686608887
1.62824015431566
1.58042690787343
1.98114056876881
1.28038848023064
0.746701767839715
0.89151554787013
1.34240519996909
1.56798799663737
1.27161006023847
1.25063776126784
0.827091200744288
0.910282128658703
1.18243416788913
1.41295232444627
1.30867829743571
1.50942437230089
1.42977486788343
1.98256210482811
2.37199327926925
1.58566699097517
1.34039552976087
0.963824786713245
0.957475805377958
1.69161373051327
1.87537053376704
1.40836001891892
1.37674442917867
1.58961734444332
1.50089153745681
1.14656100890064
2.08703013447567
1.9451608495606
1.70429645120818
1.32751922356503
1.40979543765031
1.41382396450809
1.47778153031831
2.50368546004625
1.33831787093757
1.89719011465523
1.68613608734733
1.48628462880802
1.6433361754286
0.796927546088048
1.01084988405991
1.46102635649067
1.56445996143863
2.55654065014286
2.17112910362493
2.02226569921745
1.75105224074424
1.28236950355027
1.1328008478294
1.06632947931958
1.02666900790583
2.4974692943008
1.42032782430749
1.61298319534899
1.04986158804881
0.784415570707941
1.3810525824503
1.28934297465749
1.06175791942829
1.34672157429468
1.62037831243642
1.61316241663677
1.84489826578252
1.4122398851145
0.838419150425664
0.882533836954768
0.760419232652276
1.35073398430654
1.4795827171289
1.79417502919075
1.55459901662617
1.85827897514185
1.50190312309065
1.52894231622838
1.64811466126175
0.930025251462535
1.5651140965065
1.38218357181452
2.10373993247302
1.32102206744762
1.85674562347062
1.93311663928546
1.8766019328665
1.6941537078331
1.39706458082119
1.30156663059167
1.32656876966697
1.62672854830411
2.1108576430192
0.939837967720192
0.9093020725586
0.777255437841515
0.697857853369724
0.615902793219994
0.966153069022018
1.1455919878302
1.385325170487
1.15456268751532
0.771928495023278
0.796756415448633
1.21191525743025
1.05231497004059
0.938942552702344
1.05135875039666
1.29081849548731
0.852963699508926
0.984404308936435
1.20006863311874
1.12968923943642
1.07060506664993
1.2057547319232
2.05929098994347
1.12222835936249
0.73441737286543
1.39691287042122
1.1754549497783
1.23863933371703
1.44838081076183
1.39621786614205
1.31100584368563
1.98774263895558
2.01757595492413
1.84014537826228
1.68531119196052
1.5170160667795
2.01389736796542
1.73286559292408
1.72507004860863
2.05029233291405
1.66377423367931
1.62804175824712
1.46350894648084
1.35087125148334
1.04941686835769
0.703667491775388
0.952784495883241
1.15121544506139
1.12460259924291
0.930534946785591
1.220226806267
1.18899410479171
1.27987500265005
0.759442251976617
0.929272247586564
1.21733787158785
0.852488463767424
0.973752737655088
1.13842671668203
1.10215093045294
1.47574538386916
1.26883831691433
1.71514984560607
2.1075360696565
1.89728949769075
1.83278442339937
1.59250289949666
1.52826197004579
1.78502173274502
1.27294429257716
1.1728917416862
1.35252921750076
1.35303353982972
1.14475562967186
1.11331321090707
1.28260152107316
0.980091133890755
1.05553443059438
0.799469591795512
1.52709459249954
2.076150157466
1.28469564150379
1.74806432040862
1.35588255276355
1.58252898181146
2.12027510729515
1.9773849473312
1.45626737442855
2.0838053023426
1.89465209372874
1.42965303181926
2.20583849754934
1.95891020439405
1.79401737944778
2.17988399801126
1.55578581766489
1.57656175585882
1.40872523337638
0.999715812828396
1.81002202444732
1.31845878380931
1.08060050613931
0.801317859261594
0.858906076030273
0.72961235374819
1.06262624672967
0.926960284883085
0.850311359334247
1.16211909483785
1.38885205767619
1.60034171309693
1.13564032290611
1.32922905195255
1.63442975656592
1.42966300096982
2.02289592173311
1.83082728079966
1.1676270550263
1.16586463941027
1.38308061420735
1.6695981143011
1.67515464150821
2.18585442337688
1.06776250085922
1.50582771398119
1.05275387305935
1.72970601422668
1.72706165682742
1.67213707185001
1.7363801571002
1.33289513715743
1.4571002702153
0.864004443159455
1.02025561931914
1.28072309671136
1.21624155981689
1.09737164848437
1.15283353458401
1.21356370987756
1.30656708674351
1.39118996230325
1.30043858033076
1.7018591884904
1.56800522063996
1.99703921953682
2.95601484476666
1.50926257410469
1.79833232264467
1.20644564423141
1.41754869254506
1.43852651240775
1.96351256157047
2.1752061999108
1.58309022109127
1.61302850986468
1.5089175737482
0.930031145420303
0.760600890953528
1.05307246237301
1.48914968378507
1.81865774376635
1.85103851403625
2.80006519613791
1.51528363447894
1.60443529658781
1.91585246792679
1.64213469648391
1.75600959664406
2.09706717853033
1.78379756157525
1.24573289907618
1.61813258664643
1.20971918739064
0.682393054063986
0.595155104319757
0.671880570353179
1.00271896774193
1.12318882627313
1.24294258738732
0.683907901178556
0.70584501088305
0.728291457160523
1.01468474595259
1.6346653186531
1.69165488952668
1.22227082859921
1.34030540934563
0.9682347077944
1.67149769903659
1.90092812324562
1.20053378933187
1.36043102490781
2.29467602779962
1.77952753870513
2.31535753007706
2.04457934235847
2.12267004786455
1.84958813827475
1.20056849478114
1.28487222078476
0.609722740515397
0.687770726212987
0.690788945619705
0.884069471630126
1.51269084112262
1.12942002345312
1.239125836287
1.31660577488965
1.55586707696866
1.23720752668765
0.974721813834165
1.06382040250005
0.64433169513879
0.711006166103331
0.934116211643758
0.814879773827045
1.0088338297245
1.14553393368321
0.970927808323079
1.14683857681955
1.51488352977099
1.52553903554022
1.84393796135262
1.31683655251722
1.2374259559105
1.31022903955207
0.913200047167872
1.11086601413179
1.42371834636087
1.39390522301528
1.14798191894083
1.17028566390452
1.66651294621522
1.49389396962752
1.2104013047332
1.23233550384883
1.27918229494055
1.3157240829877
1.24326568391274
0.797872313041066
1.23646352720255
1.52607307226041
1.71669629857694
0.907804496514652
0.749882463692313
1.38761475415381
1.05541542779042
0.931876081790535
1.21217876041178
1.38541975568267
1.01223976626795
1.03119524746951
0.900309319458961
1.41254711943881
1.1969264360948
0.800046871407926
0.910003628222114
1.02207976261158
1.8015632890394
1.50024896263897
1.4441673651128
1.3536016588137
1.85270690863637
1.22209605764472
1.91190585307299
1.42256575416108
1.91971400429207
1.33877590348626
1.34589301485558
1.32407923123229
1.48643856837853
0.958174885060941
1.0444343371643
0.727728802186985
0.794935386337169
0.573209090045373
0.721715680840612
0.902767418862229
0.547150075136413
0.710441326134799
1.04317309805363
1.37393238358428
1.4335144687884
1.48671766349857
1.7943273685402
1.06370998352529
1.20394012039784
1.52758911821528
0.899365675955087
0.851973661560852
1.33058898656251
0.921663184837087
1.3514158677903
0.91833551573704
0.839478537122631
0.576133618280702
0.560454759225845
0.631899509225396
0.750917494105432
1.02781395064729
0.851297452222557
0.896917724670832
0.616720002122409
0.771455596838383
1.24063830551
1.33753695901381
1.48184301909839
1.18025887976706
1.54452450296669
1.062490812118
1.22204497731843
1.18533598958631
1.21710308511697
1.65309838525812
1.43819462767705
1.20361130627905
1.21353380429452
1.47781626496459
1.4390494129098
1.4674437474489
1.10376077110293
0.887467097175373
0.916115856308438
1.0415092989389
2.01986713982249
2.97138768631255
1.70949871838517
0.99734827009002
1.13715319540002
1.30224301356814
1.36956414239236
1.3106600268469
0.898167237510337
1.96476685015217
1.52520440583834
1.17901444880055
1.30977119976165
1.29486319295553
1.46291121523595
1.10395643982499
1.35451628917025
1.7238057932624
1.41962368053601
1.34065047542593
0.766324214246631
1.51152747913316
1.47349415780195
1.8260376852931
1.60725837875238
1.33512484748495
1.84483885910026
1.9686788750751
1.23424946717063
1.42196987792481
1.43693619231386
1.99386513211381
1.50622248073724
1.63615925722038
2.14381825003619
1.71864821604827
2.34007678830109
1.64633613068088
2.39237853985802
1.99233157153291
1.60723992315297
1.20896095677323
1.25261385400986
1.47332428520468
1.49934570746495
1.38491822912641
1.07800576482502
1.18055481709954
1.20905815064283
0.914226960375143
1.92546476059052
1.9165875036462
1.77383183157065
0.925913579235836
1.16344853319455
1.47717522216793
1.90265016915567
1.94721416790833
1.31240346159184
1.65200170597658
1.13235733840652
1.5264583201895
0.936692694606962
1.23434713946721
1.33971027305585
1.20751890519052
0.880677907640954
0.919417777202758
0.870954963041876
1.0031071488095
0.861612532829812
1.20619877564163
2.24442255061547
1.90994837087885
1.59874968260626
1.49692362994421
1.33895177400846
1.298647782331
0.960757446969123
1.11191163311006
1.28826611482092
1.56078667120127
1.88096562972217
1.52460550024566
2.5259978701844
1.65501104636821
1.39759704439277
1.60527918761114
2.65186484620314
1.83909276108058
1.4262730975145
1.63851455696694
1.31948241388704
1.52769098125917
1.4400031944111
1.42286508816238
1.474829380429
1.04965396084874
1.6188122567148
1.37850516832743
1.63630517880403
1.16969378966088
1.37622490009456
1.20970313873409
1.55810337569156
1.9449833881171
1.54143318142675
1.52005071332083
1.39000686349239
1.51674480651166
1.49395048495803
2.02333280404908
2.10332039119643
1.68382318503457
1.32901373551645
1.56261178937575
0.904827478445983
1.21351931133588
1.64299168481625
1.67713345622491
1.5866255444408
1.28244845746344
1.47291570602634
2.0209716013468
1.73424508487843
1.94484709719809
1.71514810486799
2.02508292401088
1.56331212200841
1.70768286027638
1.99659343923868
1.14711877527835
1.16662834878487
1.10825471076509
1.20670860784213
1.18965281278957
0.975308218196582
0.906502039173991
0.854235779346006
0.933362239047813
0.877684193719447
0.80174098548002
1.06527846696294
1.29287411629091
1.23741101917455
1.23241084517391
0.825687506706529
0.978895425276008
1.17012541236821
0.759080841760282
1.6621738051971
1.76130824904816
1.43864212717489
1.42418046623112
1.3116122640823
1.20476713849781
0.897692087353026
1.35936637218469
2.09925106466783
1.61587067751497
1.55361904145939
1.28753657422022
1.05814478546272
1.36592328639271
1.30592123170034
0.843074528790069
0.766370058527849
1.12071527031736
1.06476520245631
0.875231806836645
1.04969337961507
1.12823699979515
1.29571270259746
1.28262947718025
1.08643352670418
1.5043666704778
0.987909463858849
1.35401739218614
1.56031256077931
1.30603765257046
1.41071092404825
1.0342550776089
1.31326858665521
1.25793332257284
1.1382347422568
1.3228222045326
1.15388270911381
1.39073040830721
1.09909763572933
0.96517777119924
1.11967724413202
1.54300806585194
1.68777756526705
1.84419319403524
1.43445495224188
1.55414749202687
1.53973304453945
1.29957985422403
1.81032591079391
1.11207115206196
1.22196766972622
1.2099546330298
2.06471697953763
1.42744494601038
1.28133936444077
1.2329534540777
1.11980692248917
1.03857910299044
0.960821747525629
0.974562329403525
1.18175320079631
1.50779068860663
0.953767405564239
1.19053805554638
0.953220246779081
0.977744210089885
1.51240377739602
1.52219731911178
1.4135118940303
1.56873626375959
1.76134771726449
1.46388281462773
1.23738619087119
1.49684964991172
1.63811285003269
1.09202758736979
1.2769781273669
1.53085039006065
1.03676815721962
1.37355224806062
1.36393864953629
1.56146942966833
1.33786121209611
1.35960021636828
0.908188242233532
1.28029511749776
1.23225635868559
1.17029644346871
0.997069879577027
1.46081706573921
2.05856977962688
2.32940238814291
1.62254655747734
2.19280672639231
1.93043495592601
1.82083105135297
2.34352866771496
1.84962099183269
2.42804794750691
1.24709221403401
1.29244578114043
1.99348791011673
1.4633265097728
1.24062100952275
1.63809142315317
1.71225565601574
1.64372832697956
1.26042651578226
1.36752490850126
0.80864920453331
1.49104895145261
1.62759171040321
1.25373593816726
1.34429925631677
1.79479350795024
1.75929817419456
2.32564926697823
1.40545475237035
1.81752411036032
1.63543197453321
1.78359706573158
1.80063633816505
1.62454844606281
1.62744451509761
1.67450992717663
1.11526008679212
1.15345528269287
1.27811040847484
0.829537931729005
1.13396404217598
1.01463456364994
0.772608796477571
0.864578537223754
0.874488060309218
0.706010354699386
1.25964538666912
1.25947947630987
1.10996766532172
1.27651882526392
1.15231873544229
0.856323672301942
0.717987630014679
0.734579620853109
0.693517469953465
1.37708493967485
1.91692803053812
1.4760345764867
1.62988166327432
2.10957407207713
1.10948805852228
1.43250602783912
1.2341440308988
