"V1"
0.23433155660186
0.240871460515218
0.242977699319498
0.257083272857652
0.240921180588164
0.221921578443433
0.195616366541942
0.209422398765428
0.18278910452339
0.179522164351411
0.18986024062079
0.191161984615316
0.202395984591926
0.211940899669336
0.208031636294519
0.180048459305632
0.162663939735986
0.16641424928702
0.17724481758407
0.167704746342313
0.184261121073897
0.209399470649171
0.199066163475994
0.22232716319485
0.2160708093121
0.214388297312604
0.222332606253298
0.216278957222872
0.215701238128187
0.211702505654121
0.212747293681687
0.220388659035216
0.222200019236146
0.228353452449845
0.234026310447873
0.213458948215578
0.186830726129555
0.186911669492897
0.177345332669604
0.168469074450862
0.170119386994098
0.155742973489322
0.171140326686515
0.168625803342996
0.189726005840834
0.179671545757422
0.195855608100509
0.191194278398139
0.192246671834381
0.200325873315764
0.189221939389636
0.206177949258621
0.209768286854285
0.200637367655576
0.204950465530122
0.21203866767741
0.210356873182648
0.218443753066036
0.212488452509545
0.200491640024923
0.197455215088231
0.22293506066677
0.244608598161677
0.247254409202024
0.242544032646323
0.215402571418248
0.184962444814263
0.207919566552803
0.193252039756652
0.20406368933
0.208668496290365
0.199531498613679
0.219469056223628
0.225175702333398
0.196099878388059
0.173662230247224
0.169618811597168
0.149332108733773
0.158603853029069
0.154826563897791
0.158329256806784
0.13917282419921
0.149581194177353
0.149770897541397
0.151312513804417
0.155503318163206
0.170958221739255
0.178731939670223
0.186079221722902
0.204882998835316
0.184694300855951
0.172926391806383
0.179957302481012
0.177845481639421
0.180730991625642
0.182853363250557
0.180125654428404
0.175319047573343
0.192688615289417
0.200055385354701
0.197529989627602
0.203668082663204
0.222275165893594
0.240348852170061
0.233653802689981
0.194771771722818
0.173173805752904
0.159993923885009
0.1814260221773
0.183081096700957
0.196358741449264
0.177940740648668
0.187857837529205
0.210927332878018
0.215867650443842
0.21256079937577
0.216389489832893
0.238075430839615
0.252476770328072
0.249977748440984
0.262670514727516
0.2378038166637
0.227608861720345
0.254174985033296
0.249142028015463
0.230713384912158
0.211404928144539
0.219120223914251
0.215712621909325
0.200567031026868
0.207063593548918
0.211902451477753
0.202085072418266
0.193426660468928
0.209170875189384
0.192799948258903
0.199327044671422
0.214361963331893
0.185957641779739
0.177007246657004
0.192777139550251
0.186320194585198
0.182107153263518
0.189186860546173
0.175408222866187
0.160672132559914
0.145668189954017
0.142054184509633
0.147599664602487
0.155464009124386
0.147203808483944
0.176001793024141
0.169607396348471
0.143484444625667
0.144320461029148
0.158295531980085
0.14621311747235
0.14075142101704
0.135862170194962
0.136408390397519
0.134953213668957
0.120647254925508
0.117374492721791
0.128100688925676
0.125826577995989
0.125875954493393
0.140050368280178
0.14625434399235
0.145805178272483
0.153996752620863
0.1601604720353
0.14102136793321
0.12602362487
0.115831743977851
0.11093016846121
0.113106524210826
0.124688243122715
0.11921347857015
0.140599592721228
0.133723741569659
0.1377342018646
0.130382494962966
0.129022582157456
0.127007416790975
0.125103310064303
0.144438069300235
0.137339337431883
0.133946831281531
0.144790390831956
0.133811288109121
0.142255972885915
0.143929723086552
0.159577466828424
0.158448282879601
0.159756144991623
0.173385733184467
0.167198332317912
0.16770009848824
0.158790722191
0.160667871341671
0.163569392994986
0.155227055694568
0.148625238712245
0.150264566185742
0.14788467982478
0.148879610380642
0.147387926186322
0.152607395402417
0.136835254239307
0.145705749705476
0.161784715262271
0.160069902768454
0.165992695078102
0.160677047510809
0.164175242299139
0.169301201081212
0.17341459104309
0.165169452641243
0.159365979288839
0.152974960369757
0.141166007664322
0.126142375362353
0.13176056677177
0.13296884918117
0.130101333712791
0.134003049097813
0.160340648370309
0.155854535908368
0.174878664384244
0.17912319331527
0.166203654343642
0.176143020976866
0.176443141157315
0.176657006559193
0.187352729592796
0.174750079525134
0.172237095646235
0.167953294136052
0.177439883287766
0.160508328127014
0.159427902354648
0.18513398869824
0.172197589985519
0.186524407195111
0.156779369278931
0.148611242451698
0.142657089439071
0.132123614104947
0.144992963852076
0.151430917078155
0.135054218434461
0.130708441665753
0.128884056397494
0.149961269515593
0.14755116710336
0.140870710864578
0.133706493334121
0.130763834521098
0.11719173183989
0.116900282104492
0.120919900457279
0.135780394354417
0.13517810166512
0.14366096164688
0.146463872266688
0.155796444707507
0.170286440776957
0.18375498671447
0.173209447467485
0.163262346604605
0.174763416867766
0.180444274132729
0.197159936405627
0.194685323019175
0.206004532991424
0.207027264392761
0.211383920209874
0.187852859018143
0.189251174327289
0.166011616517272
0.182727346367169
0.187959044426753
0.188708999163187
0.204406866513372
0.212402622167751
0.195015002167229
0.203049334369766
0.201689602721741
0.207589787521053
0.206718555926931
0.216686236060948
0.216621549415648
0.244463520586315
0.246609612966229
0.218803667707108
0.215158086441534
0.217372721398871
0.220791530245565
0.217672266028545
0.222932795092665
0.207215485343339
0.194474756252373
0.192448982036279
0.201390376568504
0.192560554512095
0.221591407035634
0.212759310630721
0.231157296509424
0.220115679414356
0.220563861932953
0.217702540123649
0.210064726630231
0.220495273116384
0.194078683047119
0.208431203970045
0.2120482424334
0.199589146278991
0.197501839899434
0.200943626798508
0.205194804791349
0.205584110568938
0.223145709246186
0.236739602023281
0.24633368414221
0.223050845150474
0.211500339623842
0.215369554189997
0.186284154860309
0.171154061681532
0.168799857487323
0.175434755016123
0.184670501421041
0.178254208353011
0.179880216139457
0.172384635302628
0.185805565253555
0.175956545926541
0.172048442613317
0.164795002252231
0.180739283610063
0.187620084474386
0.198397524570846
0.187953822796937
0.207383287466058
0.19968993352037
0.182170016530327
0.178218563744608
0.172079404250953
0.148701322363589
0.127988423206756
0.133143246904958
0.140366822021071
0.145592448708702
0.158945162847795
0.150053999250051
0.1520524271828
0.137066914478551
0.152002605747039
0.155757797385477
0.1337995649246
0.125948109936222
0.12499764735963
0.130558811592095
0.145906321741372
0.145015650422938
0.133881766123693
0.143544418995531
0.154160101942561
0.145572803109456
0.14399067948003
0.147447021878634
0.161380420496128
0.151730320969974
0.137404067039177
0.14044075732847
0.149764146428116
0.158596145124785
0.182851164698058
0.195457970546202
0.180135649051768
0.168048957897961
0.173473259054008
0.1720139116528
0.162851397034366
0.182532982316213
0.17449942559261
0.165483631968811
0.181803502620678
0.173744593360402
0.17192009037163
0.168279673012093
0.155943612572327
0.179782871728098
0.174122125078832
0.168926993707077
0.160378940544302
0.163939264232434
0.152003363385286
0.134949751891424
0.148016186419746
0.131454387056024
0.139914747787839
0.155719620340834
0.155291497279244
0.150596012284253
0.161828882953168
0.15068627029429
0.151238567305542
0.146929301240493
0.148281157440434
0.161531856871898
0.156275937681154
0.15657087097657
0.161766656926169
0.160497289692704
0.163738495478129
0.175440932622124
0.186111242602665
0.172336831277929
0.146549082995516
0.127487059594001
0.128699574188754
0.154797568416845
0.146033813330542
0.146075866158091
0.16126825944856
0.168648813604815
0.153998809126287
0.154199791355982
0.173064542135651
0.177903281856963
0.191214168541833
0.193743311589299
0.208097699287942
0.207925578900503
0.229911615211818
0.212734772003501
0.196374691993475
0.197673434642591
0.185361051886092
0.207278190286724
0.21311212849615
0.223478303574559
0.220987711931252
0.211638837747523
0.20481681588159
0.216696767928281
0.201915884060923
0.176750960911174
0.191984022068128
0.228532641088223
0.205726850206059
0.205751620956185
0.190814172587481
0.177944939133582
0.184297785222177
0.182473813473928
0.193395268575076
0.191178805593717
0.192050055664886
0.19031930286787
0.157780010062307
0.16049796147425
0.159881003701932
0.166538951348551
0.150128560934502
0.163051566688657
0.167010729103434
0.169776752868579
0.176924211587786
0.180343259605898
0.186129267188412
0.185290300154933
0.174027687540346
0.168551632229545
0.167701473207312
0.163160566197636
0.147036291235259
0.154624072173356
0.143801858569811
0.153201879424976
0.175954904862649
0.1635242343155
0.16598717003602
0.168935373341367
0.185280485497011
0.203168779367833
0.202837561463764
0.191768255066074
0.189652243580944
0.198578508887454
0.194452453776327
0.17647899439334
0.192656526514297
0.183946323454691
0.185095566311572
0.193550823863301
0.182220546979112
0.210847247762497
0.200951344803119
0.179413521596285
0.17214409173314
0.168541446989968
0.169631065121249
0.177405733767411
0.182309726085241
0.186014869427444
0.202462630336119
0.191980649025986
0.188117608975205
0.184914403221306
0.181372549567166
0.168139511998557
0.168790077481634
0.154541171090518
0.160965250000496
0.146738789032502
0.148294375743234
0.147724528110335
0.142563577911539
0.149904919267077
0.171914514087849
0.168695842837123
0.150563992050043
0.158390469919201
0.140892927392531
0.133567071974002
0.124464859847219
0.125474480419748
0.13099206804112
0.130197798977758
0.134409424711095
0.138128405685036
0.141183269968704
0.135813083853922
0.141264696561473
0.146809914989554
0.137979929732515
0.141453283931619
0.156926341535847
0.148685566100473
0.144637479953713
0.149182359792142
0.148154347077182
0.140351128897065
0.140459754442568
0.151698232639967
0.167146628226794
0.159368510132012
0.158232121550048
0.151558993577575
0.146057790868125
0.14126100240969
0.150522954329843
0.158158709024331
0.149127364967181
0.158698374724715
0.153805653294401
0.158142679083308
0.144690895097969
0.136271197595746
0.146273618790927
0.139777073480285
0.143571126743614
0.155622834799298
0.144456995452821
0.175147194252309
0.179388186329278
0.172384459715219
0.188663552544711
0.20197032820206
0.205927122370572
0.196418848124121
0.190694062992791
0.192535016537026
0.181302830319141
0.183192727597666
0.187539477881445
0.199770710869852
0.188969977076353
0.197049173900538
0.215357269730042
0.219639533108842
0.205068943181772
0.222468965628493
0.228900156951303
0.216605352301829
0.187770272774684
0.194785937923283
0.179374965061607
0.164517899849004
0.17114030990741
0.174983345314125
0.179990098971664
0.17674055268981
0.168337377227578
0.182628670415544
0.162364510540449
0.171252298921025
0.169207019250928
0.174247816000478
0.183894541494112
0.164625082713553
0.179051099809842
0.20495983236121
0.205797013980804
0.203493716596829
0.194882124170469
0.220990109667569
0.207542368951128
0.18965876353431
0.180069529655304
0.182278644434741
0.179357707374429
0.189059313527634
0.168720427643564
0.154667431649655
0.150754979196655
0.151289953772632
0.155818940858926
0.148625208619854
0.151773914952817
0.166137275629369
0.162457723724159
0.157975498770312
0.163666559051753
0.162755427600134
0.168477616588628
0.158617748351291
0.153128540227845
0.161572091911503
0.158885016855092
0.181466693343147
0.174680623878572
0.178693266920489
0.16841750407292
0.153786788528646
0.149638608804646
0.145483990260989
0.153426854342521
0.149968477753018
0.161882042756787
0.15839659211493
0.163705812816348
0.145787738412921
0.161001983348444
0.175930721639819
0.177897689980673
0.190449785188692
0.175978349872345
0.180223752872642
0.178086805519965
0.178742540832894
0.151039516522946
0.155724345819694
0.152487597733325
0.160187859428641
0.141323146589027
0.15123443722803
0.176120280273524
0.161767705717683
0.157827045021268
0.170223419041947
0.179876401230363
0.171874037621678
0.162468709304325
0.160674004800804
0.165151985869607
0.161130004384582
0.175478857706741
0.183338467078682
0.185906032511859
0.192334613821396
0.186974464384119
0.192255044162833
0.196916457993994
0.204120409579655
0.200367514041902
0.194921000091824
0.214984718593854
0.212426887972363
0.209599984068667
0.220624865831835
0.224240247926902
0.197897871677955
0.17693636463273
0.166634708222711
0.172423611971465
0.169699220226926
0.170843565084128
0.15548244958338
0.156535270948657
0.154956896677566
0.154187021149831
0.162235203595404
0.171225266399179
0.176221018501756
0.153442293669707
0.171703174303588
0.163700336182046
0.184435505219245
0.193509762858294
0.165649861116085
0.161655658613473
0.151823702075119
0.152452167532226
0.16516257875858
0.155129601941434
0.163545437888359
0.162832870899177
0.158280610465961
0.161964347046657
0.156554381137954
0.160718479315171
0.158753058162113
0.157499189326471
0.160432058730779
0.15040011774842
0.158814719790982
0.183470278928797
0.187173367494513
0.201937054956169
0.215720528884877
0.214806752609076
0.193557566434754
0.186493668128624
0.179324851836226
0.199228274882876
0.197261769674985
0.205934426543026
0.187325275712467
0.158407596171288
0.153756803607325
0.16148875251574
0.153363256449872
0.152361098662575
0.144580512363808
0.143212277366941
0.137421275870773
0.134261334613419
0.151454861446387
0.136451447222616
0.149890886948712
0.156575261847167
0.153618983487652
0.142686752768999
0.131709957837842
0.141489946687462
0.161352007465037
0.164247023855672
0.162160355401939
0.168954112785391
0.179359574450524
0.185958436943813
0.18966986572971
0.196932507458549
0.221737819606517
0.242462432717652
0.234687651195155
0.191704048495554
0.166747935566225
0.156242240359343
0.146601055408641
0.167072002517476
0.155967177562951
0.166573232105081
0.154776720796483
0.162176284082334
0.166802753310212
0.186985745049469
0.175395185536923
0.188264558112735
0.186979577124504
0.183520433902631
0.20817593330741
0.180966525410406
0.175969818098263
0.17647304832314
0.153304191797283
0.149402745185083
0.153400071918761
0.160732546764657
0.161364794802135
0.155120358433334
0.164997626008709
0.162527748628209
0.172877670822806
0.159189965391763
0.148353892718876
0.155057605577493
0.139020213875521
0.151591720817052
0.153845678017882
0.151278431756811
0.15547122539064
0.175893636348428
0.158523185347811
0.174849029451653
0.174600863053896
0.17011367849595
0.17744727903676
0.17474396816045
0.177603832313722
0.174649411948955
0.169596796166456
0.168973366107369
0.153718440465979
0.155927387757172
0.145000164691257
0.147141730591662
0.151157050396354
0.136024549410648
0.134126911798722
0.137116017809983
0.138697887149933
0.131179727610595
0.129370797890643
0.134313356160683
0.135922481067335
0.123924321213103
0.112461940170073
0.12250971344567
0.13541136586012
0.129931947354728
0.124302033357099
0.13388607890767
0.136293590872524
0.125305289800957
0.120089267808219
0.120710106239149
0.109323509777888
0.128868142962567
0.140344416518557
0.140692095984462
0.151998065005924
0.157128417383762
0.176478765433564
0.184309575866712
0.187156644688779
0.188675916679956
0.186414617074301
0.18652560348545
0.173277883944319
0.185270408254095
0.173540940100442
0.193852788973039
0.203296891022459
0.188798920794485
0.165737975139605
0.166561131053625
0.164820551464645
0.174435691282816
0.185378709385595
0.196997551221254
0.194444598692721
0.199243947836686
0.207665931831378
0.184253176586108
0.189336111935465
0.181739669960056
0.166351803150749
0.168536696236003
0.172611358888673
0.17614217853555
0.177820316180718
0.163023183865506
0.159192556779197
0.158964335370633
0.161700788430921
0.160450137019804
0.146057085171443
0.142576273368461
0.142305818012591
0.14347139857927
0.141651453568964
0.146117660583398
0.16767741877263
0.153559844136803
0.154513719849131
0.175454300218961
0.176148131548214
0.180205967390136
0.182364272785295
0.168752305956036
0.172644927868818
0.182128059421467
0.179172641510873
0.169495044952415
0.153735303043588
0.146014217436455
0.159191575108463
0.15666761010329
0.179531599113707
0.180125148815611
0.161661179607164
0.152463756157438
0.162353240629416
0.153352219856824
0.153941589029315
0.163887492261448
0.184437451272556
0.186598413183624
0.199965974428419
0.215530186111053
0.221007437367747
0.237529449521297
0.23064398807973
0.232620111862101
0.212607921646939
0.220793695231959
0.264915817535362
0.267383900943708
0.244381782812108
0.219189819196519
0.201746871627349
0.193968874731783
0.186370279016503
0.172357838853723
0.187069554418099
0.197344905936603
0.187849126290402
0.174183068196244
0.166050920709179
0.185652974571881
0.179159684916856
0.167306911017171
0.186177613159808
0.20317409636397
0.22386276637727
0.226866500036376
0.215401028766716
0.225510959322104
0.204712527946843
0.221373614091997
0.197384053416161
0.184633340848131
0.184207853014836
0.183138975084161
0.186583491635671
0.189309548180446
0.169391807773521
0.164816002647835
0.163927228269489
0.14122626387521
0.149016346256277
0.148504709829958
0.142541653691834
0.143767751331762
0.14250702859052
0.153810405498763
0.149421560444146
0.156726886384801
0.163356036975188
0.161965605883318
0.172461860427078
0.178137131316161
0.192346709192713
0.191096372335255
0.1867785596079
0.200881555390236
0.204374121516983
0.213619551244595
0.213756649792683
0.197964185697606
0.183242801786607
0.205097616942614
0.231688535383541
0.22764032767487
0.236226172526424
0.24004035147817
0.264251319091826
0.268159840581591
0.277659993525804
0.297661084730498
0.29079140934436
0.248073365895556
0.248889543222964
0.229007196549075
0.238025742302804
0.230869957380105
0.231904678455159
0.220729440107161
0.213173311706825
0.221734450154468
0.205316274873155
0.218168968151377
0.208617728387055
0.19552475986952
0.220794258681964
0.213602073152732
0.219941749115554
0.225306922885619
0.219675477276944
0.192973050990408
0.182286245617914
0.19774386081158
0.206106261324018
0.189912540212613
0.178105248912261
0.195457571082651
0.187800872652963
0.198540799411639
0.190215625511089
0.178768727029163
0.195057757257771
0.190746219084521
0.192668916653757
0.182683942995423
0.168061578357745
0.174380837519362
0.183582343668254
0.19336013875402
0.189894962650637
0.180439530993006
0.177109204399938
0.188040304295966
0.186384381700321
0.219149890942042
0.202088952852047
0.209819656092437
0.191610092627897
0.184733014647215
0.190058613619218
0.188282944982358
0.182707082994015
0.200837227592377
0.187090615142868
0.175121425258385
0.174261615688767
0.145377138457636
0.139194513153787
0.13572245295038
0.128246755682943
0.132497794046864
0.139042562069325
0.137453746418817
0.149526068568244
0.144676991575706
0.128545188002498
0.127465286197472
0.135683423329819
0.135208902926121
0.127722683643653
0.124241757177416
0.126381367745263
0.1272872474633
0.115212980664139
0.120158090885765
0.142245740127646
0.142125688457212
0.158696382052688
0.157800512153177
0.15897197724794
0.169026364538681
0.15391756081631
0.159383561355097
0.159434759330322
0.171397822747587
0.196207670600096
0.190827134141655
0.203040342350496
0.184142163466749
0.200156001703138
0.20770090365545
0.221836790148437
0.214018904698438
0.214365635500401
0.222663426742611
0.20610207688649
0.212621323478626
0.228572736827032
0.217529808245023
0.205411970122263
0.194237654402426
0.186197119933664
0.185150540473173
0.177939774214993
0.180551948954198
0.177919752898866
0.155920355011841
0.151553285480337
0.154705227755615
0.141626752875646
0.156081298735728
0.160217863497219
0.152485128083597
0.168886471591757
0.183632861924818
0.188856167844543
0.175407721612444
0.158112143467421
0.147337529403916
0.145431232574592
0.171789518245998
0.168286616928949
0.167859159051993
0.169527494597503
0.17530957562673
0.186438221133284
0.171885429794155
0.158335778159188
0.15127785422146
0.137973404794226
0.137042504612981
0.146126077795697
0.164785860931129
0.162439048941682
0.152159447242937
0.133554725136337
0.13581100528475
0.130264617643997
0.14105511737742
0.144474241261619
0.128777217030158
0.124242898988999
0.131216567159123
0.13254050324218
0.141990648616779
0.15007067299997
0.145247065608851
0.155567339301897
0.146117382324659
0.158153381398755
0.14858483080346
0.138360103546521
0.140183257668525
0.147720176266183
0.145497214669192
0.156963974922604
0.140370583469662
0.154115693748944
0.159449127600135
0.185314164751607
0.190086382658389
0.173715324244351
0.165507311145063
0.155552185771212
0.148117647405406
0.153365875207849
0.148608362473246
0.160030518985161
0.176999263606827
0.205833127874112
0.19889483005615
0.2177869338338
0.216990122345762
0.232470602862592
0.228723790952418
0.23184004096913
0.254977867870596
0.233267773637146
0.223501965697723
0.223941972292221
0.214585036429576
0.184223109541507
0.166960841027838
0.172301261837759
0.174712448969586
0.157648156907836
0.149151527650386
0.159395488407658
0.153046330700396
0.160824208486642
0.160555578636366
0.161765163851988
0.162125857304311
0.179248144138708
0.173775389390695
0.175787979078027
0.191329808393409
0.200269978379741
0.186403132743444
0.18500860021276
0.178033666271485
0.177864284361649
0.172132882577939
0.157478584983262
0.159304884537357
0.173229975080704
0.184969009760799
0.187115541882181
0.186607172667468
0.176423807570081
0.165190816809197
0.166595104755287
0.169069697007976
0.18903102054225
0.181674754707611
0.199210875440688
0.179533953717835
0.177452797123428
0.180677363807176
0.175355906674541
0.17891528321456
0.168201444836843
0.181649808730777
0.184973130253087
0.185526077149585
0.183433677066339
0.178310648026789
0.167619162841906
0.153658233818286
0.168973240534052
0.170934998388541
0.190188965983446
0.187823189929822
0.186486398562407
0.172113810269161
0.161013997784993
0.161963775588416
0.158826860056436
0.172241448034717
0.175024072731503
0.177304676458811
0.180224077468237
0.170577276834664
0.155261970642095
0.154200978043858
0.146648500018575
0.134971188338993
0.148209068786305
0.137197369154248
0.148115635640349
0.12768170996666
0.123315119577991
0.143177168935722
0.140893038067503
0.131438736485381
0.136797800521136
0.142335188904344
0.13288699319072
0.120552709954347
0.123814482923378
0.140719472764205
0.151235521987442
0.13789010860771
0.15148823409493
0.143134244298095
0.135331721417674
0.150781999070023
0.145998677821632
0.149687374549008
0.137194039514434
0.135576740541453
0.14820652921878
0.172071243120105
0.173508277548242
0.172503852186588
0.153395188388366
0.14727524796202
0.131776908639656
0.132476320498102
0.150379837677106
0.127617571118365
0.138639610220322
0.157754692111042
0.158558227637095
0.155720001126919
0.159814710882103
0.161658493020997
0.165033705677963
0.185696501208104
0.179726391828661
0.177682282613718
0.153001568050434
0.164969617549652
0.163253629723726
0.152606063703549
0.155970450454239
0.142119934060492
0.144837585634999
0.145988804476605
0.143928464472301
0.137968728931629
0.142657295459488
0.149119592596648
0.155986234523945
0.159691947503922
0.150852406662604
0.165897559147123
0.154904688334443
0.169175257452712
0.157620961453911
0.159393808435448
0.173171289194893
0.177979305237497
0.164315632951211
0.165350737043932
0.174765769043062
0.16621737082275
0.176009745655875
0.196063722145131
0.200417137382363
0.187251294251476
0.175961902182546
0.189350106736313
0.183165998521142
0.204546800134001
0.20523109131417
0.188500692073527
0.176369428792489
0.183725263018196
0.163316234558296
0.172393865403956
0.159794004300756
0.165270045258169
0.153374675994341
0.158763970150616
0.1700739589642
0.165141281606672
0.168245803331627
0.155453585873829
0.156005562578274
0.173106416260567
0.177611603034502
0.165780839502713
0.171740185089682
0.167361732432141
0.177966059343202
0.186247602125835
0.173852815389152
0.155735154584384
0.143712280168098
0.159805060765648
0.17051310056922
0.179956562260926
0.18177873809229
0.188029932994002
0.198559919421465
0.180842579837179
0.180166521236505
0.170679452472673
0.156765844711219
0.154857678482257
0.150959051493532
0.13923097658965
0.141228329972312
0.146492467736958
0.154552410542331
0.161463824084107
0.165509098466182
0.164640728242915
0.174238544779405
0.180356622622876
0.187727564833921
0.204260025247183
0.207980198349278
0.203819778824408
0.168731136065817
0.166978519927655
0.191240174442874
0.194060524301149
0.214039122001082
0.219376229544117
0.212086408842582
0.222480764019787
0.209318151673957
0.227749572318413
0.219087893811254
0.207385864627443
0.222422619228281
0.217265472358743
0.182291896509745
0.176251296408257
0.164481747030845
0.169238863000465
0.172320682468666
0.172560571828581
0.174345948473741
0.173141038822351
0.166146444950229
0.157117062625187
0.148591896023103
0.141956582464458
0.139392098790489
0.151125666848522
0.153309977024734
0.155212085209451
0.166707657261483
0.176978244402487
0.173958823826241
0.192460892070681
0.197259205164503
0.18638238149227
0.174568800049225
0.174482063792441
0.171985409456115
0.167615362976742
0.160966200483919
0.147346037441155
0.139794964451476
0.157278233123928
0.162536957769125
0.180977718935334
0.17557499592817
0.182520763673674
0.19633257899592
0.194469039654816
0.205379597467475
0.196222544575627
0.188574035996082
0.197723639592897
0.219619965520394
0.199167556506573
0.215409076613319
0.200624446730924
0.198228887601259
0.192481253287812
0.209622635866732
0.191652570609051
0.173424880144063
0.164619400474829
0.180464864346579
0.186731386424954
0.199515635779145
0.211632533053371
0.231488062017979
0.216474372021986
0.235182245468132
0.230287787197421
0.204718239507961
0.18677245747285
0.201037758307774
0.196892346165305
0.193948681655552
0.210558702461162
0.23433962934674
0.220957021414538
0.225813476643284
0.199725795365123
0.223141752537302
0.256013168402391
0.269503611732822
0.267451375238908
0.244670774107357
0.219802664368509
0.21533830963095
0.195938472912736
0.186933900436271
0.211230420261621
0.211195306301835
0.211059371954417
0.231453113149573
0.20058326489687
0.203349530530796
0.199692121197603
0.18475564149939
0.189926021887529
0.195185146270276
0.176253288999579
0.17066537431838
0.182849280320749
0.178756107406859
0.159819508402053
0.162107549476743
0.152202724299064
0.149047469385787
0.145445313089053
0.155785891762251
0.158615893712157
0.151671810241252
0.144168094051729
0.157798589482828
0.146604636643056
0.151456824796834
0.151199720174793
0.148939984365949
0.147205876103879
0.166544922815996
0.160415922495146
0.146076555895424
0.140380940707145
0.154370547690979
0.153694728419986
0.14439173312347
0.130136509613647
0.123590708541852
0.116165264554362
0.130808238005651
0.122493298631768
0.122057730575005
0.124696098444188
0.135878340153746
0.148536619892954
0.145462373936642
0.142387221964662
0.144579110443143
0.143401475959441
0.145203952955101
0.146056038775289
0.145533211292025
0.140593942686906
0.139988996063067
0.139720789031037
0.136840930880808
0.145982574591371
0.147562881534876
0.142050927977058
0.154597431741814
0.154766872592269
0.150183106902819
0.162363898853757
0.150817556582254
0.14790771244505
0.15808537057524
0.162879485020768
0.166309072563494
0.166645301851457
0.148461611791225
0.150570163778185
0.153736671961461
0.149948561048496
0.158226502108072
0.160130632669988
0.16218954284092
0.165456536708877
0.162211203701365
0.158822178830136
0.169803615970146
0.165984915013479
0.164143232925154
0.170665918353354
0.161144046828118
0.176844496651435
0.15924780191182
0.174349463088726
0.186765747776598
0.182455434376124
0.174501840555735
0.180083630181916
0.185829842554979
0.166741938942304
0.180769110116882
0.176630680482885
0.180671154177279
0.179939560703556
0.179368506668108
0.173324750992166
0.190090490635364
0.174921225752545
0.178768062030531
0.17445913294773
0.175734912235497
0.179206191991936
0.166782044776458
0.165813746740944
0.169221251908512
0.155040030647514
0.166912508176097
0.156795235235385
0.142815069631279
0.138591546048078
0.138961989207683
0.14224017410404
0.141920297131606
0.150907238508089
0.160220811824605
0.169010429982062
0.161425895692463
0.176202591994986
0.176123937896222
0.151475154216244
0.138037973911103
0.146225238871936
0.160555040291116
0.175755327452972
0.179247319323122
0.191289473189131
0.194899789673601
0.207067884566222
0.207747175471845
0.19565642542115
0.176059513589195
0.167731676565689
0.182397386668253
0.184953750753728
0.175629769559999
0.171502466316915
0.175673641221849
0.191399995796657
0.185721505395993
0.17685667767842
0.178707938666078
0.177424847401925
0.187149755459145
0.190204748841958
0.19378085004955
0.185702400142953
0.188565022500344
0.171671794729362
0.17637471163043
0.149681008982806
0.159615343311899
0.145909398064197
0.144008120290772
0.156327019567431
0.165103911424238
0.16527198308998
0.174484866470052
0.142622345635483
0.138598989015981
0.129593259206232
0.121589732115245
0.12857597313577
0.129952332868323
0.122295873269293
0.124594362164563
0.12390080959882
0.132003902920686
0.139862696029575
0.136026789042491
0.128542707626679
0.140612456798081
0.136940485641278
0.143052830480356
0.140069709875659
0.13506471722369
0.124212857119141
0.122080804464667
0.132339451513701
0.142801136114309
0.132562674560592
0.132710864532775
0.137079318911105
0.141504600259618
0.156635096194221
0.152053832919088
0.14636130254535
0.161849475947111
0.159787335648088
0.163557182675439
0.161816697346597
0.147432813098348
0.136096092196605
0.146773930207982
0.155445266754686
0.152722887170367
0.165389302775932
0.156474943204699
0.168931680885076
0.167110973422553
0.170611852776197
0.166628993205971
0.167666357992091
0.174527898532915
0.179423564826893
0.177740123322895
0.183992107093491
0.192854617800565
0.184268640333516
0.19384066567817
0.194364929906226
0.18817927943035
0.157843426652767
0.172568913637409
0.176015483736222
0.188262183249423
0.201709533631146
0.201125302236375
0.213831298413976
0.21760292780909
0.216027403810934
0.210421285814562
0.22329930850705
0.223772515219089
0.233700393543259
0.24067103841789
0.2029553842576
0.205719688858939
0.202077440404467
0.203277473624491
0.220102121304829
0.208492281118546
0.20481025631131
0.193186280507175
0.201834564376251
0.210571153635328
0.19799168002603
0.193666089575295
0.198329456833526
0.180410638298852
0.169476080282962
0.185629825320452
0.189511048631594
0.192760994345027
0.187689695549645
0.209505892267412
0.208836884756021
0.197551426066707
0.20030978994281
0.197264564319759
0.218127163007187
0.217687214619387
0.221514807131741
0.229838001092129
0.208992055440274
0.204864584128907
0.189303888446876
0.186800646274724
0.184079439189535
0.180905645753905
0.159508243112216
0.166244395966594
0.156974804494613
0.179345314136146
0.188380139248601
0.202218636232608
0.169827962716168
0.171942795615707
0.174625419942538
0.171226341978685
0.157499411327458
0.14786534618761
0.143048908001637
0.159549116470389
0.161908870175648
0.162383106855307
0.184094749563494
0.176650459780934
0.157672411860444
0.157558141797158
0.159048105052982
0.161005622873686
0.150152471860507
0.146448627196373
0.138812867924507
0.137281039929573
0.137298033832368
0.12770047582344
0.120499894107804
0.144521744393566
0.152444321616726
0.137728062698636
0.143072657524868
0.140727644694555
0.152097256703884
0.152165595222885
0.163393362482282
0.145379160869202
0.123987371654214
0.13233862083057
0.1407964383014
0.137815454767413
0.142844475364601
0.157693371747687
0.182185634889821
0.177678882074356
0.169873494273407
0.158267501016077
0.161279662421194
0.155201190833502
0.152737408483469
0.152353869366264
0.159531717967753
0.168901728654593
0.180862351980654
0.174669264880523
0.162276498671956
0.158519273362598
0.167705858631211
0.166136943474433
0.168910005336532
0.171435465724905
0.171892386028525
0.17021919554439
0.178876536178895
0.179994712289756
0.192967225538288
0.201777622254133
0.20690375497349
0.205875641009527
0.205239543889412
0.180705100366871
0.173645152200372
0.177105286018981
0.162204073818369
0.14047984527736
0.152093661846679
0.161524929022516
0.157036355616481
0.17376894188517
0.173295841958877
0.142891051571129
0.133661056092895
0.131176785994307
0.14440530658531
0.139166517340755
0.142155875689629
0.135774680917523
0.141181324836337
0.136777872406693
0.140424024317986
0.155137104153516
0.164550017122247
0.162410247797125
0.149969444965289
0.142998402566318
0.159897913255794
0.154261138655674
0.163168889888022
0.189441021205363
0.192469107547823
0.20575726489546
0.227271202456499
0.227076335464007
0.252369677945916
0.230960496308277
0.234539615692355
0.246006338014643
0.237609527101901
0.202349010092901
0.189241677785671
0.205184107641348
0.206295149222501
0.199196274552917
0.187755582451051
0.191427599726866
0.201852251708809
0.206946202288213
0.205811610917836
0.195952938141402
0.208431490465106
0.212082258735462
0.232485353670763
0.194407376372137
0.186404585831742
0.193219319287959
0.186240302288391
0.207459771872085
0.225225043791744
0.220616681250205
0.216868937026508
0.205891455061638
0.202741959067702
0.199869600059613
0.189240614284194
0.180846004665716
0.15884926010303
0.160471658708053
0.162273767854504
0.168449926629467
0.153062203514124
0.139513052882934
0.148458164105119
0.171032267506554
0.16828991705015
0.180356812154032
0.174714098106564
0.174945709732049
0.184459075579884
0.164356412630992
0.184872880436163
0.168394414059802
0.16619598128377
0.151199220511541
0.139634708180084
0.139005570585364
0.141250646594669
0.14907129524348
0.151314070256416
0.148094664951375
0.137752435104325
0.131629149712994
0.125615877050452
0.158965297136678
0.139598506573638
0.144277679427924
0.1529212418404
0.175418094477036
0.165929243543775
0.163907251885876
0.15580622747262
0.185302185367728
0.189579391234956
0.213719736973696
0.175396588460293
0.174732979508811
0.175745519428665
0.184761705984848
0.190210814381803
0.180891970506813
0.204652459330355
0.198823367130024
0.198167585807151
0.189533734806807
0.18863770753431
0.205206518967082
0.171901528440802
0.187387402323426
0.202345609266784
0.182172435346819
0.181989575736664
0.187189764447983
0.172055476940079
0.179472685084189
0.177881599364489
0.170388769219194
0.16416090866494
0.184447943765535
0.197517282764668
0.191937051384507
0.214441401943805
0.199792540944631
0.20814617462751
0.222603296661908
0.216998163306875
0.204314079785319
0.176066221432707
0.180770657536795
0.205434005997565
0.192610193019096
0.184609690555489
0.170152138948704
0.181258973347866
0.190629868592032
0.185838775110333
0.180219073499446
0.175105943577823
0.184920993442936
0.194136601859378
0.209952728217817
0.201986706221345
0.2086741668424
0.199162381256993
0.183096194532903
0.180748807037374
0.182406982861611
0.165259978282744
0.183066662828201
0.173477579553883
0.181171341008969
0.177526571912725
0.171739965965029
0.167526100086286
0.176358478153348
0.17379928320689
0.177525306704537
0.191841840655088
0.224928725732894
0.227214623026119
0.255654595558851
0.254739290914215
0.242251456500645
0.226835383105787
0.22180593773278
0.216484450755343
0.227759625147208
0.235820579903658
0.225934074992721
0.233475340357325
0.237809625445834
0.237545349238026
0.21081178386322
0.217018480190341
0.237722306850485
0.25111794068169
0.206176727500409
0.203400276779749
0.181548519051474
0.179111848835013
0.161705387341432
0.160856276581017
0.168522522038205
0.167626929453526
0.172463626691921
0.174694503177168
0.172151340818498
0.166403927743997
0.169778304957319
0.160985455265531
0.15202733196565
0.168379463204561
0.161134396107861
0.175065278979579
0.181472168208361
0.183866024178657
0.179350235077938
0.204024906317184
0.208609010711543
0.192590033264184
0.184589415472131
0.212173795969232
0.195596451442475
0.177757305073318
0.18443333662341
0.181013094216561
0.158613269862064
0.144869968272572
0.167263097236745
0.166648364931528
0.155779463890445
0.165393626536661
0.175793627634088
0.164703047061943
0.156888443841212
0.154199138468794
0.156027419732898
0.166908832337323
0.159700984066214
0.165388819922922
0.170404696638625
0.164609698276218
0.142887628276581
0.135939869340005
0.13684502563737
0.164475372920188
0.173257553185949
0.185787475490305
0.199079182918767
0.198966735665645
0.186593633483476
0.179916441107606
0.182376908259427
0.149745818362548
0.161876038793946
0.164862045607853
0.149413084133038
0.144399437853823
0.150768945341048
0.174827607815408
0.163796989194988
0.149310741112912
0.186615813857222
0.181810680454082
0.171111057071479
0.172806916771048
0.166453605184439
0.171686385505068
0.177220657872411
0.160127508743526
0.188631088068354
0.153256125069566
0.16472415229017
0.144779751013147
0.154034603406728
0.150834180414769
0.160992500181414
0.157758394795025
0.168837874062335
0.166029764582458
0.168246263677401
0.160517635511869
0.150395354763836
0.149983579267871
0.159668448192541
0.174685927634168
0.156864993163998
0.169035592488668
0.16846607605595
0.168101774820152
0.163030946885033
0.165192457507996
0.160915044589661
0.147365216354311
0.148086185319901
0.154356718884348
0.155257444755167
0.159892269684758
0.147735887770226
0.128605741137776
0.134706710886292
0.140857097995978
0.163905877266818
0.17182158815054
0.146693140563646
0.154340968334296
0.161978083964473
0.17166049883892
0.150885991005858
0.157864151035762
0.164712148810657
0.157357703231372
0.164282179103978
0.168951250877164
0.156757322563127
0.152361481523466
0.154554989833006
0.160532762760254
0.151547361013324
0.157503362658541
0.166461278255778
0.165299301231578
0.140300817984928
0.132409582213296
0.138317414921894
0.131139896558086
0.124601261388893
0.126883135935429
0.126262194208866
0.131217229139869
0.142078280829946
0.12897853219929
0.131287476704578
0.139152317112779
0.15294577108923
0.147469699718528
0.16250005711065
0.155446038613369
0.169458118413883
0.170250909537746
0.159952680624909
0.151843032556934
0.156299436934941
0.167801987480008
0.179247366735966
0.215781011808034
0.229683788130748
0.211954922432873
0.193936195606065
0.206937618876541
0.244835639399038
0.241927222940321
0.253846570242707
0.249823739430582
0.256723301425817
0.242030768545598
0.211880357254754
0.208301820891498
0.213010615884307
0.209633934771376
0.218492391269798
0.223546396481367
0.245027236296049
0.232733970178052
0.224827359851921
0.218307284852668
0.215955190891875
0.221879535280053
0.221034800202521
0.201650740987872
0.216230270967481
0.231194067659072
0.222424129654361
0.187662611510994
0.172233966890623
0.194730671461686
0.199199908086743
0.216944173172782
0.229009373747774
0.205631829928659
0.217957132940004
0.225346745049741
0.217086818720853
0.205448427002684
0.193633223457608
0.190702580823303
0.193738965752821
0.194685953482137
0.188240446309314
0.174328314636605
0.170355094160685
0.186539784231526
0.191432942449511
0.171413918757936
0.177249578115953
0.166686853279035
0.162168498493965
0.154532169086852
0.156378844229788
0.151448185712303
0.152319842366616
0.175823702668496
0.188537493236948
0.213640051816258
0.207441669218348
0.200874235170673
0.203169257043648
0.194154985854202
0.198560042567655
0.207438788992521
0.200417403149783
0.198018786464406
0.197560009485205
0.196235331852705
0.199007353093724
0.202473005032462
0.186940993619957
0.20565555828567
0.224653648579641
0.21620327771787
0.23763561665077
0.254253180855619
0.256445875392058
0.267530115237422
0.246942123412567
0.286175492273617
0.31336126540626
0.285357457559738
0.260882533876187
0.266950944536612
0.252954702339668
0.241851104482934
0.237353460516548
0.251649148800171
0.226470372126649
0.212426593724495
0.201073330968269
0.206879570649215
0.183780676579263
0.18468495057838
0.195037664938022
0.188002298490821
0.203926640233721
0.212006907759116
0.177837530891104
0.157790534401325
0.152880192118352
0.143736195756469
0.148497657568675
0.144926690929464
0.136173639125606
0.139481969485126
0.134487594619842
0.150859431801301
0.139490861132433
0.147731479934241
0.145419137510428
0.164282692197286
0.148129098965385
0.133453809447187
0.133638455729371
0.139358115002496
0.147424676145187
0.143574792420811
0.141889890337225
0.131781709670866
0.145254336527446
0.167439265045419
0.179619904606209
0.17934590315135
0.164456216476289
0.160897547238583
0.150240631809809
0.168582668333443
0.165829724409275
0.14843781849514
0.145858409661742
0.161434737325167
0.163844862750943
0.188561725347161
0.206874995453854
0.196752698458458
0.193651730520784
0.186460306411103
0.189287193178477
0.195701120852982
0.200072154593089
0.21644799499962
0.229787698494812
0.194541553070341
0.175124048181436
0.16944785647872
0.170180804640099
0.15959040568708
0.153269298142975
0.15262703846032
0.137666918788115
0.153479331610938
0.158187967693328
0.154912047552619
0.14180278229669
0.148432915046438
0.152390125921554
0.15984990324424
0.173796196265102
0.167759106738066
0.171998087211631
0.152645017537
0.148799354925465
0.148726990962013
0.134349634857028
0.132540770086854
0.147971880154295
0.147140364975305
0.142642512828067
0.157616324415583
0.158878178854073
0.179885839815852
0.173475844704026
0.158012157178111
0.161871795715969
0.161358026611088
0.153154910838321
0.154441912645016
0.176436041013498
0.168661179957098
0.160716684398702
0.17109252718113
0.16341335677754
0.162045173323421
0.171762436784834
0.193359470554574
0.20266881168939
0.202839477342567
0.211672875332497
0.189930422478663
0.191717059192084
0.17556979296037
0.174270118528538
0.193064290567879
0.193752531554061
0.180422055791193
0.169743086621411
0.175217490174347
0.174938037570981
0.159257802429493
0.158971504541581
0.147680044022327
0.145307905988169
0.143966853508342
0.156322829461506
0.156219262099829
0.155663920886825
0.136912230707216
0.144552994851659
0.134852007561874
0.127537517729302
0.13794743395813
0.127373815994651
0.140938695872625
0.128895164876034
0.13982575033418
0.151774942831211
0.148514775780986
0.149176130019988
0.165983542272341
0.165434267103628
0.149143018999499
0.148216438559481
0.151669331592952
0.15660939244331
0.186102727166693
0.184272498223338
0.169323830509255
0.163957174631682
0.183424515626714
0.21031290736958
0.199505198765846
0.201314738216346
0.219189851081816
0.22793294542451
0.244442528578979
0.242561902913574
0.222240900144809
0.240762772624799
0.234582860112189
0.248143406179276
0.233645717383582
0.221028930979951
0.223994391694124
0.20749463191215
0.228440810062674
0.271347859526195
0.303229559184091
0.286907174667705
0.252897189555937
0.25929949196982
0.2338246932432
0.216845323289062
0.204630680411444
0.219333305798027
0.222742991249138
0.190979357479654
0.180408457972196
0.175940256396607
0.164510284062708
0.159572435043747
0.138181633574522
0.147829001227895
0.146401103274034
0.137088636019067
0.138192586217765
0.139587357024613
0.137659865444154
0.147584299984513
0.16065478213593
0.149907692346989
0.144652724199114
0.144918012578562
0.155881947119466
0.170835990463354
0.169704742504621
0.175189527028035
0.172146787359706
0.178970207868603
0.187709848867712
0.179193864982341
0.196912142862304
0.220874897236325
0.226076996150637
0.216515748936431
0.21331679913198
0.207938112623904
0.246531544858497
0.239512090311097
0.216269491092945
0.2087329798476
0.202096916738083
0.194336071140719
0.206831420485395
0.212949801327543
0.194708780883256
0.19567250485462
0.181273015730012
0.194784969387941
0.19830604723555
0.189877180135685
0.194646753381194
0.214742236196203
0.209180288728738
0.223830164090011
0.224714817319952
0.212471636838828
0.202533113905613
0.207306294001845
0.200282829067713
0.199944326338926
0.205874078160127
0.192601491698847
0.193324166380157
0.196291025806445
0.205838539251861
0.223763407169128
0.226817925477462
0.221306213271122
0.220061767524457
0.205439531001178
0.168369857297183
0.168101958725238
0.16047422828326
0.156135984425078
0.164074255703354
0.156427448796916
0.157557583482529
0.177084439203186
0.196417546377078
0.179786417265727
0.174994177284181
0.16780979938662
0.166326271818732
0.163529937862869
0.147845279741733
0.144097584327143
0.145487420091374
0.144858532566773
0.129747824816792
0.144637916463955
0.138963802530371
0.141171548989543
0.13791611488352
0.134039418269548
0.121200746528894
0.130617453961522
0.116667853828131
0.13982683204399
0.134574387106046
0.138470392767504
0.133549062169686
0.129999419606603
0.13552835311906
0.124020795023548
0.126198181344112
0.137278349125664
0.14167099028408
0.134779573444106
0.166485492437387
0.149659744555211
0.154699406993028
0.151273240970595
0.171938657165988
0.17562517945427
0.174236670911325
0.184371191502323
0.183397581380574
0.217371667304397
0.22112558640043
0.22211585496908
0.200628614105585
0.195094049798486
0.198760925336523
0.205906542680507
0.195592638203413
0.175941769198079
0.174726380183723
0.180895673026917
0.194863577794116
0.215589183348502
0.21295124839971
0.212693598681221
0.225032487063793
0.211840734148816
0.210006846461968
0.209516332297363
0.212275076165362
0.203698374402797
0.193506938447796
0.181507534823331
0.206987199162054
0.195100690551457
0.176183239981689
0.154417619398234
0.15487962861378
0.145859211693684
0.148700071862259
0.135189171471492
0.137203915761371
0.139446743171896
0.144861135323779
0.157155379485273
0.160359739929002
0.165523361070758
0.159057686978373
0.155028560601337
0.166857875639154
0.167841312900726
0.146320693860849
0.125408017102669
0.122426788747395
0.145823086275207
0.143947766851383
0.163145368445744
0.17459989204645
0.183223893356026
0.168106144204361
0.183733672100345
0.165094545456844
0.152478178398709
0.157834170338036
0.158681440145817
0.169836436034401
0.171321870127112
0.171746820521906
0.170057772277851
0.18208227911918
0.167722278023776
0.158686252286728
0.161316035662739
0.165788865299061
0.167876895184802
0.150304233669655
0.163128092062621
0.155584835371985
0.154897011376706
0.142322370786892
0.143863409853475
0.150120896040023
0.142244324602403
0.153836224390067
0.1634895514776
0.17036796070711
0.163588667780581
0.170696337784442
0.169604838897832
0.183123060063035
0.184461376747638
0.174197594604315
0.16257114931197
0.139315391241609
0.130040760493636
0.136514084215536
0.146421919002427
0.149897372309101
0.144746601685279
0.125958059283348
0.131285519305406
0.144330132051479
0.156305896565641
0.17067402772008
0.183173634931927
0.207152243924191
0.190275687103375
0.195103962537471
0.182999604446701
0.17755719666633
0.186357699752433
0.205395029441142
0.192158120870015
0.192945711670345
0.21090075785412
0.211308993469199
0.218295312259769
0.224643025814298
0.230069448054089
0.229846165298349
0.212803651642352
0.212730920476288
0.20056697847874
0.21631930416706
0.22526227899329
0.186347986557517
0.16786840497
0.165346508739524
0.152917979686847
0.152361731812612
0.148296471109234
0.143074871475917
0.136357791623053
0.143279030310539
0.13937964240781
0.157140077504918
0.15536213444937
0.148970463769117
0.144338550762325
0.133096929918612
0.134150747352834
0.143946794361376
0.141648264216987
0.14605043104765
0.145917349234892
0.147411820061112
0.148821004159998
0.153124543574543
0.151305129796006
0.151978913691905
0.169247079652245
0.175021301290439
0.188339407482148
0.172372302634998
0.176527668174087
0.172619544960876
0.190293682377989
0.176412457323373
0.200032709046239
0.205538505343149
0.217826054460661
0.206221520959512
0.213460500229993
0.215228175174225
0.212600121223513
0.258649738908972
0.219618742106027
0.205800087618779
0.186207636512915
0.189061721923534
0.184834267757683
0.186702852584473
0.180423292248102
0.186897259613658
0.192421219554095
0.187012164257467
0.168042558581365
0.159092200681334
0.159048676790453
0.153558540826949
0.152347053494267
0.159734116979366
0.170681776557252
0.183254220849014
0.173335406851694
0.182481239106239
0.187165320881904
0.169872296244953
0.157342050714715
0.156531041301755
0.162642952480419
0.165908909797267
0.164283982855968
0.165332049462171
0.171544998237449
0.15923670196623
0.158373734185592
0.159351608985064
0.171093739583317
0.172231160905159
0.178961322999858
0.154983777814658
0.173128018483116
0.160467002681786
0.180145229329496
0.16496098306987
0.170095605017405
0.177617198591677
0.172036126603821
0.156262337827041
0.153657393751611
0.173480005049666
0.159533249151187
0.168013825878833
0.146314546665374
0.155713551864598
0.156006003142108
0.143509703977662
0.156109425172034
0.157749410602112
0.167591051227469
0.16900319393672
0.168282318406419
0.191012365293821
0.184200910769326
0.193182633712467
0.180830717680967
0.193753715793944
0.196461046483686
0.194407662045133
0.183802146482274
0.19448521498248
0.180754198451369
0.183244234344729
0.186126166815085
0.17271963683811
0.178467664490853
0.178353203936318
0.169356384010375
0.1642224045749
0.162275932801986
0.164758278569169
0.165984837328037
0.160749619247594
0.163141812013392
0.171265976729557
0.161698620645277
0.175036315927081
0.166266895623669
0.160813712694669
0.160521510297864
0.156560432402574
0.148238275095367
0.136046906515658
0.149681012510436
0.161827529300673
0.152143752782037
0.139939412692665
0.137670126678295
0.134778718733261
0.139822480110949
0.142400152149215
0.146969183479896
0.154644765212944
0.149527149923352
0.13243766836518
0.144554061078697
0.158316628293853
0.170107778109821
0.172346543718078
0.168150587480245
0.170432848819422
0.164382825843167
0.158978695319286
0.157400421840097
0.156386989460913
0.144450513315991
0.146254544556797
0.134101459780618
0.125911518625303
0.128974729981812
0.13746958116088
0.124023043659841
0.127906058778142
0.151191436829294
0.166163188430989
0.151679146398766
0.149898587295205
0.156900678620844
0.152959343931608
0.146988604578371
0.145727699297933
0.143307528549833
0.14089005451496
0.13501854384991
0.135705399037419
0.132092914605994
0.135742845960187
0.15388508636725
0.171248818013961
0.152672711876428
0.151335003970531
0.14725364554561
0.142730763432082
0.133891575021645
0.147388590367161
0.149061261644048
0.139123137937585
0.149869260542535
0.127943744649769
0.136395003412132
0.137199869436072
0.132500515926354
0.150941954660249
0.150840032025557
0.15790052396429
0.168221814584667
0.175383340012795
0.161483301549809
0.166293440505173
0.182405346237722
0.192633935566304
0.174798909890807
0.167781664074309
0.168884343096779
0.170266592063343
0.171883770579464
0.180140845037832
0.166059166659533
0.176680987979847
0.173401687384943
0.163352963319285
0.169839454728679
0.167786434757252
0.157220418463799
0.153574493370947
0.14503793583831
0.152821959493478
0.149132777124163
0.143095207482975
0.157715922657627
0.159690882416478
0.158945578221917
0.158969104017272
0.169227786973791
0.163095030477878
0.177356105789566
0.168770628900691
0.171922529851947
0.17098057105521
0.178396164557582
0.175362476760317
0.167589557786231
0.167585041766115
0.155582731712635
0.171972535561749
0.174250799030755
0.168878303903374
0.160310520555632
0.164376384722483
0.155676295775505
0.147886544823449
0.153968072244703
0.149535982325468
0.145404181320651
0.139741885628724
0.12293696792769
0.127335611479208
0.129349010441795
0.137950615988843
0.134545267850275
0.133382344980282
0.126574785882097
0.137681391450533
0.142485287682791
0.124225716404626
0.134470138920676
0.131732744969515
0.146161030814208
0.153328968142881
0.161887867478842
0.163639782046413
0.159474608814849
0.174806044035237
0.179549379609949
0.15579625757686
0.161641981746569
0.181420047513645
0.184820742437049
0.196653355349742
0.202799462434388
0.213142268740268
0.203954913152103
0.189654590160737
0.187240669018169
0.18066884044426
0.169694515103404
0.159813176406158
0.161839341888607
0.165752531696562
0.175854828888756
0.17063811922976
0.170444293969595
0.156583331543974
0.158861527089907
0.137654437327343
0.124764303419823
0.139173884456926
0.155509529522589
0.176066125491501
0.185108603925134
0.172536342200199
0.152898218054109
0.156428174785211
0.166016503702462
0.143403798365377
0.141272724623138
0.133188142129627
0.129377627532252
0.123293756710563
0.10929549152925
0.113263736865179
0.131105887208412
0.12812021646028
0.127670364527716
0.129705387582644
0.136944311079635
0.155271570815461
0.170735526114502
0.171444596074587
0.188867833042079
0.192053912458399
0.183818270140811
0.191517068231145
0.165878407093872
0.168174296758363
0.189162744569777
0.186799645746727
0.173143341004948
0.179603100695458
0.170951854362715
0.183644823798471
0.187503134933532
0.175019815901577
0.164080284826528
0.164934878795962
0.170995132686442
0.167011280766423
0.154359823611276
0.13320009732659
0.153332469552362
0.152542334342974
0.152427000570351
0.15530945690391
0.164137538801515
0.178272585261321
0.179378526048388
0.160876220898245
0.158370828224313
0.168184458475311
0.146607470094154
0.162366853972464
0.174646892492215
0.171544601437375
0.163063412486471
0.164064942281402
0.177387854321191
0.170563344157946
0.176271234372715
0.167495007124421
0.171550756968433
0.156169143026508
0.157254284946312
0.16906417250256
0.159459994621141
0.163520795501369
0.16675152590012
0.174569387162289
0.165941467871229
0.151141294539179
0.158195801832327
0.167646765007668
0.165003096809593
0.177531149096434
0.160269299449085
0.156234475262193
0.158388838200294
0.160285507870448
0.154736297748897
0.167792148606833
0.168089229164934
0.165268935962209
0.171389503685071
0.160418012737588
0.147273738621878
0.14476039799904
0.15203953114713
0.14169624674366
0.131659280371554
0.143185502566105
0.12833494984573
0.127789639696532
0.123155556614436
0.140625551060146
0.139993863756837
0.140732197487072
0.143194988918488
0.142183730254979
0.150790782396916
0.138555204023768
0.151658283037065
0.155244640210757
0.167036894499519
0.157053050287866
0.154567541488664
0.15619982895361
0.164613954119087
0.162601959869569
0.176065282678131
0.179581426610657
0.178104749825687
0.178151444297563
0.158085619563881
0.13567220313661
0.140937384032734
0.143443048957115
0.151265518232738
0.141507852855917
0.148515769954422
0.154841422750088
0.150179619374271
0.144820510996576
0.134878183951223
0.130929325609561
0.128181794314497
0.136880644414716
0.139340616488254
0.156022765589677
0.145608825838055
0.149291293179291
0.152889461476323
0.155062989615583
0.159356514491636
0.161490174397439
0.16805371708755
0.163720423604438
0.167235947131284
0.159706525143195
0.15808055830706
0.155663509254811
0.158508632275182
0.174867680538352
0.180514283712363
0.175715908608141
0.173091127371636
0.165834097981598
0.150530728496033
0.159270948659543
0.197776399687298
0.182276626108136
0.192277862199004
0.185272529751486
0.180585592172779
0.195284489234535
0.208384567154993
0.214246893699936
0.191099665784524
0.191188337076581
0.204736190438964
0.224763482630942
0.241598271044499
0.252584025937145
0.262455081203339
0.252955493609641
0.223575116120706
0.24026885732219
0.243468708186267
0.236602785007486
0.235473301758014
0.22843587196836
0.23935447128869
0.24410228951686
0.215620360594868
0.206131752282969
0.208189941584823
0.21570693661004
0.219409747244776
0.22848117573379
0.222743705870996
0.201703044360855
0.195589421525639
0.213398861294945
0.201725807805736
0.200263420063032
0.192639086350659
0.183983861919896
0.190027885770799
0.171782610735647
0.148345100988012
0.159418853492459
0.169435778158909
0.189303048630756
0.175606320128337
0.161541500732729
0.15761380524217
0.171224400709779
0.179770626913058
0.181835362916687
0.174941291438895
0.166920766231439
0.162676792204903
0.148321946913549
0.1524237436099
0.17027941619255
0.177436243144602
0.165782600079589
0.1621869094262
0.144308553547223
0.147212654296796
0.125695339814848
0.120907554666955
0.127823677914982
0.132966106585618
0.129094778404373
0.132490915102776
0.13719413744474
0.148620751025291
0.184247640329903
0.202702315792091
0.230993658455768
0.206747127271259
0.214417865209527
0.230633273844718
0.227874146233251
0.210257931421773
0.236573829208088
0.224035407300786
0.206752550367039
0.205829286600207
0.208318196366082
0.215133135814522
0.225743042325798
0.199495030452483
0.211429677215331
0.176298767146653
0.163346382110731
0.158419179329093
0.169123781794973
0.179648501022024
0.171470137436852
0.164219338399855
0.145523650409919
0.145754504564381
0.139417307713236
0.13088278853539
0.130973281718599
0.151268228713518
0.16446591283458
0.178808088485333
0.175664888641222
0.17298847266535
0.188815810510616
0.200233828762386
0.207836435034953
0.214253339193488
0.189724177210211
0.184591803482026
0.187070407752672
0.157187512116582
0.160524311841349
0.144992398149644
0.14660644659266
0.149686234862423
0.143130581393879
0.154860080488953
0.161415137869728
0.171234356350079
0.175929570821072
0.175497952720496
0.174003446764359
0.165300428241236
0.158424104673331
0.14877614412074
0.153299328449945
0.142454030204866
0.13647912040306
0.136419238083302
0.151388284968918
0.145724045274512
0.14742161980943
0.168847512744167
0.162509238556369
0.14281735457349
0.149322978498674
0.160353385690204
0.172531809462199
0.166435750754711
0.166819895886055
0.177175701310495
0.171799578210564
0.178844127000855
0.175394646320181
0.160415069666267
0.171149790799227
0.158327331602488
0.156219885990641
0.147167418140264
0.158696170910408
0.157375944478563
0.153473079173116
0.16040688385667
0.172435808172161
0.168916378680283
0.179144387256944
0.177495130178978
0.179640420359298
0.177248675418432
0.175517126628074
0.194601677582008
0.200088494005175
0.188510246470688
0.193940384664527
0.181458713948923
0.178953796153007
0.188200253756099
0.193779572852532
0.203183396933433
0.209726622162761
0.199796820832559
0.202890679507765
0.2308105388799
0.23013153865586
0.218767118933946
0.228283186390717
0.208535067866175
0.185582451728499
0.194186832030065
0.180737045441837
0.158405159136556
0.140436327130703
0.143900734302869
0.158751288782789
0.146936452883683
0.163988395226846
0.145110832368048
0.140667842481707
0.145127791001248
0.156787268858146
0.169596658803144
0.142987455146557
0.139144209250498
0.133151149901577
0.133038246028798
0.156300564568085
0.157348511170985
0.144448461985022
0.148452939391509
0.169848960490183
0.172793994195989
0.17516193229903
0.176580223244046
0.162097049792965
0.166933219893644
0.154990241971566
0.165809077959275
0.186289336056576
0.180298675698857
0.201717568668559
0.200635822911625
0.201306511517279
0.206350470255319
0.176599855967372
0.170062586278438
0.160466933220376
0.169813474947946
0.170806555100909
0.163171753143496
0.166732947263245
0.176192773346168
0.177006228646191
0.174979972970151
0.176013856310084
0.16278590112435
0.173151053044063
0.174753397874425
0.179906294476178
0.187287808576284
0.194630488037269
0.17737098149439
0.167748136053757
0.161091849663607
0.158066349223893
0.157032880061109
0.162316671063821
0.162774492432385
0.172530707704425
0.167462062807136
0.169886315161251
0.160360717084453
0.16391785099965
0.161815959157888
0.152107210669121
0.136550318798704
0.157898762535072
0.167014263405102
0.169732614218204
0.16738878032337
0.168990532343174
0.182109074715208
0.173718395419089
0.16134834982423
0.17858108056583
0.20357767467953
0.201124885415201
0.191935908578045
0.184403180500766
0.202166143815431
0.186319518839683
0.185501833313273
0.175840151105277
0.173069309592139
0.174653189362895
0.162779102109922
0.160072465731889
0.164069392551386
0.180004322491505
0.18097887268647
0.193029259181245
0.206282612841121
0.190883341989666
0.202366009088584
0.189087306434867
0.19585376696051
0.19420102889398
0.209743191290979
0.220510788089761
0.197531705451691
0.209429295048352
0.18543899993069
0.202427818509004
0.21415511969069
0.205070282525756
0.21064442729974
0.195641005967029
0.200859565472081
0.192769800517326
0.179732231098794
0.194359670322587
0.204758727799205
0.209059438603631
0.225021061379276
0.232094238901467
0.221923064204461
0.225392276030746
0.240292005615832
0.259550313772884
0.241838689441872
0.260592413592631
0.234528052482261
0.204937114977304
0.189897704262865
0.187959554330266
0.175171850837609
0.181109268923671
0.195548398504326
0.193720264138592
0.176958444076175
0.170567693831668
0.17134378675241
0.176189662546791
0.178991441480661
0.160812766841769
0.153950893869125
0.13348692244983
0.145829558274879
0.161686077507919
0.161775598189342
0.154591604703058
0.141207981596348
0.139509309211168
0.125454758276657
0.122624080554348
0.137129640284721
0.123173471495286
0.129856974793339
0.125382255053759
0.135294528958184
0.136868672113432
0.132973506938841
0.151189379921433
0.13900072329848
0.13776393277375
0.133289972508397
0.140508245752002
0.151538413418407
0.148024539999114
0.155078626323393
0.144264330731051
0.147797656055693
0.148774040590372
0.141586481894841
0.138263931555463
0.145649078860098
0.143183025116072
0.1484091126074
0.152860586403558
0.152929149956444
0.168794801805971
0.164151786856983
0.160854422026881
0.163587533726454
0.184221016423581
0.19306192902744
0.201387667013903
0.212756889757662
0.215430783822483
0.239228272039281
0.259216511211429
0.248943593974538
0.200490993549644
0.195139536298791
0.210247678869328
0.19780642071515
0.213164058570915
0.213896685552512
0.207311242749935
0.19392846107825
0.218645931160335
0.241980240312179
0.261126292634899
0.249294881157313
0.222273339883874
0.205336988008955
0.183848928299464
0.194398611462979
0.164049884876551
0.171534227436195
0.156201830988215
0.165682852534416
0.155190964289413
0.157539579180168
0.156849991338611
0.138910433505394
0.141524681848202
0.133894161766988
0.139811388241533
0.155009063765058
0.164155737530123
0.156338477488803
0.167002068429403
0.174671486806152
0.174504319445183
0.182335245632882
0.177142770834647
0.165809425047873
0.163103593447276
0.152354559356669
0.158841547091136
0.148284950158827
0.150980479683612
0.147530827634189
0.166741988751986
0.177182856436057
0.160942797033399
0.165752256087483
0.157450062296183
0.154854920730643
0.170242072014874
0.168381502955999
0.159950827307023
0.167661753102486
0.166902740499014
0.176776332807414
0.170109862735204
0.157910694563044
0.145295087548778
0.146874967865152
0.1479569737745
0.153406089839043
0.156782576518558
0.160952674912198
0.14455186026883
0.129902908825659
0.133949279614844
0.135798926438816
0.149083847622782
0.143804978458502
0.14664028214534
0.14081469851967
0.15612153030623
0.156733955363621
0.157351968457436
0.149644795800664
0.166280639629634
0.167167826645233
0.161701035309531
0.168831952630462
0.165439762754534
0.171074340244211
0.171431270278828
0.183960266175134
0.172061073540042
0.18583120926116
0.19503569432762
0.184733313034347
0.170546229868695
0.169856411026161
0.168056876083577
0.172239225706133
0.193282678761176
0.181690944399066
0.191857649812206
0.187302952305424
0.196655830149878
0.204937167234772
0.192442745546905
0.190859743208904
0.193106027459966
0.189841612136428
0.186365740287485
0.188657297217706
0.173969472405165
0.174421443404092
0.173384120397664
0.17098632159387
0.171863181026052
0.180453892601185
0.194330781624733
0.185315558219332
0.182106464605139
0.169475939856702
0.159406973447408
0.154277472703262
0.166594892262598
0.165717041296711
0.162091576105953
0.174937544852174
0.161004467963405
0.149150395162741
0.151828045763286
0.150190886406164
0.146565121021784
0.149750478451329
0.147147893382941
0.145256848110187
0.136646193334446
0.143311461951089
0.154157396301663
0.175727552723236
0.188913635832935
0.185883860108954
0.194300632419319
0.196755536870988
0.184355441040349
0.17082687720888
0.169606304440159
0.182170776509615
0.178341114799992
0.156003288342996
0.17128094071372
0.153143141356329
0.14733287573023
0.152028341596079
0.139788357411796
0.150933029938046
0.157500547592459
0.150433743235549
0.159406186874182
0.15053108598646
0.151016536308555
0.138229206617496
0.162714077592085
0.178177325476618
0.184372048572785
0.186478792125786
0.195413102702305
0.179494895440284
0.180089799531768
0.191136546360023
0.187046609655586
0.20666926099496
0.191433353232158
0.168153729392909
0.175814117559867
0.157804434436886
0.153812991372249
0.150861495714651
0.160561123164777
0.158459337369249
0.156604168924053
0.141140414179543
0.124839196861498
0.119382092390986
0.123227864175963
0.119909845671157
0.12484309146755
0.126427657399922
0.138967821663169
0.150967426955138
0.145421119129785
0.133739430582668
0.154763260141936
0.174577323170654
0.190096066788416
0.171361377478468
0.200138837323385
0.187919169572966
0.180915593500932
0.193888779784402
0.190187519138669
0.168964118670327
0.181952937173967
0.182215968510101
0.185519621199428
0.214749079992118
0.23624825331136
0.234890841238035
0.248464450850817
0.250503240787991
0.249682163755218
0.234212864353789
0.222906240117854
0.206392125435814
0.200702777622926
0.202279891525812
0.200856428343605
0.186277112899547
0.168802590003728
0.171102565997038
0.199775365999345
0.185747715534362
0.184219776853499
0.189591489188756
0.181460319242745
0.161659168816531
0.161143806410876
0.17222980224647
0.177262519334475
0.176065591988572
0.200617980628113
0.189682141190869
0.1818635294419
0.175092506580795
0.173906291769493
0.179762268373751
0.178931240720361
0.172466771243384
0.165694287184471
0.142172771048291
0.137939214521059
0.133580750784317
0.152201114645746
0.146806502018459
0.128197200952347
0.130282413221965
0.157715531526213
0.154886595901761
0.160927497827069
0.155135948030454
0.154450145499193
0.140933251951974
0.148072125798526
0.141560498419608
0.1353844910292
0.128975308878894
0.128969600541721
0.13469838478651
0.146507863830529
0.145436030241801
0.148942086847214
0.159278374017661
0.145913515752509
0.15040304742516
0.147909959109491
0.140142820192532
0.131635991700298
0.12550126407707
0.132973657103244
0.145912068064259
0.152639561358375
0.151685495837874
0.145267113695584
0.165254636038737
0.154847054673442
0.156792899405008
0.169388312544769
0.16074285330323
0.155196440156204
0.15145164458207
0.150222833962066
0.17753967126727
0.167582836098942
0.165886640745554
0.178495411807434
0.180895209632837
0.180449773687378
0.178078331319473
0.184274331486612
0.16662114432306
0.164350616659499
0.173174494280732
0.172046770163853
0.181025024974994
0.179052539138859
0.160943916822753
0.148068131053021
0.145634948604208
0.148763453914268
0.15436956502483
0.16671713965211
0.156965068246398
0.148505724134133
0.145118619135126
0.151531165238926
0.158955222406454
0.168476089603868
0.189522789745825
0.180784282591663
0.202671074099745
0.221825412252307
0.206149380048734
0.19325320800681
0.197722681067626
0.224472557134343
0.199306348298072
0.197737358660857
0.198693946687058
0.186181021192276
0.179550983445078
0.165887033408721
0.167358955832624
0.157146719495906
0.152017624225735
0.163527202752983
0.171721932304109
0.177081997238965
0.184057016844902
0.169132536336741
0.15291923921558
0.136016845705542
0.134098372107864
0.148884889829506
0.142640955315055
0.13857123256663
0.141941539186488
0.138625107737205
0.143149151767802
0.136299810192808
0.139652109462716
0.129683867965002
0.13233594330848
0.123087926024803
0.118672770835461
0.128699680603685
0.119767861787186
0.118662852217744
0.114426500249456
0.114429157950485
0.11405194183886
0.130045430265557
0.141909065357208
0.152938494995363
0.172609492196271
0.183593813250713
0.164124953246117
0.165936372051278
0.142921357389411
0.146681373064428
0.145034538330312
0.150590383961215
0.146987150486827
0.148202756999301
0.141547759345884
0.152094307987846
0.153324904786197
0.175328544737488
0.164739608352938
0.169493688673906
0.168318240487958
0.176877265411861
0.180800015136185
0.17014541224213
0.17256771708685
0.177321169712715
0.164483246640318
0.17084370862045
0.195069610219143
0.185453538173284
0.191421916700811
0.217251703769708
0.237608115058342
0.225596872251654
0.214915080984776
0.204388424151796
0.21369206589907
0.224762570686379
0.227096826234744
0.217837173922543
0.226475099149781
0.222604636818047
0.22474944783395
0.19527861529095
0.210777209111395
0.219170463919574
0.223896775197347
0.209640123353208
0.200733010910981
0.195009749017472
0.197201039865688
0.204658763065312
0.216949957206362
0.232083824228753
0.213596167968856
0.197022037874212
0.18476712508955
0.184358328510565
0.183556300532822
0.191110769434153
0.192008033064837
0.213101503439369
0.204141817706843
0.21223535801442
0.19721518099035
0.189676682485331
0.193814513261905
0.209328290103436
0.180969144603091
0.155538065801253
0.172366396326267
0.178441397465921
0.187231241551743
0.174359982980307
0.157505465510021
0.16731739354402
0.197681366919122
0.205473146342111
0.2053519313512
0.218586069620333
0.212532853556939
0.197194572986576
0.190202195840421
0.18120505878698
0.179718763086942
0.174473235263283
0.173514270943251
0.178794676136634
0.169590317455486
0.183062906485064
0.170093468244443
0.166895671548042
0.166685034998021
0.160224687415543
0.136007190684881
0.146274110020584
0.141711161259685
0.161787755952235
0.163971892576308
0.16727855785175
0.18584705293929
0.186508520689996
0.193762662488705
0.189053307764729
0.178007633946165
0.180331057720249
0.196358613194062
0.198788318958925
0.197323918243818
0.194249590481245
0.182713256518331
0.201820542381206
0.192235268383244
0.180982264391464
0.166203927305344
0.148077351491632
0.167187771094833
0.192289910755594
0.190737625100339
0.208633161381466
0.213452044909706
0.199200292283543
0.18660178303798
0.171168875501291
0.182886798243439
0.18784528933736
0.187523673956673
0.177631588694056
0.154417698262798
0.149829378500229
0.149579458061818
0.165219985604358
0.160764854331825
0.16034129728514
0.169992979128761
0.155875118410523
0.162037583681435
0.177412080455924
0.184319265479108
0.199966715570695
0.184802114562244
0.166358447577294
0.189450037544618
0.191210790934929
0.168854883300101
0.158239528139953
0.141691766479418
0.152563164453023
0.143829110640237
0.153625728823856
0.146812272717291
0.151079650149512
0.160252080258401
0.150806659302824
0.150893958451333
0.17767847424276
0.162556067778678
0.178276559725186
0.167348060867039
0.168089253437127
0.163479993324564
0.176331005088965
0.189803310666694
0.180788900796863
0.164619279044235
0.159757762895406
0.170695462153656
0.178782725446601
0.17357396004816
0.166784435725976
0.151445762817419
0.137657977156668
0.13578255835258
0.148995016587319
0.16430115170992
0.16851100311906
0.192102985342097
0.211601262365226
0.218871266004634
0.213658428028658
0.218364247243839
0.204190518235915
0.187742713201718
0.186071924387695
0.20990505729408
0.204942951707743
0.204983558224906
0.197079111028133
0.218965652160317
0.221684126202413
0.18687546355907
0.229989789166233
0.243023097457532
0.227132067794409
0.21635408220307
0.219422546820136
0.22085024576577
0.204641014898833
0.213932136572676
0.216367196542236
0.215508311916341
0.214509386682901
0.178499725834342
0.193226159559661
0.187571997898728
0.165669303838186
0.167179504735195
0.174171200561142
0.164074065588735
0.164473049530415
0.177148974425172
0.201996011113568
0.203012659145987
0.194750508022009
0.189440684474443
0.214512214829645
0.210226519953281
0.196140266310502
0.172261468216972
0.163821044404238
0.163590451230428
0.150487500580628
0.152593722176182
0.152685436074353
0.147399665437023
0.138975177832994
0.149228422870509
0.160789956540528
0.15234193502631
0.155983193553061
0.164818397234584
0.171538039040011
0.161070200513371
0.138191707500409
0.151030968587569
0.15275734215883
0.150349464254638
0.134528339424844
0.136600693556858
0.125335521488839
0.126895811099331
0.120357438342276
0.127260119185758
0.133375688953035
0.153387700757249
0.143191727634929
0.143514819917144
0.143062919102305
0.1450078696531
0.132701849203256
0.142121493531489
0.136318695988215
0.1464523806793
0.169556747686114
0.192387756400721
0.19336298600969
0.183601126538709
0.198311451046727
0.195567937174525
0.182152325938578
0.169623062135608
0.153911829430938
0.146334765602296
0.146657211293881
0.151647913595918
0.152357371679829
0.142779853735644
0.149959258979107
0.146990140563448
0.138675167547172
0.139877607017436
0.15060423147412
0.146484473198123
0.148861446596424
0.154549085275549
0.157528407092669
0.178336347189032
0.187050967115584
0.180507814067185
0.161596502855732
0.162298872302213
0.15833319242876
0.150169607506694
0.161099320558399
0.161843052631141
0.140982796255742
0.150065124764734
0.15806043779879
0.165463161916101
0.148682190346601
0.150535222220201
0.171315422457721
0.172176630223178
0.179996389942524
0.175489033946363
0.189755086106536
0.17789719779213
0.196026280142954
0.183032001837758
0.186070554506734
0.19027226650993
0.169061830389347
0.193625343474508
0.211397812375686
0.20491385712186
0.192766263842939
0.211777021261259
0.190897723577278
0.19418947487341
0.185478906025558
0.168067637447985
0.174346731883489
0.19747849000455
0.182670547862641
0.169658306272838
0.157604555243788
0.166947874546395
0.176482436942302
0.167595816468836
0.167180253991829
0.172279397448616
0.172929984710225
0.165439331815941
0.151659296368274
0.170373322681852
0.163911977732165
0.148968069047261
0.134518247939587
0.151783490721856
0.166084037254912
0.178590726967584
0.169789180904519
0.167871327339304
0.185207547619167
0.173607726425363
0.172287189160027
0.169948847765376
0.164853567409824
0.149967923731199
0.15052162530129
0.145944105764458
0.146748743951798
0.140368194458093
0.143784249958305
0.126851597735675
0.125123707988886
0.127336628988515
0.13850041606304
0.162269989206144
0.186458414799025
0.183571244874598
0.207129711004835
0.185578361953398
0.17765682332709
0.163726933139944
0.157111046134667
0.18987722451289
0.187328346456955
0.197170019587346
0.17996467093923
0.18713798326614
0.201347143063325
0.18411755361851
0.189733589845216
0.189324125752037
0.209623354653098
0.206315073802305
0.203638096937412
0.229445953161071
0.199866826644476
0.194518108974294
0.206307930327628
0.20416089454345
0.205601389745314
0.200440064895324
0.207871709988451
0.219114553390893
0.210272887500798
0.220844189951934
0.193082754468562
0.197725106468225
0.194613456019379
0.1930555581612
0.201691293925092
0.205594401334165
0.213824180039648
0.227261701674552
0.221289930710171
0.195797079674132
0.19906041767748
0.186510524734596
0.175663278274437
0.175771068140862
0.176215715944606
0.181157927209515
0.198646736528671
0.190530824112784
0.19825591686424
0.187934791965514
0.183582537554995
0.177113767996996
0.179945573012416
0.182518645044169
0.185415262848401
0.188767922924609
0.188323313546883
0.176451358938849
0.162140263214971
0.134879383091232
0.145212917187333
0.141284950735803
0.15155078773869
0.169353226270516
0.176228320477452
0.182991762964467
0.176795989741617
0.188936020108438
0.174316949829085
0.179414038990663
0.199928725284102
0.206350675987386
0.187771802883642
0.191567887195807
0.183616408847066
0.166649910991967
0.176316930926996
0.184521876764873
0.179107909094934
0.170934160941536
0.178237599989444
0.179820794798989
0.180406851229794
0.172560314209017
0.191222817959751
0.18104636366634
0.192330206436829
0.18954413726958
0.188140615361848
0.17730375576239
0.180709498079651
0.187640000786327
0.222947277425281
0.218382411385855
0.212269185351042
0.205085367192604
0.218735416681771
0.194618835933888
0.170686445955666
0.162944168830602
0.167411134204102
0.171026513341324
0.165907240206696
0.150570476788811
0.141896172450675
0.144233203522129
0.150504631984435
0.149771945845258
0.170940297385541
0.16939605617928
0.178635705203273
0.182740892437555
0.18983644966339
0.193219616713323
0.195985702276526
0.201585364907828
0.211091444341021
0.191648918280776
0.196103864519933
0.22664959814168
0.19572023107325
0.192012255032569
0.180524074547384
0.170356106463747
0.16322762952853
0.164985520942321
0.174587620819647
0.196384696007701
0.189379500614031
0.174561863091229
0.194365036413833
0.208036381185938
0.195911427411152
0.211845827027118
0.206069205062554
0.231436726070003
0.218490936609585
0.226437797717401
0.217235345119316
0.211673065429299
0.230587046705683
0.207552221814437
0.225013158281367
0.249400715328196
0.251518788310931
0.293016263754221
0.280845219300194
0.271103839553589
0.250765990847365
0.238510150971323
0.232292420129846
0.230060466363198
0.219168783653245
0.214024768540521
0.217166294839054
0.207166906115734
0.197466011983966
0.199743147272197
0.181490157361759
0.178712243005698
0.209924607285357
0.237625600463838
0.236263980751962
0.232222794404424
0.216475328665122
0.258481678776856
0.257200760655618
0.260880271543414
0.247498864967064
0.256775917444178
0.235582034533364
0.224868251709151
0.25987645068872
0.203407530156943
0.211766103993654
0.201599745187057
0.226414591550196
0.225154687850171
0.213969233964668
0.196964307104638
0.218445430994434
0.227523139192441
0.222044324188085
0.209678801182052
0.184162313708105
0.194859240324644
0.176969521569263
0.1788849220656
0.162370178212023
0.159813415605848
0.178561009440668
0.184150461255439
0.18595045112979
0.177032069756998
0.163352115951814
0.149929900566336
0.162447840262197
0.149009215155078
0.157055755025706
0.18208537865575
0.167420726321525
0.17838476219331
0.173697861803221
0.176970733610287
0.175592124167959
0.168680234171259
0.174251985755237
0.172846615796078
0.179141703758446
0.183229766013692
0.180354375233746
0.172024069996555
0.177483834155111
0.1805736973562
0.19256675891059
0.193142211994874
0.189269528487335
0.170982719123854
0.175646316931921
0.180320514196639
0.198629840882798
0.180031084268889
0.176477722354433
0.173272038260112
0.165050854466913
0.174092962621186
0.170033266626681
0.183530362789765
0.18949040318321
0.219022903370832
0.208382114689131
0.229234363863199
0.2277141499355
0.213279140028089
0.202201300087565
0.201153031108196
0.191159059307357
0.200225430914752
0.205551176380709
0.17812743859229
0.177154362856224
0.167095899135131
0.168565657057995
0.171420244807543
0.17872074863331
0.194289029701975
0.209194418959571
0.225659068704919
0.236501288227385
0.200155525866036
0.180480672359217
0.167959382291395
0.176502189939902
0.175100399973605
0.170315184227862
0.163331787895087
0.155824161955875
0.142839221820716
0.145908476572581
0.161280446153973
0.164783000333668
0.17231202625141
0.184639623940503
0.196632045428412
0.181547449625576
0.186020248682764
0.169925298074647
0.169880694443832
0.163881221346145
0.177629674431099
0.182907050805421
0.155225419468814
0.15391106994664
0.146834553528361
0.154497243350158
0.150952529804756
0.141267410503491
0.146819877151139
0.148208633758307
0.16407271449701
0.148654750914017
0.162047120504675
0.177626066402239
0.172518919558571
0.172545624587445
0.180475972838629
0.179369701229097
0.156183150345412
0.179676875793663
0.175037766760223
0.167054192555136
0.181865759099747
0.18649063185902
0.174405552915155
0.164630745956722
0.153117286125014
0.158610515393477
0.145150152990396
0.15883710433573
0.158412342198644
0.182504868833874
0.163317743908
0.169933867303346
0.176302453016964
0.183661598802879
0.175733279936345
0.148123518605589
0.169516198798505
0.180379878823857
0.174258816687195
0.17549564754281
0.171132424820628
0.178810052562095
0.164166769337857
0.152395679484163
0.153075861007972
0.137913725039633
0.143057413435876
0.13831772453356
0.155439527351551
0.147463137120301
0.158786923934542
0.153526272544335
0.150267809816148
0.143741037228079
0.146290964404313
0.140456016624397
0.141242114548055
0.133537476302496
0.143147300845124
0.127547243939395
0.125801439754364
0.128894482710428
0.140965274774868
0.122308102821308
0.124088329756476
0.125319707457061
0.122829647328308
0.120470713559977
0.123820570080933
0.136439144292042
0.128985306670419
0.142464805853463
0.155669510889388
0.139177424296687
0.140695522207093
0.143834137225262
0.141742801261408
0.155104562901267
0.155104157382886
0.160731586360914
0.160135090512156
0.158203826817092
0.146568769637355
0.144129571427956
0.149272332546817
0.151675484514998
0.144769074971114
0.148709289644066
0.143167419135804
0.162288160925867
0.164217341731273
0.165881057385029
0.15099348607072
0.149724974019051
0.158710781973268
0.155067982910617
0.159977889516578
0.146412136510252
0.162850787266719
0.168587953974023
0.183001418709761
0.175126254723694
0.165441121574725
0.163712338241831
0.177375013745403
0.173219125088627
0.190021343614562
0.175787126820222
0.194407571521449
0.193703322097715
0.190735841751639
0.18681121529218
0.201159336791292
0.220067195881914
0.230099126034022
0.198898322904561
0.18403844138904
0.18236273440694
0.188216892845947
0.176935455170138
0.161825168951825
0.149145830969322
0.155232240812969
0.176013563354822
0.156113013694437
0.157666018336157
0.163264929308106
0.167209265994556
0.17665228502134
0.160224872348915
0.151843489554276
0.134379532343469
0.16398101495246
0.151918395351293
0.151917586326798
0.144049122222799
0.144509375314258
0.156113786113288
0.159249941161548
0.167243412065424
0.18111889283617
0.180907858024558
0.16147157647536
0.155778897130488
0.160319365222842
0.155222860017194
0.144685141096683
0.153547152728782
0.150979762407344
0.17011372906111
0.188008585657588
0.176538492047921
0.186678367343665
0.205877509424731
0.193371186017505
0.193060472353224
0.185110502074024
0.189422896758551
0.183953845722015
0.185076833186151
0.187869921595638
0.194397313131805
0.192933075687917
0.195241916199603
0.180472170961572
0.183962101325759
0.186118070123441
0.192172473231443
0.219854222958416
0.200433929698123
0.198306301416469
0.173077076499252
0.150141248692307
0.15315921827331
0.15567160200941
0.149486296332856
0.172367419456042
0.172079084104145
0.174609487169151
0.169766262695585
0.137508447784551
0.144000502612363
0.156821000475741
0.16743169057614
0.153646453144969
0.143554071065606
0.157265465563172
0.161092284421526
0.156721219368072
0.160914740449008
0.147687637933616
0.150449827374911
0.15498451059974
0.145054235073595
0.144189081492305
0.139072458574129
0.161060748606378
0.155982206014819
0.165438859664452
0.149485056082438
0.148123550495935
0.140728401573006
0.147183822528935
0.149826767421985
0.153125140535141
0.165403962401957
0.155764624618213
0.160736160797501
0.148321409568199
0.163670462563252
0.16016916791157
0.176745499246544
0.187539992793294
0.19309068323452
0.202189330113442
0.208056147030318
0.193821196450018
0.183731758314457
0.180167652624732
0.180500595075866
0.176596275165859
0.1749486731655
0.155531450781427
0.169283718566309
0.181749498142105
0.176713940227114
0.167695104010697
0.16984779435975
0.176621643027006
0.193168140645871
0.179181133320772
0.177572568284528
0.165120851141775
0.171994574481584
0.151179047329596
0.142612401797222
0.167238924835752
0.166039446986894
0.148244735803209
0.146168331694111
0.156814466139997
0.153727372992031
0.162942053530705
0.162962143147529
0.153908541695052
0.1564455189049
0.163040690298476
0.168599945622349
0.167768135322084
0.149063027951804
0.164536614096483
0.151569727657588
0.142852224707043
0.149533963271872
0.137066723017645
0.15072259584351
0.150748010309514
0.140459884582502
0.13045730634785
0.128672958064919
0.151655709740276
0.163981884185111
0.173471343509837
0.146088294163391
0.128226525238006
0.145903796608747
0.143494060177966
0.123911878676618
0.135845798779555
0.138235143378118
0.137554309241689
0.151797900503302
0.156385934380555
0.191041170158499
0.189395506360813
0.160260284279198
0.15164867303552
0.154581971283363
0.152576382363719
0.145792473844015
0.166840362225639
0.167419914590002
0.191351556166483
0.207169035190563
0.218955919693449
0.241281728235559
0.232316392412071
0.240508626798569
0.231834861548542
0.239174611053322
0.238514804388999
0.229691125057504
0.196491054238399
0.211817783028797
0.203905627389441
0.194126401148784
0.199179966866203
0.208816939790562
0.199631069906856
0.190401193254078
0.192164483622686
0.218869206799206
0.212949108444465
0.257958460385687
0.254013844593778
0.241687873800439
0.224391750768089
0.232189359523102
0.232893410163485
0.239788023961313
0.240923676821619
0.229955920298422
0.216399539760778
0.199935708382745
0.202660689906092
0.208613984824893
0.211536771368688
0.207749849769139
0.208152254779329
0.173974167801476
0.15749104510794
0.162367148967851
0.153105243695747
0.153719296978856
0.156207730086606
0.150480799523325
0.149580900608851
0.163936027369968
0.168872363599433
0.153737101630334
0.164658604555172
0.152204010237508
0.166157327434544
0.15129188344733
0.157151469079539
0.158849278179862
0.153416145143551
0.168573742962408
0.180722661605612
0.163314605640618
0.16712167804731
0.174057725831681
0.17364502631604
0.169209921981256
0.173268252442547
0.172320323934558
0.164032743233502
0.153663022770291
0.161769143790975
0.15507358186486
0.155139877123415
0.167027849746792
0.161853539823791
0.152013785360936
0.148438538843228
0.155822306798089
0.161304282071881
0.160459577557366
0.149815974979681
0.157700880719696
0.183712130999325
0.182474518458372
0.170847207723395
0.164340422164655
0.166865751252684
0.173466437927498
0.180808908916678
0.183197671442279
0.188833087839955
0.183072035232468
0.205610186865584
0.199877687501544
0.182674594690789
0.16985855014855
0.163535865244978
0.15419419545408
0.147499566888512
0.158900135134824
0.148286854027294
0.157981957130941
0.171724644661118
0.165930220289245
0.180850362198319
0.195426396498988
0.213427854021929
0.192815239840543
0.192487276284655
0.203063892459427
0.182476934070108
0.173699372384437
0.162898307790428
0.15986831849521
0.149429354252988
0.165365511116785
0.155859100124732
0.147165287627807
0.150848237698649
0.157975807412564
0.156721706302976
0.167350074882207
0.191201626837388
0.174572019581025
0.184818920914896
0.157149199753553
0.169669792575273
0.171396865709954
0.176404274970843
0.180925379707304
0.169602789451818
0.165420946737472
0.157338172888406
0.162068888442403
0.165335936067145
0.173776246368279
0.18247775057518
0.174396859951943
0.186156466494258
0.192164856299513
0.211355605028692
0.221440543898055
0.200105001644887
0.212313716349765
0.21371107721485
0.217331285245714
0.216387329879693
0.197793222834461
0.19983471359866
0.195665936945503
0.188633500569235
0.21171019696507
0.206959749769155
0.202378065400318
0.169563879776552
0.155872439341194
0.162989509109404
0.156357350625114
0.143699325055725
0.14784164893312
0.151244381853547
0.149111106695617
0.159415658492858
0.149609502729026
0.154407972874979
0.144904438510506
0.140016463535397
0.128652182675983
0.133828388676329
0.145816881877993
0.157473558088194
0.159286578481333
0.165309367401043
0.175849767775218
0.1672768637609
0.163902554765721
0.155389504259537
0.168383459484545
0.161632668326303
0.158844493775455
0.164346457852968
0.180982965038165
0.1824156647712
0.194237563736579
0.208219250705798
0.224314254258537
0.220361561668512
0.193194497538811
0.191689633949873
0.182094295478008
0.216546049507313
0.169119733127219
0.158487077524541
0.142799063938807
0.129400716192052
0.122397146716504
0.13198233921357
0.136322022469299
0.16349288386773
0.155472512345334
0.164694958521269
0.167735715676658
0.17803801426003
0.19037104113046
0.199247382454294
0.197958459317029
0.194838910043669
0.200519998940752
0.207133004581133
0.217783734210868
0.192420814894129
0.187548968770537
0.183019950396792
0.179784695138748
0.180336815509722
0.193162440056751
0.207371514187081
0.219528199190552
0.201093365630195
0.202181649611604
0.203752019983204
0.204712176881515
0.199566618203177
0.198973738778964
0.186776623286218
0.19167039979562
0.173724404444544
0.198014072273044
0.196296968406087
0.184093676067519
0.194369784290905
0.199242660190976
0.218853059630569
0.215969661826948
0.204213494339369
0.170017684519131
0.190532470941189
0.176440498638536
0.188526154812535
0.186823694588113
0.197946478075336
0.198146543044164
0.190624361047665
0.180850053917817
0.175533973350436
0.179156625467211
0.161746464621485
0.156862734606491
0.17778715951672
0.172057815478976
0.20157691982638
0.18301784128321
0.198115920981638
0.19795661984578
0.196991132821573
0.207730880016461
0.188200425374686
0.186997819807537
0.193869062741889
0.186433335550218
0.190616418373862
0.190653606455145
0.206037744300872
0.191968039559162
0.207482750149429
0.213065504686624
0.187318105548547
0.171119119583604
0.170096414561025
0.177666007761946
0.181139036693359
0.190968565373386
0.204711067851901
0.204592756471834
0.2141152281146
0.227915942540036
0.207967217106393
0.191521324615912
0.177191529871255
0.190959418749226
0.18221509373865
0.193162795784188
0.213335900912954
0.203483073788142
0.181240086974919
0.177822303337303
0.168733866702868
0.165898547643853
0.162069908675974
0.179707796365748
0.160314402815613
0.16617306443255
0.1747697930275
0.173143931489043
0.194040814764295
0.184601086742671
0.190155010146178
0.176372075885053
0.179538227753666
0.203250462245282
0.204112824067027
0.217422260556483
0.223959040800265
0.198235677262399
0.211221963847758
0.2109979081505
0.213584675928196
0.189379859287092
0.19281485664141
0.188289600984107
0.183284052602188
0.187199950359182
0.178300604170429
0.1854837891899
0.182101347151441
0.192003292248216
0.200618946266065
0.189366364637145
0.207230456252703
0.205192472695041
0.207014265272524
0.211792685048213
0.230294211910075
0.233576887696113
0.25370164857926
0.24359047846814
0.215399898272649
0.264079160915705
0.256031001693131
0.249016948794101
0.230467196582766
0.222458862524007
0.231568355829291
0.241305279767233
0.26227594100763
0.248703097801839
0.250805536564307
0.251453857081131
0.238050354063062
0.252480038999578
0.225722031448882
0.23581296715335
0.220479689125449
0.200747204591598
0.191824886673628
0.187545906588659
0.208449580717448
0.211217487977971
0.167007179673515
0.164231284761318
0.168010837639115
0.188150573113163
0.216358707275263
0.202555995141144
0.20434947523972
0.201837786529267
0.186665348258593
0.176655194300481
0.181712969475188
0.205165429205203
0.193057462815777
0.202840374843096
0.19872309069541
0.18556953471361
0.188284795583592
0.156059965384985
0.145340355197596
0.158382401512953
0.161047365305295
0.16947642050337
0.161658000266164
0.161271553923164
0.161096828990684
0.178481047271322
0.186676384243333
0.174058535221403
0.189559504276072
0.186142902422848
0.196277199136874
0.184907898153133
