"V1"
0.19054593801051
0.180554757029342
0.182897154830817
0.190466311825122
0.209772552861652
0.199037057907503
0.17458077656596
0.168507753604632
0.177826442448624
0.190382343173508
0.187987346649157
0.213964627862171
0.211830480446176
0.195181105860646
0.199518663481927
0.225232837205643
0.241391515077918
0.246274037138189
0.269881859988341
0.249211724156242
0.223178943292911
0.217480813661072
0.216518736617373
0.210171258047419
0.19414921762304
0.170236569911812
0.170581707348136
0.182815804741933
0.178881476087992
0.184316512496584
0.165883374384636
0.158315965915628
0.159143475688714
0.161055755567423
0.164021910028744
0.153235135142278
0.15428362198405
0.13942818631718
0.155689655046299
0.160724672092238
0.160123414582405
0.163904890294981
0.175567681048556
0.165016603880887
0.167668246017169
0.172130705530587
0.164868297943883
0.160255670707746
0.147595176012252
0.157371901894742
0.144930586387808
0.134800855787015
0.133753171332737
0.14309415412633
0.139239668211632
0.144490833062906
0.119558486691808
0.119177997373444
0.13104984261002
0.115738795417546
0.111953944248965
0.123248958890891
0.138914664677273
0.14326850438279
0.136865974269198
0.153017807130831
0.166634684987109
0.176353735568669
0.172201981673949
0.167439418403807
0.174734644677826
0.17467975490368
0.169395227657448
0.156699340279622
0.156380289800556
0.147881339923718
0.147547450670882
0.179633111407426
0.188470533807586
0.175925440325461
0.158609276499879
0.161899321185393
0.164905339032603
0.163877461503022
0.150900573857446
0.150738451434476
0.170066171892151
0.195271733115823
0.216740002662058
0.218412286398919
0.217233659295193
0.248568605741866
0.222200590747475
0.213085115028013
0.22569241302441
0.223896100895179
0.220978511783206
0.222823807601052
0.211524569335106
0.216099893340689
0.203398890233734
0.19696878032723
0.199019386508643
0.179891504635874
0.170236485259912
0.168914670154176
0.16111827882525
0.148180554879512
0.169336028656378
0.159837969359555
0.162581693568182
0.158137608256776
0.154192077804365
0.167743713484434
0.182567203452649
0.170637482821593
0.166994144432881
0.195825326017635
0.196933522283236
0.202908784752488
0.194372283720831
0.186505993358952
0.184657645867388
0.169643875076369
0.161254779801279
0.163155543973396
0.150530230652027
0.142145253934582
0.13871833398731
0.138082248681588
0.130959224630342
0.123770209618416
0.12368274659214
0.115565212645697
0.099101749113318
0.111569807497954
0.11060015996163
0.112616839048256
0.119179990165361
0.12063837250947
0.113788861996872
0.121682812410248
0.124335180443727
0.1205710026237
0.134964076691956
0.13449756469053
0.149105207087807
0.138396785961894
0.131874304723013
0.135680027573289
0.11818245281951
0.133303426505364
0.140826609060102
0.149513225244636
0.158160885597695
0.175632932389478
0.179958026783257
0.173750709813963
0.182424127900113
0.189063878548992
0.199327844226633
0.19554668547337
0.193358283721993
0.177609981762585
0.171440538826929
0.1761999626566
0.176093560018543
0.167920443462474
0.174341231622028
0.180041383204355
0.166347217360306
0.152446992401465
0.172036579326886
0.198438713067203
0.185263401807412
0.188460290367473
0.190012886974627
0.180781774457295
0.163835555933436
0.15059890217319
0.159474513306149
0.150305900633902
0.156782626338788
0.163488643188616
0.173694423053616
0.163539723140946
0.152997970994321
0.144915814862516
0.146329179965961
0.162346110803627
0.163964280514237
0.174180333936847
0.170522698684396
0.16910846627629
0.181067524981076
0.183114279001871
0.177364640653433
0.166392347233011
0.158296538718337
0.169716636740012
0.17861177868235
0.162159816609981
0.150969095198266
0.168545360225121
0.166886867818857
0.172912254154801
0.181816023040985
0.191195997245898
0.182794047787836
0.165208699593992
0.175749318795728
0.17149861395819
0.176254749763777
0.173020833951974
0.172577299315602
0.167063847407466
0.165271623405874
0.165460765081397
0.158068282707244
0.162071041334187
0.167759908478992
0.164858937136859
0.17530735351466
0.168082546630293
0.16372226502413
0.163559203933884
0.164187806136159
0.170092343618453
0.163822673274373
0.168791122871549
0.178709505080228
0.204961849685766
0.214449321983689
0.197546756388146
0.193751785221111
0.207910738073964
0.221117445217093
0.207976930911743
0.220136142270346
0.223973820615258
0.218414177836654
0.200204042204365
0.198573250710574
0.20363110625405
0.195341338086813
0.211083602371892
0.181225884974926
0.186044124209429
0.184065027675454
0.181133722528518
0.187017405621338
0.194586416693819
0.190832630651335
0.178749481950424
0.18742436365645
0.177365842837688
0.181473555229238
0.171439483399365
0.15956406581049
0.157097404171849
0.162377772851995
0.153174767419251
0.132199405767476
0.136482813946068
0.142793614892429
0.140167372082803
0.144126506198314
0.151045792998797
0.158743550212421
0.182481202389616
0.182781463830469
0.168809733900612
0.167229461881897
0.182203352893413
0.180660434114517
0.179726613279758
0.194674635109959
0.2017280533687
0.195733198597747
0.192363199240361
0.189368706373638
0.185248131037841
0.169976704408616
0.18155440449594
0.189277727836782
0.20677394366785
0.195248412196643
0.190764462565569
0.185624589575623
0.208794320995814
0.193503706651055
0.214028044687213
0.201529670400361
0.187622180008132
0.175880486258375
0.155214623952826
0.1533283391736
0.183947830848827
0.199537740017632
0.210649196405654
0.204961641890548
0.201918234228656
0.209217055691729
0.190508884630874
0.212867185662512
0.222825079867404
0.211949177847615
0.187684574217696
0.199330338342671
0.21341614668643
0.216113241963959
0.208666813095023
0.226795905498812
0.231825696914586
0.241740874965552
0.242447904167291
0.204736488403536
0.221504082444704
0.216679354524862
0.195146746203502
0.192182256965777
0.197297344124545
0.200387385797933
0.198056716447079
0.207288790406846
0.195031322331167
0.198209078855816
0.195165437402566
0.190098572732225
0.172879599113154
0.14949010044137
0.154873476987621
0.170421874308186
0.177405117294441
0.174512190730728
0.17887103685482
0.188322654203387
0.212967193901304
0.223523228047959
0.240565459629662
0.222826846027162
0.237889578154875
0.218556868904058
0.211340971445423
0.211935142920752
0.211882652353075
0.226217072218706
0.227707024958778
0.207792642629487
0.215567465611564
0.185899968390843
0.166475444987355
0.183308830991572
0.177623781585741
0.202381536863466
0.182176026737116
0.187263587111308
0.181868803035685
0.192369401507986
0.197670958668819
0.221074904961967
0.228001133262444
0.233969534621034
0.230021149107505
0.213712156628612
0.218971200450589
0.205177631828642
0.221731929939515
0.246559051693939
0.242375881373517
0.235871646979957
0.239125583667254
0.247520190371693
0.267919805341808
0.271700998923973
0.289829729348672
0.270734073233052
0.266539295565529
0.288090032244842
0.313955325434439
0.286079109818054
0.278567194614445
0.236634252198979
0.246493122540546
0.271118068062991
0.275032278751475
0.260078904749675
0.274010087387545
0.256843291925037
0.237382435156452
0.257422830000805
0.240426414091692
0.207484727888841
0.195017423610246
0.183259109049181
0.20495801034557
0.175590326859515
0.179876199749986
0.163680276974221
0.162762189728548
0.169909781334482
0.181968848402883
0.182307449358787
0.158426386952085
0.160043512723997
0.153032418209399
0.145824026489422
0.160335214258386
0.169384770562559
0.152805032097276
0.161268227937825
0.150885639057443
0.129393859818988
0.142273097902795
0.14183400067408
0.144385683876806
0.145432091564454
0.138814828239991
0.136809646241351
0.144481081114168
0.139407040700448
0.13848645011776
0.15043603293412
0.138929725563645
0.134135109905523
0.15108990572451
0.143473397227447
0.155187825290512
0.165974427304847
0.188920310065137
0.202571245429138
0.206750885862845
0.218540356969381
0.219763089424136
0.199340304836111
0.195199537452515
0.186833531905887
0.186209254384381
0.178479322387912
0.191706951848091
0.173580432031357
0.193865617438422
0.193207170838397
0.174515701427891
0.170616825319291
0.172239820115101
0.159569025264107
0.171873402999244
0.149283863399998
0.153496501326461
0.14782524530413
0.151409271054431
0.166395032527642
0.164441449931667
0.169158177792625
0.164880881458331
0.146870576379096
0.149439089780298
0.161794150945182
0.157764917955908
0.17149922803835
0.175976484733694
0.155337595510434
0.177412360739185
0.191810039922175
0.179642676829984
0.217480175905407
0.226045570309708
0.241450707344412
0.229075744512211
0.220449902265963
0.19438318344667
0.199830844568979
0.222929627358234
0.207676889591558
0.20348588437602
0.204709827387154
0.202798463559507
0.22086382804718
0.224826442139407
0.213623387147647
0.212902553775421
0.218686662239038
0.213970847082717
0.205250758502219
0.208867617454547
0.218055214136229
0.211655059104154
0.205219751033434
0.204106231348911
0.199808897834195
0.180151812672292
0.175263464631893
0.168050718146978
0.150851777146899
0.136477130232518
0.138962704908647
0.134553981931673
0.153980328801744
0.135886018944821
0.140431905674216
0.137506921489808
0.143070028224699
0.160979770470835
0.153577220332357
0.155258403860882
0.171270398404728
0.164721978040781
0.165430052734767
0.160770021111609
0.153822922855767
0.157430940839037
0.15647810781109
0.176162294902151
0.166500440033941
0.160126917493814
0.155692355889873
0.158088377243865
0.16581922605967
0.189390476545061
0.216023216923286
0.210519530153669
0.2293031015971
0.222852824067343
0.241912539626082
0.230320548306794
0.224215948486168
0.219603899992337
0.229153449787205
0.248197907115355
0.259264587288608
0.240256094579991
0.225629120053381
0.252902828597126
0.260232414319088
0.223958031445429
0.252161243310182
0.224915912096342
0.227518043260714
0.223857468875577
0.220668626635789
0.222002744901514
0.218704898851974
0.194938112311805
0.185791167120745
0.184066809261609
0.183511040199212
0.182155107247734
0.172854725074803
0.18307407021744
0.184708798400969
0.190299141882148
0.187275888105539
0.17951844000525
0.195509786412024
0.182762970586587
0.210549571789254
0.212676590151633
0.203080615623201
0.205772848222003
0.19568695198955
0.195824225124337
0.190986733754756
0.222007191994854
0.221432419987195
0.229692658794015
0.256385633663387
0.235770593173889
0.243665282261425
0.241631993652719
0.230238463827029
0.213261576809123
0.226440877648832
0.209540355418939
0.19355947254127
0.209864155365068
0.213932664881936
0.207712186174449
0.201149560219702
0.208345675832449
0.225399979595117
0.196200894831488
0.189937895781423
0.191084981536904
0.179648305489828
0.176848083801851
0.176902449216655
0.20069571278949
0.206798096549135
0.202399941484936
0.189007929525101
0.19619401265893
0.16718581406869
0.175598150956528
0.169775886278622
0.182334499384903
0.189451582231002
0.212112983421185
0.215486736975618
0.196579553479425
0.191453665027064
0.195940439704509
0.19262798089266
0.201647412033823
0.180357628784871
0.185110447245803
0.185057879781372
0.199062638005837
0.192984800500161
0.190535389222088
0.221207436523211
0.191303175210646
0.172235068296566
0.169104975730492
0.168684601749395
0.159927756364266
0.165423253264655
0.189302200549525
0.191921986743319
0.208683606338334
0.228781965454311
0.227925799338451
0.231743780172296
0.255656370444151
0.281722331521896
0.263120007996363
0.256417439527391
0.273722069116735
0.279522042385037
0.309534500981489
0.290853740655113
0.277448688660764
0.251074771741469
0.266778591679222
0.24880337324588
0.212949394661468
0.192720022093648
0.18083610273597
0.189605793457129
0.17662871119591
0.178452099483267
0.190535380818474
0.202944315810244
0.198187673454362
0.194786506661725
0.189102827327345
0.185250658620933
0.170676969723977
0.181795241499071
0.169771245910432
0.169717898345776
0.169694371465631
0.187988072099279
0.181322554142735
0.163075129033773
0.198207408641109
0.175991013150182
0.184158370025706
0.17261151565677
0.184463150934582
0.191339916294485
0.18615670126892
0.207342084847126
0.192960529561225
0.183756603388145
0.163373784219633
0.167347896430784
0.166777996773655
0.187399760067926
0.19753673868102
0.202153335238103
0.193304938662799
0.174370408634364
0.173892203713897
0.179314001081087
0.171187717933784
0.193379739350344
0.191286985251027
0.187425181079631
0.228403346770649
0.231903629526748
0.249479332653735
0.248859680618133
0.241892747027915
0.238533968528371
0.211283229344013
0.191637066602494
0.174846977375138
0.180671656705795
0.194842912153718
0.188509318793104
0.188667355564256
0.177676880305907
0.178232273555032
0.160296732316615
0.162208912340859
0.168306665191888
0.163088466748706
0.163056902767994
0.168917746707244
0.15814277479728
0.167217429885516
0.167423949511839
0.172145310785566
0.156115187344135
0.140961108000073
0.16538599826909
0.152755897345143
0.156786718720518
0.14866662000903
0.154429521348181
0.176474815707209
0.167591205822312
0.149644716000708
0.149085389286366
0.133780403623353
0.129067821086239
0.141234529039633
0.147950635096521
0.152428971160126
0.163890352369008
0.171854491262741
0.185462449425399
0.213473384182874
0.202215588867575
0.188919741204887
0.175229511024636
0.180964306516084
0.192579760440372
0.197571713065758
0.198497382735601
0.2035371722554
0.198871558903035
0.179012939262297
0.185171742650961
0.169082364630558
0.175452604292762
0.174179457713465
0.178612151967201
0.180273504775174
0.1818581379456
0.178231302868981
0.177205089562269
0.202496617653981
0.189616220089008
0.188149350090242
0.185392004376032
0.176521408839212
0.156649964948685
0.151896749039024
0.15867169176736
0.159227138579753
0.143222583798714
0.149098606142214
0.147384246613572
0.122118743142382
0.12003764296032
0.116672763185319
0.129870715275907
0.134084445628277
0.143090594355464
0.146862632302554
0.148329611818491
0.143402464916109
0.153008653968869
0.173245236839959
0.180026503557755
0.198727513633712
0.187538322440654
0.192340542712701
0.196551668846505
0.174909861072239
0.173171023983946
0.162026124515202
0.173117114143144
0.18869331094832
0.204639164872597
0.180667424605403
0.188011360083077
0.18175242279802
0.172493105933112
0.178045306303412
0.211218355056452
0.216599206401306
0.20375002977082
0.218132214921798
0.210473545404857
0.194341161078935
0.174278499466302
0.19057791291058
0.207728332584061
0.187913731651487
0.178362412620825
0.179472916927719
0.173413832877396
0.165964938589274
0.153169646734942
0.157664070481574
0.16933188390873
0.17593682425798
0.15586944374749
0.162439247203144
0.162184671852298
0.163948380001412
0.176354220503241
0.167273605498379
0.160978946000171
0.180978445643562
0.195610293587503
0.184011633322705
0.18503427010219
0.21799177829917
0.231617499738068
0.233873935234562
0.248023125633258
0.234477406041824
0.215938052103469
0.19305416497128
0.185979203738717
0.191902091455808
0.21285085273227
0.211780659818488
0.182173190656843
0.171109073362206
0.186218312101544
0.192956299739494
0.205112506090835
0.189969317372404
0.179353650612715
0.183693450209043
0.16080068099353
0.166425213506662
0.155619861074507
0.161411675755691
0.185731628712295
0.180876784457105
0.174347976359536
0.192943197431651
0.180210487421077
0.184037483083521
0.160199611548439
0.150120020877629
0.147828825777527
0.14584579628941
0.145402138896358
0.172705170062588
0.188774290956537
0.189264964900776
0.197728869114509
0.231289571930599
0.242415473432154
0.259899326299538
0.239930887710539
0.243660375404159
0.237690616993167
0.248525282807634
0.239956339474259
0.219350683914011
0.208932909347748
0.193313052927958
0.18893540454927
0.183892713471981
0.192874408730915
0.20914101262493
0.193971658114237
0.192286996922774
0.189675191647276
0.197973498991922
0.205399522865633
0.191455711377411
0.193601712311036
0.19076487217985
0.174919382412555
0.159409335341765
0.139478217905931
0.151689833738232
0.154055313342196
0.145164814448246
0.166985231917796
0.157714038943196
0.18018315341069
0.182412176413615
0.186222841204415
0.179282337658842
0.189339608540542
0.183345966539267
0.174853281902294
0.178780115400524
0.181719417642241
0.167583327015564
0.175294182078318
0.190911154956027
0.177352582111104
0.156550261610735
0.168347463909094
0.173994100253487
0.190614359481648
0.192117320579559
0.179444214525093
0.167161954528166
0.172524903569491
0.164738351724043
0.153314156962713
0.150366904706683
0.165954612320606
0.16489155201139
0.157803346622958
0.163329229235372
0.168309241079523
0.166283827406187
0.170458245131772
0.180179144445155
0.189706189775821
0.181238034719305
0.178649999819567
0.178230630716497
0.171254675763599
0.155160612374274
0.163886630501184
0.166807998713804
0.15521062895032
0.150208933306611
0.140362898638776
0.149091714410696
0.160743379119643
0.167701513777437
0.163081186608122
0.160751623435266
0.1763717449618
0.181990913075898
0.179897977320484
0.179275835959601
0.182758194807942
0.195791909987116
0.175249513173596
0.174547277442352
0.186421703615757
0.167269247651008
0.171995895975447
0.164151495863206
0.171948476218011
0.159813074708695
0.158929845691637
0.17482591763745
0.180812833049045
0.193062199725424
0.178388149936413
0.173997212613295
0.180680690306456
0.167697748122095
0.168492877262484
0.172936968205645
0.153877789485095
0.138951112368554
0.144752321070346
0.136222519397349
0.135249410004111
0.158924459530351
0.164289820625392
0.171804030005082
0.183400822980534
0.190781496869936
0.193051117978597
0.212758019395155
0.206689789636859
0.180190246408671
0.190466024574823
0.193612374863001
0.186883517816146
0.171760500405203
0.181991797295122
0.179020518810019
0.168649010280897
0.173143505969203
0.164002779954496
0.167849988705107
0.156647548665828
0.171338102563064
0.161052601188313
0.146428008745874
0.136918314974058
0.145695543940954
0.155035327854705
0.161271493108595
0.155192967274229
0.156573433079333
0.162062118142274
0.172322489210448
0.161484205304437
0.172808188458993
0.166164380773791
0.160052181050529
0.177983093056736
0.167660407401043
0.176603305940046
0.170936584358533
0.170511050708237
0.178686379994983
0.154646969205056
0.16119834474491
0.156684918889651
0.168844424343433
0.182959552909175
0.168639156093791
0.175112460950063
0.174848330687716
0.169656222030673
0.176475737569593
0.164766484876407
0.169745851830229
0.156151801000057
0.15855929869099
0.171505228222004
0.168585951302516
0.182354160324328
0.179433248268327
0.182157298027288
0.174671520651829
0.184063158406843
0.183803763504159
0.176502688845552
0.171536254382941
0.182214449539785
0.170794043235224
0.17053032223481
0.183488159910719
0.182495621731315
0.201293815904785
0.165814866443311
0.159747848596229
0.16241531716382
0.149368185967237
0.141893730932112
0.151931704464784
0.162833790727042
0.151707590745504
0.147046187684446
0.15268389065247
0.16973734016525
0.173064666119123
0.191955492272758
0.205298387456725
0.20932425766532
0.194359680134288
0.194225045075735
0.19125232483536
0.177356882497392
0.197642180270104
0.177163766291991
0.176855067401006
0.167506363658285
0.165454244733771
0.159766596198583
0.157420745369345
0.154102212372316
0.162133622931466
0.149430254593042
0.164128114838701
0.16365974451669
0.155820553509458
0.169074887194777
0.180220060611376
0.171992599354144
0.167870886248503
0.173965805753232
0.201983393768995
0.204954718933531
0.211587005831771
0.218754421631958
0.211281828256804
0.239020760368104
0.21956342504791
0.232367399457632
0.23645829641941
0.218751750677781
0.21524526258632
0.221702541728415
0.208603374642916
0.223177823135257
0.253295369386342
0.275707801472839
0.31497530582956
0.319135824798662
0.302542891839896
0.266770162783798
0.226080028937678
0.251787116903219
0.243991394251401
0.256773656989948
0.242276535297436
0.242612400357622
0.248913906114245
0.254606835837185
0.232711479792053
0.220288574388917
0.235790926505558
0.23721796253466
0.216771605874355
0.197630913403344
0.185965874277292
0.194189421562287
0.195091834648748
0.171589161477189
0.181077699679144
0.166231005033023
0.161033027332749
0.14871071130542
0.15118128261518
0.158921588361822
0.180929199196142
0.17854253608785
0.188800583434912
0.181018112717483
0.189228956656235
0.171956025334981
0.174128909564579
0.177050015137329
0.180974928818946
0.174019929546628
0.164648413067988
0.158003882389072
0.157334917065391
0.157890848849218
0.168940399929551
0.179458770652486
0.189037067209531
0.189851754587016
0.190375237894845
0.203852763088939
0.204512986398208
0.199393070616492
0.205243785008898
0.188318679125769
0.174008620742135
0.173968807404998
0.188711701708676
0.178185063833078
0.169181893274688
0.176242239470093
0.172344632016125
0.174342658755485
0.181672593328236
0.187797584822882
0.175689777311465
0.171651092552114
0.176149461134893
0.204286685178282
0.184926776419495
0.200879722374934
0.214823285587279
0.228129299903958
0.216699092545462
0.230212085329775
0.21037496710555
0.199779919905717
0.199618341130289
0.168836601684728
0.168502021377663
0.158304156843288
0.17243497167234
0.188688824351132
0.189874403595411
0.179553810761023
0.18252728752951
0.18336475626378
0.18788146261484
0.190317342018456
0.182787706398877
0.196441363668987
0.189441462396386
0.180054067814342
0.161959050469737
0.158095777039153
0.151164393627327
0.132036773065928
0.126024439907409
0.127290717175993
0.125856230492493
0.137368067258346
0.143267351996724
0.132810930143813
0.135477497992159
0.144012863684889
0.148082739986859
0.12448339595279
0.14117570744221
0.139609911206968
0.150970996828617
0.16299022582765
0.18685341250094
0.18742085890626
0.181484428237662
0.189285029933176
0.199997719964371
0.210543950653088
0.196469555231707
0.181620421736509
0.199096741936034
0.176074038350751
0.192866862294268
0.187059769853926
0.191411591396421
0.175613299027297
0.171734655451138
0.166561297768448
0.16888292229813
0.179008851983651
0.186610399822693
0.19080182036516
0.195766707793724
0.203485052562893
0.201763984972915
0.213703317004227
0.235040936339486
0.233005072623266
0.238658078667027
0.262383142042905
0.268668151851241
0.244709022650067
0.24830759054777
0.255823391020432
0.259051407668324
0.254304761915955
0.264237408973724
0.268350541331166
0.331962724810905
0.342238770321813
0.348700270466511
0.347155468665377
0.359805735679007
0.353017823739105
0.342343124708152
0.339360978264584
0.317146227601324
0.283600927717673
0.309412224886013
0.313615437091077
0.267016581331336
0.305857579954193
0.293005890970081
0.295253293565008
0.273303320003933
0.266633706620816
0.315455969733955
0.339774207322
0.293454456170506
0.249797840482482
0.241325625105886
0.200048585542931
0.233247513059417
0.231266432837319
0.221907145176217
0.227038731141
0.201039574217426
0.201139233415017
0.195571656333834
0.212273331182823
0.205196807880948
0.173315771979471
0.166733384494573
0.169432918471947
0.171328286721592
0.189381993546525
0.167610466053178
0.162097647419135
0.188444796072482
0.195292298270402
0.191763638463356
0.196631969534448
0.203891445273185
0.207931239307836
0.203083719167304
0.204073466940487
0.197331892769108
0.21164738712099
0.218797364753242
0.204397452545741
0.207128632340815
0.227101390848192
0.219990889510195
0.183432366326732
0.173002042770329
0.180877894914275
0.179264567284184
0.176193594935864
0.183068116558118
0.177312095734366
0.174414597720178
0.181997680776278
0.157419072683987
0.147446278385417
0.159785804147222
0.163341908601701
0.180519737363134
0.184595851387848
0.169524018639528
0.18123445005281
0.175675711549493
0.189567531250288
0.196128652357736
0.168283144511761
0.1497142755307
0.14908620578531
0.141846995863359
0.161175585468991
0.144000509890196
0.152652183032129
0.157504348878387
0.172686864976936
0.174565978362544
0.16623899741119
0.185744634260283
0.202354545829128
0.238013204542653
0.22669139137063
0.249777766002777
0.245247540474423
0.242762903063136
0.238824442449996
0.22990902222389
0.21882697887777
0.169145256900546
0.164204504695418
0.182191806295077
0.192789962239256
0.180003454675968
0.159390742963326
0.150680007648267
0.157922670339749
0.157369093635641
0.17159619567668
0.160298567468206
0.16959169071896
0.148516855038071
0.139668465093257
0.132660434400246
0.140347579735333
0.145978912383895
0.159173821706081
0.155981445989721
0.157667940382874
0.159532545940469
0.146582157458088
0.162353079026008
0.162763968331347
0.161074213239228
0.160798397049333
0.185787737042809
0.180876650762978
0.208975437063651
0.215877020090203
0.210955383630648
0.244315556323306
0.2686057261698
0.271023495866329
0.259000842668732
0.228370649141005
0.238593108829385
0.253238403204483
0.235718065956641
0.209934507712945
0.202382343820054
0.211864999851622
0.204077582130415
0.194155818967886
0.196401974670167
0.182333441032595
0.178216895991799
0.181537203186135
0.183944167666717
0.201436369828797
0.191068132939968
0.182016904996089
0.201794563822916
0.214010045953816
0.236752727939332
0.216935476848085
0.227027115886507
0.251208581523075
0.253211669221255
0.252052324920631
0.22735609041684
0.220283642417812
0.220447723296794
0.213622988927168
0.240205447925961
0.270276384228644
0.257503953147021
0.238799708277107
0.235401646895709
0.229869394359895
0.220250264295678
0.212960795451035
0.206363649806551
0.198523005181643
0.212207797786851
0.205415991926256
0.200653210468339
0.202900973030302
0.180773034093923
0.176797080240879
0.18540893532741
0.182699942318724
0.177927782754387
0.185114000298947
0.176683130814591
0.166727329550248
0.168384064889474
0.18625308935573
0.173924285705163
0.168269639496805
0.149286044760257
0.149386234158832
0.144812152125397
0.146805983135581
0.148419481980796
0.1417398683451
0.147829797438998
0.143242234806827
0.137680522304995
0.136562554685846
0.139515096506746
0.163508678276455
0.170644122554266
0.176390895089812
0.177870995335026
0.186841374227007
0.173528952163554
0.173561670615311
0.159987168652025
0.144190188307703
0.137197049520734
0.135214802706355
0.137095552144205
0.130992957863783
0.147714736332345
0.135397027288572
0.121702953141272
0.12729685640894
0.125082884372245
0.129016991803537
0.134533055843264
0.125853183520845
0.125373692322767
0.142960985868369
0.148995777332895
0.157361051481443
0.162983926396774
0.158676477868092
0.156674712710469
0.170883904314565
0.181109305502169
0.206887339086995
0.198642339837309
0.186030548703315
0.190100098809615
0.198482528716729
0.205829704804271
0.200451314657116
0.190658562991937
0.183795917301097
0.187708160709463
0.194072683995054
0.180738863611446
0.170822485939906
0.158498546207156
0.159111609673328
0.15168417685884
0.162859372563524
0.163256214399697
0.162197020239596
0.161489268433657
0.176611731715506
0.165626715216637
0.155262568164409
0.175739824185171
0.175786107025401
0.189115301503367
0.206381454575829
0.202553782434733
0.197407209622499
0.195993476145026
0.164246920318243
0.163541648221149
0.155874418588886
0.167941621441917
0.171671365356526
0.182380757681358
0.186090755122455
0.184955861536341
0.168460855384714
0.188745351377799
0.161866381035161
0.166684971273235
0.161534492027117
0.152401625949751
0.145505850596234
0.15855106872437
0.147206062801155
0.140021365147134
0.142713267975091
0.148449248970756
0.153948004956865
0.14133964710257
0.157065998864631
0.161719314339326
0.161879592401691
0.182326125077989
0.21383612038516
0.213548723207793
0.20969369805364
0.196785357233405
0.203108559015714
0.214792424844532
0.233933899788648
0.240873073926089
0.233035696106618
0.253022868553347
0.237987994155577
0.235727527166974
0.280140079254422
0.266429226991598
0.254053642436327
0.266512508279009
0.276299367186122
0.291693562085174
0.29230794249816
0.279013123036976
0.29155720075125
0.273924764385746
0.253432366176467
0.278760661462432
0.295487694858599
0.312037482398045
0.299754077407063
0.313525620625959
0.30321823918515
0.308698212393574
0.291405738998448
0.295219087540899
0.316900100974307
0.307875618756773
0.28452554738868
0.280348096091479
0.285604507938837
0.256057040364274
0.262028154741616
0.287307794861125
0.283306819762639
0.307688197466878
0.292074217023101
0.263125214560869
0.275085684963782
0.261691271468786
0.270374886020723
0.254653331919686
0.24727338352344
0.223936209970361
0.231568744721744
0.227437077318763
0.200616405472994
0.187328758961664
0.197580985352867
0.222688240737676
0.205401086034222
0.229332004839986
0.225509711253429
0.213686843499037
0.221507600459573
0.188754384118684
0.18355635511349
0.177604492092226
0.1694616622833
0.16479948240489
0.162426710942006
0.170436548705554
0.18633281893698
0.167618586988268
0.176672566910208
0.160310194909425
0.142629765281907
0.142826552675053
0.127870222432769
0.149375147835905
0.161215451982563
0.169469667875636
0.17165615558108
0.177700056856212
0.160631717870174
0.16178336496417
0.192219848662479
0.201734124683329
0.203793020698683
0.198077223637262
0.211838839638127
0.244926937718346
0.225420998048775
0.225218686914648
0.21558232175875
0.228568298438845
0.2418291137622
0.232820032200628
0.224042179322532
0.224636929298384
0.222698360762637
0.215136864981707
0.212523337532007
0.193549613852663
0.189489111850128
0.180913643376611
0.173256868090377
0.172070614535556
0.147380279364996
0.132326331149328
0.124368404789015
0.125782936204729
0.130400754538503
0.14020580652643
0.132804561328203
0.141762065524643
0.151163960166461
0.160190372132638
0.170648135403989
0.17254258616354
0.163261606459908
0.169374886060258
0.18710141476282
0.187946040859101
0.187173847325906
0.16061805671864
0.146369989911567
0.143471200088855
0.15108972665367
0.166282699264123
0.164286395216049
0.162962705557473
0.182125296986144
0.156867246932155
0.170961008948776
0.175851344181243
0.187644088460433
0.181221969250068
0.164611320986253
0.168522877845839
0.165785631746356
0.17135786047107
0.169110612310476
0.153421789664726
0.15399973717307
0.170024276840562
0.185722321172729
0.175359420670189
0.159702017126689
0.168926719334769
0.168097243627752
0.16197586279951
0.171629093096506
0.180835567898211
0.182123734957815
0.200349261039582
0.205169654666477
0.194506343201723
0.180618344486658
0.190672973435474
0.180267412835404
0.197319201132449
0.198420357539885
0.196476666078458
0.213692075954467
0.242750994605928
0.242922599453126
0.23643102298547
0.230989833990187
0.235209170380951
0.218548086205242
0.219488735994945
0.23153746692477
0.219395505735883
0.215479315655779
0.240642921608685
0.215776246774314
0.240845191970416
0.227969955474078
0.202184756634362
0.202772485726535
0.213735866077205
0.205449081221679
0.184928537552809
0.196671256855044
0.206707357243579
0.229285590781734
0.208228115815819
0.210373211293392
0.190916657545826
0.187632030395482
0.213727046270151
0.176489130654381
0.175763458671801
0.186132018940735
0.186036362402655
0.204182464514195
0.200038366514516
0.198729047742632
0.203799487735661
0.191539913314827
0.192418333683911
0.200063368202516
0.206755937460995
0.214349470765896
0.204087897594512
0.192793832336399
0.181363599157181
0.1866623954208
0.193192008384466
0.183957808273889
0.192482690465719
0.182366922415291
0.189333383204348
0.18561772952516
0.18406494497976
0.173239473924883
0.185825487456334
0.193263062916089
0.189273847651109
0.182277497667268
0.17358997797968
0.172548593320657
0.165831574452776
0.162763442874209
0.153180369593211
0.156159856225121
0.162116281000901
0.15315706285763
0.146874140118566
0.15945433656824
0.162092618391704
0.157791794287861
0.159659785649507
0.146550505914102
0.148341074311282
0.151894133237755
0.160932405094114
0.152575386834976
0.157449822267873
0.157931436671423
0.158148903670742
0.164270203982167
0.156935958016319
0.153853693335505
0.13293318177008
0.135869461201168
0.127534404432273
0.137447614679454
0.137660760375127
0.14449227728631
0.135557826383294
0.12688240914205
0.126628097323422
0.135440944698006
0.141416464757788
0.135714489569812
0.140307160906647
0.147222069235868
0.149870049124778
0.152425596043832
0.147162590828956
0.152414896398653
0.147419800514039
0.143404767341465
0.123955699299259
0.13105303876787
0.126579109945324
0.123341182074847
0.12645797938543
0.121995476155982
0.138729262693441
0.140476179214609
0.14784549918177
0.154204720959373
0.132047047306335
0.138732655366232
0.132052454175819
0.128946393090622
0.12921884608177
0.134012194822829
0.141045992787407
0.129869134797196
0.133304451013646
0.135396931496808
0.144439208882597
0.14664938328138
0.184718848363786
0.173040857887498
0.204368922256966
0.228829458721106
0.18435644688101
0.190224085871787
0.176551363370885
0.162804267041628
0.152800032632565
0.153167724959245
0.150903062089027
0.14722407695567
0.161427139414409
0.153208521615597
0.158654768589479
0.165162096919204
0.162363057264466
0.162894285276393
0.158831994498728
0.152379473020008
0.151169095823958
0.147040924373225
0.151864564665802
0.153273299740666
0.148871926762297
0.148957415592932
0.15814206403327
0.143324620366305
0.160517950618339
0.176997931319899
0.157025723352974
0.16680531826667
0.172607409996092
0.194399552046751
0.182776863294839
0.174277590666491
0.163454903590998
0.149562437526072
0.145986617605215
0.144623638197344
0.162773497095181
0.174973803172526
0.157449077915103
0.165868456705441
0.177098196084772
0.184586356425297
0.19690022111836
0.196423564203983
0.197426729151645
0.220232884845613
0.223246324541247
0.224286086084663
0.200374003151632
0.210345318718658
0.196804797702231
0.205050510435931
0.185118028343211
0.188072393696335
0.19583877185976
0.185208676249354
0.184936463981859
0.185232695087451
0.180162796764554
0.185388872467653
0.17623806918357
0.192176696624431
0.205385486474965
0.209705863290109
0.203217221750196
0.213244595093731
0.235168776442263
0.202840709157498
0.202425724630711
0.203202747726941
0.198991287365882
0.191813430056082
0.199076677978165
0.195567295325181
0.188684350286975
0.191365612842133
0.190516704840848
0.210497934394361
0.210177873614539
0.238227014808699
0.261232555261209
0.265171205544376
0.252188487186947
0.258266328535254
0.260499071171491
0.264385017411802
0.257336722489198
0.26705567673597
0.243632019264361
0.218904748647765
0.212926987139772
0.207559822499857
0.196506287401167
0.198443152696166
0.200029635119906
0.197335699425978
0.202099450032335
0.191158125519273
0.181578398321248
0.176343874961008
0.166694545752917
0.16842756735805
0.191431173983125
0.189072812956379
0.183373691883144
0.191374658437033
0.174399281105015
0.171255914384623
0.189994424609394
0.171346901482062
0.173367357344407
0.18837619877684
0.186360058372202
0.221113966408064
0.206006026883959
0.212942589748301
0.213305476385806
0.222106985378718
0.205547639435138
0.194623992346932
0.197435030752692
0.222211055836955
0.265041348000379
0.260481578906978
0.23698326536429
0.239355098809774
0.240512848864138
0.230080991179342
0.20774358389705
0.204264970622752
0.211479591794345
0.193979479287876
0.169647720149177
0.162894509296002
0.160825475974753
0.166253453844322
0.167995324442765
0.164406454272987
0.173792414292669
0.182358368683776
0.170924531756706
0.156560984273874
0.166622553238722
0.147379069661505
0.142334332831209
0.14178237678453
0.136889400854594
0.144766164071985
0.137585553821355
0.13682806365415
0.130826301192106
0.137369820987993
0.134675767117468
0.148718539340468
0.162147737306665
0.169697907489527
0.183104716492246
0.163925867059984
0.157822501752589
0.15089208285729
0.160200072618921
0.16715848314156
0.194408749238764
0.200692829697791
0.173566644838537
0.19519839708197
0.196870798944435
0.178510852255202
0.197395862183263
0.189662820072426
0.192489558344803
0.198748395574646
0.199907105198836
0.203069973753238
0.200425360143178
0.20742514979662
0.212544207398474
0.209640379703968
0.202169360877624
0.174539124689565
0.177108456298975
0.187642886770003
0.186648334550538
0.191098975029932
0.183103266276514
0.209999143163301
0.199158051142633
0.211568689041255
0.206431138388331
0.215975062554364
0.19658817824575
0.178571574903982
0.162555386682753
0.153773115447511
0.165491355265458
0.16952155747593
0.171432952182189
0.159901970983811
0.172785145435846
0.162213689866725
0.158864664038878
0.153885720214779
0.158021496172648
0.153805352858432
0.144045490511288
0.139509305649214
0.140562254819757
0.14125740964442
0.131756799513547
0.146842336370722
0.160246271540746
0.145557958234814
0.177044642878208
0.159891792219728
0.174688280115124
0.169421291306819
0.158545172420629
0.155293218105869
0.174426206944839
0.176512741893951
0.175238836092304
0.171746375154423
0.16908978905861
0.159317260000246
0.147948681463988
0.150044310952311
0.146936392735893
0.160120786747257
0.165781376363277
0.166880207088826
0.15198067524656
0.156758673595553
0.139642778306134
0.144180484889692
0.154133486607374
0.141830473594786
0.14565600706455
0.144716789247216
0.143575462268657
0.130313141146179
0.138836261404004
0.148437266730607
0.143944181206338
0.152406918448826
0.150880792498915
0.160083584729256
0.176970444491198
0.17794463768556
0.184690373410099
0.191929530530026
0.193547956991236
0.212139267005832
0.192147220398071
0.195503178928276
0.199997037098821
0.184434025864058
0.183204246701259
0.197510685003078
0.190087394706915
0.180219753519287
0.193694708005878
0.181710452996491
0.187683912142962
0.184669660988447
0.183237375248454
0.206269280744182
0.185418886335404
0.182963159324813
0.168373066454908
0.171961284593112
0.177841659412992
0.180761263118179
0.160986456626924
0.165901383470675
0.160725623967414
0.169871158826984
0.176482553166493
0.219899935945629
0.218323373223186
0.198785035371317
0.174436592730596
0.171617641247491
0.179202571049167
0.181932681665387
0.196805536980558
0.195701384527942
0.207610590758342
0.187843790375157
0.188753032011818
0.206301465377568
0.200163384433269
0.178637200386545
0.170984205383801
0.169348982119459
0.162067422964723
0.171300046160925
0.175238982570269
0.188769855745026
0.203280066116319
0.185522124235268
0.185849587767067
0.191559538971604
0.20844330959768
0.217630901789616
0.220878991515814
0.219102115632981
0.228533737688317
0.230777187294436
0.227540809819946
0.22097967328125
0.195204773886469
0.198915922297586
0.211401254035205
0.206019517492587
0.191902757611074
0.184038662465119
0.198059333077853
0.205174452237824
0.188851814628311
0.188934396732701
0.184249772229949
0.192757180042192
0.183737615194895
0.192050170003057
0.179615044611259
0.160251191578473
0.167275303849862
0.167992107838789
0.182712316420533
0.16846752042054
0.166243507294472
0.161300687312753
0.188152389825595
0.167711206929825
0.18423999700724
0.202091254977926
0.207017866512333
0.18811325702193
0.191912276989362
0.185130424250173
0.214878786572364
0.209176928125903
0.193774879189804
0.166544037726884
0.161015038978971
0.146975245303612
0.139524381631359
0.142291235371874
0.143945103705705
0.167818363400886
0.181917328610678
0.170575536254191
0.148430544192947
0.147377801237181
0.146859132281823
0.146132236463257
0.148990716741335
0.142780503266644
0.146907336465987
0.158289683196864
0.154775145071191
0.15818370737451
0.165043546308939
0.167695983174685
0.173180067884452
0.161215004672055
0.18475116791013
0.174940101837429
0.161061967115037
0.153527376058837
0.175352859055479
0.17848344528011
0.188098866737223
0.183980736041776
0.171624162610304
0.191374948780478
0.187392970084651
0.184417363020676
0.173486976005716
0.171066908727599
0.176363338294733
0.168318669756948
0.164897972152456
0.17536422951061
0.184415705633757
0.187671371587318
0.179971577656098
0.18409325403139
0.172220017808756
0.163598001865281
0.152896647966149
0.145527696094006
0.149637459671966
0.15039315058539
0.160902582393754
0.153749022728375
0.156586750030343
0.172431966076129
0.181529670912131
0.187100899253898
0.184878355826952
0.180522247522
0.167492417077506
0.158245756438315
0.157075719914511
0.16685911597654
0.147526928275107
0.147490569992161
0.142474971249679
0.145056614715223
0.173556412156635
0.182025745220468
0.183364291469849
0.191977406747318
0.178174053487591
0.192073940791465
0.185152217490423
0.167533114303486
0.179976831291817
0.183212145373979
0.163654114145225
0.171571092921551
0.156944672584438
0.156852902987277
0.159878303630724
0.145372357527485
0.142692414130438
0.154526955955233
0.160065379462069
0.150681918330922
0.150079485737735
0.151138834740449
0.161992448643636
0.166250342350649
0.175784821493309
0.181154877155712
0.16216606381934
0.165997523318149
0.164126554207127
0.17645044099213
0.189381270636479
0.197735201974621
0.204438567238994
0.202563239327887
0.174699079828381
0.168031656427012
0.162191985014347
0.173567821137372
0.188186758839886
0.177315120967419
0.1790586613693
0.179208880323367
0.17115577480802
0.179144190566214
0.19434056671621
0.174176004304023
0.188696356677152
0.191296780605712
0.177380682842704
0.185415118656433
0.213832536535065
0.229734367076013
0.230249240338839
0.208451390161786
0.188137922923682
0.159958103019835
0.148562386404497
0.151902835069171
0.156139089131622
0.158834175734207
0.167241333305745
0.169288428380207
0.185496310434787
0.181899285469997
0.164332311709645
0.16692536838969
0.171237886108625
0.195576788253257
0.186982450447428
0.205743058349874
0.189255968669049
0.206784943257198
0.196173082314385
0.183497704437453
0.191315000530786
0.176982665714002
0.165929516477985
0.181582207406701
0.175557718428065
0.184299323761261
0.18711968545808
0.187508652340675
0.189010728105063
0.175611518775156
0.206744030779033
0.200438688764214
0.187859591655061
0.201684297167186
0.180285367552085
0.174302967966239
0.166956296418295
0.174058631839417
0.169877383237241
0.17895780446241
0.183144688328155
0.195680945919084
0.188649252156531
0.196740313215255
0.201545359491758
0.205244299291655
0.213979324036974
0.215688456075205
0.231824400669416
0.240829571974824
0.243089005152687
0.261278828958575
0.281664243916869
0.278772146397741
0.241900465768229
0.245836549117588
0.234321344612664
0.20452205174709
0.204937342864379
0.237377884133484
0.240293991401617
0.239574803596356
0.217796325045315
0.233669918100461
0.207739589447897
0.211901577098859
0.216647802845092
0.228871316028811
0.22377360955359
0.21535846236592
0.241462358254245
0.226463221993148
0.22223261992817
0.19683196167384
0.189922704167116
0.183804218756081
0.185802586134485
0.199959017605037
0.222029416281157
0.215652179621688
0.204098104027907
0.180119476614815
0.159524166811717
0.14519237059385
0.178857997816548
0.190990428564578
0.196232404762508
0.183605913744537
0.185565159425251
0.197914512454628
0.204414062217172
0.21053172891791
0.182397528549668
0.185305121701579
0.181937969744041
0.161671335327996
0.170762798990084
0.170358949654964
0.170564136261129
0.162151762267472
0.165849454146381
0.145937247740953
0.137295308395881
0.14928809893583
0.15593558340517
0.154419953062536
0.163298924971367
0.167836629341573
0.168458397815062
0.166334663060824
0.175356085752626
0.169810723673746
0.190907252550132
0.176181923335955
0.164649121072685
0.184747797765188
0.179391610400372
0.179011852289643
0.180872590456814
0.165362569880496
0.171552332924
0.174973143059566
0.168649424544697
0.173641876953411
0.167501682254379
0.187422958817922
0.183903617844825
0.223454404249426
0.233081062241127
0.216679784899318
0.200040927588031
0.174050471470733
0.163906711583344
0.162378110977249
0.144044642713017
0.136774922279219
0.144151646702613
0.142102457243099
0.143128853590955
0.15139113141996
0.152268287074033
0.159797490141687
0.171764761200377
0.179862252190213
0.177417788672511
0.192841473397354
0.202283036887295
0.213867844286466
0.194335284180968
0.190987610271027
0.209230793386756
0.212115861137436
0.212315503803349
0.218567892543556
0.211419739199924
0.206034657080756
0.212715958255238
0.201432260583896
0.17103315437223
0.179025911919552
0.177462478737883
0.181770536707323
0.193752882290223
0.197921461423906
0.182130197783744
0.186207413425559
0.184945851181486
0.199844986721135
0.185811305376456
0.17677746349713
0.173637240102592
0.174915117174539
0.1965711024788
0.195750154846098
0.176226886088847
0.167332877862082
0.188444823602634
0.183262470292847
0.165265981048325
0.185732901185229
0.164323411921884
0.172552074816077
0.148330249461021
0.143841038377333
0.151063180460695
0.146572470692661
0.136741197612816
0.156966051854443
0.148216882549651
0.151176079903786
0.155500608837416
0.161109857209676
0.171698180110165
0.170436385038071
0.163157691333565
0.173233314166368
0.168458883664358
0.177261511838065
0.175723878306155
0.167947717246394
0.154002786538161
0.151603708538866
0.143379092518406
0.157874740749414
0.140759020230165
0.147199504760999
0.15832655869184
0.160079440919346
0.156276835027937
0.159381822167368
0.159009807072276
0.155190542510268
0.145824020374821
0.157681910031914
0.170178452023869
0.176325629470671
0.164765069174775
0.177661866983459
0.175875599617365
0.17361270283026
0.170149530503048
0.177701132782762
0.166794099426372
0.17147986854266
0.171192132190437
0.169026644096239
0.155615723736607
0.152718824727176
0.153713835457514
0.148679350840929
0.1458026642908
0.133954769085939
0.142080234927688
0.134702757042778
0.158544033526354
0.176266697149918
0.188646217248763
0.193072376984383
0.176443206722816
0.185766580625985
0.183223059165795
0.19022508463166
0.176217237195169
0.177013065599339
0.154306248346683
0.160078026463726
0.17979260799599
0.170474163962407
0.165546101894118
0.163941430929089
0.16185203884595
0.149298584012376
0.161765309268734
0.153557519596611
0.156973728004113
0.170318419585837
0.164109692711708
0.159908659341037
0.150183774909971
0.143548272743005
0.142974318749967
0.154104988852002
0.159068342552696
0.162101795234811
0.158676616515952
0.149993752043812
0.169527000811329
0.184550634039865
0.176363273333061
0.188996488810422
0.215095112006726
0.194905934368217
0.216132031670625
0.226378343193334
0.214541495207639
0.207747946467026
0.187969585958678
0.194248456383186
0.193019001105399
0.214107994774273
0.202908814626224
0.186765166989482
0.192450799014877
0.17964589148506
0.184416971652163
0.203571716804299
0.198698177825933
0.192120849502733
0.200790861759653
0.181354916810452
0.183876235398725
0.166438567650768
0.153232051822293
0.144432530836838
0.136833232404382
0.149888980920616
0.161717671328282
0.136724412428939
0.140809341289768
0.135709642120065
0.150237247528193
0.14999698237795
0.152111539713045
0.167145554710244
0.164860600234096
0.155577066373889
0.144089941914113
0.1300979846432
0.131077871432728
0.136298654149857
0.139068985073365
0.136477256669693
0.134352866124375
0.1396809577488
0.143323520060178
0.14147135352512
0.145324020076126
0.137014540765972
0.122800193395834
0.11790473101838
0.1072963410616
0.113663954774665
0.12815620742652
0.123156371782818
0.131761493386417
0.14922113980281
0.149515398986337
0.145168677230925
0.128792097387129
0.127101515756491
0.129475159733451
0.139706523111913
0.154356787122849
0.144704609231597
0.165955948553084
0.170943277786037
0.174922137533728
0.177398470051065
0.168794401322967
0.18859667010645
0.182202110053479
0.177010603163455
0.169166142311311
0.167079574704125
0.155535895668299
0.182846571585263
0.180124853962068
0.172081377497727
0.171319285507539
0.176399390480693
0.170015834168223
0.167607259491952
0.169451041590693
0.164657299227888
0.154954172372156
0.150080692634244
0.153249051133714
0.157635025546802
0.148460893278383
0.138850780340483
0.13961051257709
0.131222027131586
0.139939141083707
0.136699967969591
0.165767227789088
0.170651603329941
0.182950188283594
0.171118387206602
0.164728798912856
0.161971154945422
0.16419935146953
0.146431233599523
0.151478605796313
0.156845438353826
0.167828158303553
0.170638305342373
0.174959235975954
0.187099436407676
0.163063636068703
0.153484963172606
0.150192066750431
0.156357633795209
0.14197908320863
0.131616581242732
0.144585767262975
0.162949753803788
0.171828193338941
0.182975055167338
0.170167127280554
0.162914857968169
0.15465896772601
0.161150533500917
0.161566605885902
0.169157811481154
0.143882767609834
0.134867273446087
0.144012855344886
0.15580487377254
0.162958508643256
0.157559845977212
0.159250977380125
0.16509391911408
0.170350189786414
0.174876598558988
0.165861313386853
0.169362517904086
0.185683572955494
0.183386161645715
0.179595455685708
0.169939567277367
0.150281731211865
0.172435664280867
0.171215400280566
0.145174956669149
0.165405761140891
0.166388969998249
0.162315873798052
0.160599046139663
0.167804563618754
0.172570841106804
0.17729055564599
0.186501894454759
0.166903242139545
0.159009526510138
0.161570215063369
0.158839865439756
0.153917286490261
0.156925979787008
0.165675016413004
0.147472228737071
0.144308673825686
0.160142664179902
0.158320236814601
0.155534062214423
0.163087396819029
0.155863091456354
0.158151026568418
0.169263577933682
0.190419125865406
0.197282896730091
0.178751389272785
0.158398419072299
0.151025746487673
0.15788046642859
0.156348573955526
0.159726299828335
0.1617589295823
0.165971736915794
0.17502501047319
0.156065661745269
0.157521556315244
0.152380872361552
0.177599655102784
0.157868328058728
0.162998183186028
0.141837375154238
0.14820892168691
0.165285952779094
0.176968138168938
0.180647146589541
0.190427244697383
0.184258851184056
0.18405195561922
0.179190932394664
0.174037521580987
0.155277330844185
0.187440552323288
0.184225881933547
0.170134378490202
0.173941396585351
0.163376529388478
0.153455747779728
0.160170134686287
0.163890217398418
0.165214025506468
0.173294079659707
0.160686168498201
0.15681624530048
0.159673806177661
0.158639712997908
0.173611041728851
0.181203389673476
0.187081810395063
0.187992874315764
0.187023446573187
0.195159863074162
0.18234649911849
0.20263793926975
0.215212346578074
0.21115968607981
0.210385438616358
0.23681396069344
0.240395261259178
0.255345034052502
0.227594850889677
0.231648421116823
0.213556224213282
0.198787612246965
0.188739385266477
0.199213770647529
0.211407959855307
0.220566604818208
0.217200962125961
0.219803387100749
0.232410543812411
0.228136620997613
0.231726127676734
0.198818698610282
0.184669070560323
0.184716750964815
0.190839627686664
0.200818574732889
0.196460625204711
0.207717340924646
0.203693079314853
0.217604085915925
0.24593113564966
0.296383123650151
0.293333244543101
0.298990035091329
0.290949718411327
0.282265187438258
0.265868136010615
0.308041301193975
0.269806889898561
0.261967686054895
0.249856099675582
0.243018328825707
0.257222506720845
0.255723187548103
0.267181195858984
0.278124701111708
0.254956949710134
0.26667139997768
0.286691137008212
0.263349946489888
0.272879856410063
0.287200301960482
0.269847069089918
0.295245154568616
0.300153283830328
0.280833203127203
0.228252904625399
0.241950024630824
0.223914834759538
0.220826500655014
0.215135731624749
0.215491775514605
0.223348198822521
0.222339664269274
0.243498792462953
0.248068996012721
0.252989466055645
0.241249377381689
0.26504777450172
0.232992636961754
0.24242564183217
0.273330521455074
0.267412627281095
0.303474783928005
0.313230067942197
0.32041041164963
0.335350459810894
0.322276242512983
0.304005849956178
0.296335006362791
0.303178722906569
0.308045703211861
0.287851442081085
0.268478569327013
0.266251785434821
0.246191143756775
0.205106549831275
0.207140045223306
0.172281824030041
0.185709613656928
0.183067267390332
0.165153691081383
0.182979589347011
0.200148763512793
0.179563415693321
0.165516374900602
0.169458989869125
0.163298568071125
0.161126962416548
0.153782119158972
0.160422302730995
0.170429155054795
0.185947059507145
0.199830233705769
0.193864547794398
0.174906857504205
0.176630436330632
0.186195809600471
0.185954354965924
0.198091735685155
0.195325157239371
0.193681216592474
0.19904441690955
0.211756005809227
0.206002030997904
0.208264634820355
0.217257092715738
0.207049449429407
0.181146738158928
0.173357993368375
0.196080080641443
0.195006693954551
0.185156056589094
0.19618917412256
0.185898907606373
0.190686309987808
0.182228567162145
0.196223900407179
0.216381490531912
0.212088117386842
0.202810387539609
0.190427485053717
0.183223271254821
0.184371373949097
0.185888312273421
0.177426094492368
0.172889307945666
0.170647635811763
0.169505445345005
0.194902076127744
0.175529392252694
0.183668628706386
0.163074788786141
0.168807234990557
0.169609314835692
0.181560118059183
0.19994281003557
0.186440352727378
0.187546105126005
0.180587611775277
0.193996915716431
0.198931551100131
0.211115721881782
0.185531109930807
0.20626501403258
0.216885090762222
0.226034887749273
0.214437027331655
0.22298272540802
0.22668496063545
0.191302899524079
0.170806261595863
0.152644388731793
0.161317861175498
0.165374911169108
0.163294538072264
0.1710236873582
0.168728639288945
0.179186309030487
0.17673104307175
0.163642064557065
0.151775560091555
0.156722231796846
0.17656496317485
0.161171242467057
0.162073063951816
0.170701264141683
0.188068667888119
0.190490369597504
0.213269026662108
0.205313330407296
0.218093931523948
0.225682729640034
0.228739968831786
0.22057710585194
0.217050259081269
0.232109813737287
0.223953873786266
0.226803640875444
0.204382261257783
0.208961578991455
0.210547447337175
0.231301572420418
0.264146527733308
0.259529750268197
0.251248515144996
0.247568821977291
0.248675933661107
0.220781973424606
0.194503597286314
0.219708397267129
0.19226515508735
0.178801540068525
0.195106221429187
0.207141890382185
0.216430996943621
0.219375853439468
0.250988302573018
0.245511850289757
0.237239672571361
0.220872518530617
0.200918139846288
0.213376373701451
0.227055701786391
0.217870873911581
0.201985019982891
0.198823625928738
0.197311943275337
0.201931888582055
0.199629388404763
0.213111997123272
0.185370674325199
0.176774031827086
0.169979053722936
0.171598597220398
0.16684435879417
0.151819645513166
0.17600278479308
0.173009219091706
0.175714048209333
0.185494253475537
0.184512707627524
0.174284775448253
0.168828592401282
0.174363888528332
0.174086708307137
0.168482081365833
0.172839701666825
0.182633743179501
0.16941660397115
0.158469852156645
0.151507980414448
0.155656216389761
0.155386914718507
0.137963929782442
0.131325226238866
0.133592334942279
0.151399128452372
0.14214133842314
0.14431820921124
0.149997192285466
0.15533491698001
0.146489951667808
0.161380301781086
0.157597447731784
0.161198128953446
0.149911964888633
0.147273694865936
0.143083344723506
0.14092751129818
0.150759117694912
0.161385326049437
0.176205252780262
0.169175454192016
0.17606038135496
0.180039064125258
0.193579754648614
0.172451194489161
0.200631260894174
0.214615306350054
0.21939983663126
0.21831612002552
0.230723120232319
0.244799526604786
0.236269464848507
0.239281224444094
0.239604082813896
0.265848524742887
0.319616449699983
0.311337411243196
0.300620015545835
0.282736250702479
0.282990220828968
0.272545382305624
0.282400430822505
0.287733408026039
0.256562311432713
0.216564068323358
0.215516885133242
0.208231577150844
0.220963647456711
0.217756635142398
0.206699951633811
0.200556135971122
0.197037344673619
0.191250794765222
0.186924848331409
0.191221308624114
0.189651666193708
0.197582706978953
0.201469756363297
0.229327121504518
0.213783184433705
0.227380471734453
0.206172576187512
0.212334315517226
0.224774381189128
0.266622687903596
0.246617714485832
0.228804576429085
0.231216619776099
0.241580828597568
0.237917654018801
0.208125748277833
0.200964155597078
0.19936856650664
0.175166666873574
0.185877012334423
0.184823778053862
0.203059072851872
0.205377527339682
0.199891193376835
0.200364159153536
0.205574206392839
0.203641755673365
0.204165909120202
0.214617258121302
0.217667991773483
0.19109243453683
0.169132416376542
0.182153208276304
0.188214667560352
0.184534160580046
0.201439790574591
0.213386660353825
0.227580037151491
0.231675294133488
0.202095549147195
0.187660501230893
0.190513104259746
0.194204767319901
0.23072579538249
0.242806017302856
0.217918908541231
0.224968367373175
0.211737825607376
0.220668666885182
0.231279279134117
0.208111220985922
0.202719702773038
0.185324419682088
0.176250002117064
0.172689771493935
0.191890470914118
0.179671828342591
0.180075360509696
0.189908764119902
0.181980818803665
0.166485134945587
0.163793661327209
0.146867269962253
0.146084380283238
0.136951405142124
0.132617603230443
0.140274965824574
0.156382263700603
0.16027201312971
0.157920207773244
0.147798844336526
0.16847171303192
0.165578760398656
0.165517224862074
0.152829969633361
0.154255678854471
0.151467365778132
0.150214426314158
0.141879536061481
0.131588100770367
0.139374216404879
0.145808048303504
0.139173708264787
0.158519529030004
0.171468780798001
0.1697043409064
0.173609615057396
0.157055214591909
0.178802901090155
0.192581009388928
0.175400682838556
0.152276118239777
0.149635255724012
0.131262427255305
0.132373463719014
0.138803001242962
0.149828125254844
0.151331582427897
0.16542389739286
0.185507087858036
0.188125373767505
0.168880104206436
0.170039011225811
0.167267778371323
0.166824944745596
0.1574210738253
0.154723843612088
0.15931527511433
0.160822030170201
0.175877364330144
0.16792375675768
0.15119288635002
0.137749255551002
0.132537271458061
0.137333580106391
0.154381051685021
0.145094483005216
0.137822944049019
0.126990171873983
0.13606163871252
0.123958731334494
0.144070411778057
0.14224947559567
0.151729544285574
0.145247599995169
0.147025499838604
0.131142844791471
0.145416488860098
0.141904173367381
0.137582889392067
0.153248910500235
0.171220359563166
0.182894875642228
0.171011532133018
0.187477619771804
0.186208194752151
0.181636155463363
0.18892133695039
0.190654860988256
0.18739907821221
0.180394766850788
0.181892302370801
0.167670015920918
0.164444270434024
0.146369612435065
0.151662893909797
0.163634739500263
0.161009423159904
0.154298707847622
0.167682172331736
0.174725809129266
0.17735293975931
0.1748395554124
0.164975078920522
0.155373517151208
0.157020524100488
0.1720374454685
0.180661449174332
0.180270643791017
0.172814757695123
0.153827792104047
0.166280871617592
0.173385725611025
0.179160167573396
0.168896409888392
0.157532053525188
0.150955314975442
0.177096021263415
0.185997898281531
0.189444649864987
0.186029936125005
0.171447009060602
0.185244615837926
0.174747984574541
0.16698299874851
0.182015395685393
0.182570949253097
0.179096319371751
0.151189652908751
0.139462578315353
0.138278209280001
0.124224381984272
0.135719749798709
0.132329415481286
0.1437303415824
0.162959688344846
0.171282861248609
0.156450614055621
0.168998024351648
0.186581927074358
0.190269358117173
0.185379880876339
0.173110694154684
0.164063935700511
0.168708367577284
0.176831409990997
0.180822495381731
0.174239803354553
0.190793907218386
0.196057380201213
0.187526843997009
0.193623251697585
0.189609011359069
0.184294143102688
0.179652978163922
0.169907798054895
0.161537023664337
0.161478759553488
0.160794253640498
0.171016759251312
0.159197404636831
0.150028326697764
0.157130678766473
0.149089050228869
0.153871070932996
0.162523912897896
0.175763772345433
0.199407321234366
0.204016738267901
0.20506427994977
0.192083690879991
0.194043589376845
0.196996568936687
0.188474948155259
0.199099717113336
0.203902289146871
0.227044823478076
0.222100007605113
0.212458352479477
0.218544048100659
0.23905597506237
0.25346101130246
0.241789039586005
0.235517186318992
0.215744433387752
0.202388094867871
0.196826104173
0.176714944292409
0.164837596822161
0.174017291420514
0.178021712768849
0.175390686288147
0.173217797586942
0.157168871299773
0.169809301779309
0.169645821335589
0.161153298585877
0.143257891193977
0.144825353731424
0.150317203992662
0.175090229527163
0.168921519164145
0.172448937065719
0.17885527578162
0.195938854417116
0.203569199140376
0.211653123208709
0.223202658916558
0.23979013615797
0.239068148494861
0.236417025220994
0.234427806121544
0.243933654228099
0.24878945310028
0.246416408573275
0.284474008928933
0.282913360964653
0.280749309238017
0.296183338554143
0.320137327384595
0.313975871274422
0.309238121899609
0.321373739865037
0.329802669469828
0.337967584728836
0.320954883257538
0.312642207305832
0.273516798890429
0.285944990549826
0.27886092198766
0.255012251229981
0.264779808458382
0.26311901163315
0.239236904989362
0.231963930862721
0.221261346040061
0.176910976416071
0.192847143210257
0.200367740911602
0.200354532662726
0.209503293352645
0.196677340707819
0.205782411668963
0.200233287463291
0.212901266860559
0.216243532700622
0.213358863125974
0.225227485669017
0.221281504727354
0.231435023604593
0.212136315822318
0.203911932859305
0.194118845489439
0.203190467886333
0.214162576083435
0.228861304423958
0.227990492442165
0.220969865012436
0.208455007829226
0.224758861762285
0.218931657034553
0.186138111085386
0.182861363296343
0.190715908655085
0.185578904717354
0.164015754007089
0.17160114975493
0.169556812827907
0.17065230693847
0.169360303062323
0.165260630703903
0.168637834824554
0.156183333840202
0.153033631785921
0.165929506251598
0.17832046011193
0.175685548937078
0.179008799046286
0.172382282010519
0.176984991331594
0.171733433338489
0.181439981693084
0.174609097725688
0.158312865061782
0.171495986872025
0.182312964573397
0.170188688976186
0.172776093772432
0.191690828340551
0.180763664718313
0.186442652541568
0.18440082533126
0.177432227601117
0.178567425907787
0.163687082398801
0.161875110579983
0.1675825023682
0.153628243114114
0.150602398743365
0.175954465077937
0.187427544301065
0.196120202878144
0.209523750925571
0.214494347164325
0.196607919738501
0.220901474124212
0.216857807983774
0.221314867592687
0.239316978262255
0.237265282776761
0.226721701293371
0.218383219373094
0.220965851670777
0.228768511384115
0.225294455738092
0.2374362989887
0.215074977485641
0.233553059293549
0.213749827363581
0.222934147180092
0.219728332410513
0.210185774565665
0.209554676424748
0.215629205473525
0.199378970720162
0.189472113663671
0.171917391768539
0.158119127798021
0.161235305062201
0.159631661987971
0.161810146514409
0.187565714232491
0.17437105989324
0.19177766717717
0.195309131655235
0.188153989083843
0.189598141209674
0.188406394566943
0.184998891228418
0.19446664969415
0.175050982913621
0.203659284384945
0.2012451729531
0.173187705354011
0.167071759778067
0.173485926126883
0.174498228047627
0.177164217691262
0.189646372877772
0.181204256512453
0.196437944930102
0.188207161222699
0.205495518831732
0.222385973680489
0.221759208816536
0.214574689189655
0.231227560274153
0.243977975150235
0.238427958818218
0.248221171701439
0.25727630329571
0.280736895638417
0.277195376306566
0.275344071712209
0.250190570124935
0.259504172535758
0.246633098810064
0.229794982577975
0.210687424693778
0.218449963182114
0.212226659721718
0.23352309083379
0.209012723892045
0.22704089181275
0.22510629545458
0.238001786543306
0.205065577995932
0.194568854401263
0.184206465075836
0.158176055177412
0.151081596233355
0.160018006004921
0.166475158149435
0.171520253842953
0.185494593437864
0.188246837159006
0.175401945376679
0.185463644655585
0.194713263241255
0.198953459613786
0.219536874067014
0.223438518578315
0.215610440678193
0.207416672828099
0.211630348046174
0.220405228616981
0.213762559608496
0.221747458614293
0.24724760307526
0.237329370360847
0.22362163579642
0.24250515839833
0.219554672061162
0.226740574048073
0.226085777154315
0.228943171096049
0.196481704002484
0.190794993518445
0.197867306912686
0.205053417585132
0.219667855958972
0.198383191795053
0.178139204280045
0.192922549232279
0.194008031179914
0.205030957018228
0.22424611931413
0.241117706688345
0.256103132818185
0.280255974067788
0.296834055023306
0.278730104136583
0.288590889572
0.310948930929134
0.292276919358461
0.267153353969986
0.246838417912375
0.241975808161173
0.248354295421851
0.262096528543617
0.254746039984941
0.281133365916975
0.281868404272459
0.258637080172314
0.25083981000607
0.241362739204945
0.284156158600185
0.291567037802626
0.295960267398002
0.255261502485842
0.286459781623805
0.246552316711249
0.253703989820218
0.253072758119909
0.264238949258803
0.256452661416772
0.261422057748132
0.260026248049234
0.256341201113402
0.246218539558926
0.254008026406405
0.22005428879074
0.238850035908023
0.244169038294202
0.226841484631386
0.212764353251107
0.205715413688737
0.198756788979006
0.191142525669522
0.20778813908768
0.193408681081317
0.209239661429556
0.229241872942711
0.227467071294536
0.233142337436251
0.23545293748957
0.235381756707638
0.214437379473154
0.193571217686928
0.209883177852268
0.203999875951849
0.217075852534592
0.199052104018917
0.188261743776188
0.165788309062136
0.167525525344641
0.165046909201127
0.183312004955519
0.162230857673258
0.164994874632315
0.162359635616455
0.183814207228098
0.1829127914002
0.162207280471885
0.158156571927492
0.17154590299442
0.199498531007853
0.203844610949737
0.197546271188008
0.21852942142826
0.199529826498802
0.198121631604578
0.189616047775107
0.186490219161637
0.173264324047064
0.170699469534769
0.172077678083791
0.185346959901096
0.185008223655847
0.176290053032767
0.176574527269981
0.164710697852928
0.166645325352598
0.159200879963774
0.157786276481267
0.156628886338163
0.144473704205782
0.14305896939466
0.156066420310343
0.170502999022324
0.175298311383968
0.162968703920535
0.197258255928889
0.174190445470607
0.175242452272782
0.18822151626476
0.201865366653004
0.220615825694823
0.193552269876238
0.195240941577443
0.181819771308408
0.181156913858776
0.167787227224171
0.158567828044014
0.166790875243523
0.174029515506977
0.172959547675336
0.167440290066053
0.179502612375324
0.174879812767704
0.16877453808952
0.157444875866022
0.169366322767175
0.155152619934248
0.148217489430739
0.155801691262746
0.163301807144006
0.17211066013056
0.180971366086085
0.186121462780041
0.198141795803695
0.208613426569128
0.214498546089224
0.228669142665886
0.246260842092964
0.231776881748279
0.214796484220681
0.199572792869126
0.210394601606383
0.208970660525517
0.184910710346171
0.170770849573439
0.191232685423863
0.188191223621119
0.198378742807365
0.22553142274801
0.226900399383118
0.215908494881577
0.228633134844128
0.207341570152754
0.210443852862029
0.217396292461924
0.206458937146527
0.212960282169926
0.217626421814226
0.190244628000176
0.15331090176633
0.15577190342962
0.177764649238336
0.192191275181452
0.202035740485448
0.218588396962999
0.219089881479855
0.238505952168925
0.242113160155625
0.228319792360549
0.223717452051321
0.216431830936824
0.216483420140066
0.204205699585835
0.201048859197644
0.209598985000982
0.180450066630797
0.177659879710407
0.188857530679479
0.198235708758723
0.182160367044092
0.172920385291217
0.189169405498107
0.196263917447893
0.2158511651202
0.203574043604028
0.217791499376788
0.205646918069982
0.200878450702918
0.176436171564013
0.167228352306956
0.160170391393443
0.170051119196403
0.168536242350437
0.172425793004091
0.174577330904251
0.161234852399044
0.148615298781002
0.157180767792873
0.171927214164198
0.175592218915321
0.175882066289732
0.179330318519306
0.178693237238081
0.165999770948999
0.161264057487253
0.159018268437224
0.165716494769153
0.174518517141146
0.180410500334434
0.179875248191404
0.181501237215149
0.178466579218703
0.153334055569635
0.163312177749522
0.172719511927684
0.149155074393335
0.156563505538016
0.175658009519347
0.19822238280402
0.22930582917462
0.250563921154603
0.228394659603956
0.232760962093272
0.227069626034512
0.248257928373359
0.253471341486838
0.256218120670675
0.235608927002998
0.219706196715837
0.204450822168974
0.189684175382062
0.205451045746035
0.20552008907061
0.207970815829517
0.187363111337186
0.180377644769719
0.212147288058146
0.204676747845205
0.212263977950672
0.226333462431848
0.217824161813481
0.20276739527585
0.200259313396116
0.197679657508445
0.1936279256163
0.191161854365953
0.185649933077771
0.195974128347231
0.212329502595505
0.214278071160205
0.213909009149733
0.215703657995619
0.228574096887982
0.229229622021752
0.255191031139264
0.261159802170845
0.27279388361324
0.263234264029816
0.268835000157974
0.260045347948073
0.240336986895448
0.260943058531985
0.241900935186847
0.238822219627801
0.227016041230766
0.231617920807084
0.219678212878061
0.234835763350044
0.22189568515686
0.218095962011831
0.22273585939349
0.255942813754383
0.274514865775861
0.305096974651677
0.2665231882301
0.261735305246855
0.253768808526933
0.239639624647076
0.223546346949893
0.220764768230883
0.22679901625966
0.256661437338172
0.254994029515108
0.315129740327805
0.279387359638867
0.295077236878938
0.312754946790372
0.318793077065456
0.294794459316263
0.309631908182869
0.295857692854304
0.310201862020952
0.280022984959474
0.282838562225372
0.262257499342734
0.299371551312775
0.288677067816591
0.239575046213564
0.235378836856795
0.233583356242848
0.25292602304769
0.245790022460877
0.230495644436314
0.222030697025003
0.21588051907937
0.213671022560787
0.21229498939891
0.20611279606788
0.197083093476408
0.198196236170595
0.181563592480133
0.201211114476095
0.210441145096639
0.185310970451455
0.19857624004284
0.201710423132046
0.202418100742483
0.20140562414461
0.205539510603755
0.184356545660499
0.191014997749564
0.201999603237652
0.233693692482479
0.239082792971447
0.247353339573998
0.23692919804202
0.270569924118151
0.291553344161392
0.262533758590241
0.264670904208157
0.234558662982259
0.245675522059741
0.255014897038089
0.253864880774121
0.236233700103799
0.219444448894727
0.238091179071658
0.259012814955478
0.22668022272944
0.227861635202602
0.209932055140597
0.215463892329053
0.243806785600971
0.242391488030016
0.254577171957039
0.291784944537596
0.273131292957054
0.257643810827778
0.279600660438943
0.266930789150158
0.26520006699217
0.265572624367501
0.253592450298979
0.250033917300662
0.234215815928874
0.225793620850854
0.177690042655868
0.161505778801678
0.149470536130455
0.149244662570313
0.140984320179592
0.135133886523207
0.133909547482449
0.138597879500469
0.128170092489088
0.138968991854541
0.142264200566479
0.123704398093316
0.123858003501328
0.14885797990886
0.15112699150207
0.156594574113663
0.149237447451031
0.161675031611711
0.175767140446107
0.166996085348196
0.17295200087204
0.166796656704098
0.170066953475707
0.163605419717188
0.160691593524736
0.179297751763393
0.202444612636375
0.204272336175045
0.21120860988795
0.1988715886321
0.198028196645953
0.200571523631902
0.18979137908711
0.176962767836308
0.169493499989521
0.153090432986672
0.138129434786361
0.150726207326676
0.137250591986983
0.147617548335215
0.13909941893492
0.151728110068103
0.151345915661086
0.190178159683291
0.210983587484881
0.198272062091931
0.188067762748758
0.18543056220726
0.186370123623294
0.192256017755507
0.215618008986143
0.188736643873416
0.189138718317867
0.186070908114382
0.187779164795765
0.204553268762225
0.211338544167494
0.185689159029099
0.203064545015907
0.188968132748599
0.1982220316312
0.17567595083847
0.172804383433195
0.186269976908655
0.187493020922798
0.203410472012596
0.187964169916441
0.175712935700785
0.194559345385212
0.187182126661183
0.199429507778265
0.190589134486912
0.180663473163316
0.212479871700819
0.198120633280067
0.186903564956743
0.168278715504364
0.173411856450785
0.208060660093619
0.220387793912319
0.227743872112187
0.232824496615299
0.226730462269731
0.195742030590385
0.189522658849026
0.187007476598698
0.175385739078183
0.173740649758234
0.177219158772835
0.181752003540085
0.174444660114149
0.182295025810244
0.181296442612374
0.164117219307179
0.177198349327898
0.177316343929867
0.180934864019309
0.182033560028977
0.202463365042745
0.211920153883547
0.226016795486005
0.202455689293851
0.217438552363474
0.208783313106375
0.224285627577106
0.219381448964491
0.221165002600933
0.222817465964654
0.219693438122902
0.195208378899219
0.184223828469898
0.162092180240394
0.152488666853287
0.148405617839054
0.155171713763958
0.133555389131736
0.128372638496214
0.132463945559097
0.136537756959902
0.143232055210301
0.154352536544268
0.16446233480752
0.164252771592135
0.162298978227221
0.175965861901299
0.185686391565414
0.175278663486179
0.173852899159416
0.176993526656469
0.166778475311894
0.16182031752298
0.155299905422549
0.157514482489857
0.16059534239072
0.150007819384914
0.146939644396139
0.147506781931384
0.158373433534203
0.147247535059579
0.147368623965948
0.171735765390938
0.183735355011786
0.163851461207308
0.170867737403254
0.162465431552348
0.156261488897726
0.143914893797104
0.156352286855308
0.15753248372649
0.146199448201588
0.146615906628233
0.150551845695358
0.164271339648389
0.181798931420214
0.163955519005625
0.169388990817937
0.17816144263607
0.184743044944082
0.201280046480008
0.207348329608766
0.187921129399117
0.196308665059977
0.200314144412797
0.215676866755281
0.252337437256435
0.259639538295489
0.243477713561304
0.24735090865263
0.232402022894939
0.223982794795746
0.221105505799508
0.209759759401917
0.203975335231356
0.201904012293279
0.202634100402234
0.185092362093384
0.16086668790067
0.155879181538069
0.166025990688233
0.161735144415697
0.176182068767342
0.163633018376482
0.165468683584722
0.182506933815657
0.193288718432355
0.191770660314825
0.201258885248872
0.234884833065503
0.214112924527101
0.205000107403214
0.23014272738663
0.237903273219302
0.248304090891846
0.241647001758731
0.243569029816382
0.254216208740601
0.252359121184752
0.221000505201405
0.224337756032785
0.209888847673259
0.228423545637284
0.228007804200458
0.240087087182351
0.261913525483639
0.221821145678583
0.249544469937754
0.233093193277981
0.249244333724506
0.263223574818932
0.299687892568745
0.269019734514613
0.25578289225065
0.268539159356775
0.255215319496119
0.226056045426364
0.213192923802168
0.199316031217292
0.194737071338895
0.180114714854521
0.180134758828903
0.188459791989137
0.191859817771825
0.193199075871249
0.189867304550137
0.193786133148868
0.192019393153147
0.213142964179794
0.209196341370028
0.220412597493971
0.232352700205221
0.252358246411715
0.243374264979081
0.261247531817421
0.288084175940869
0.291111526026971
0.289597202717202
0.25175813149918
0.230464322148259
0.234490146387302
0.237911449012902
0.257634052437447
0.248644079638942
0.223499122097924
0.206168548138024
0.193303772210571
0.196500109599727
0.169968003003512
0.198311730975892
0.202140164188441
0.216058105713751
0.228525759625962
0.224785148947974
0.235436393124647
0.235949151082275
0.250369115073916
0.268827068571475
0.261670966909184
0.242515584198906
0.246473644246451
0.228347700912118
0.2095193942371
0.209207028963301
0.194871605086978
0.177203523851483
0.176033895832468
0.171047773244932
0.174722397724805
0.187591309160883
0.181135040548404
0.189544195090134
0.203100104464039
0.203798525334777
0.198151475219733
0.191023232051264
0.190287702932456
0.197433072177371
0.208677633897245
0.184265689575633
0.168387791718671
0.167818340208928
0.16893986975349
0.158289460969569
0.155016538170007
0.150630952062842
0.157441755618511
0.154010061602296
0.155318042992106
0.160474886717247
0.149208020244886
0.157063977679221
0.151096964581707
0.159927694072148
0.156267699844677
0.156319438960552
0.166553930521454
0.152961623897291
0.150212905333482
0.145816782917547
0.159292186524601
0.160527351107369
0.163985117901158
0.168270709794225
0.162690212819335
0.171702188673632
0.186977042232419
0.19217843571997
0.189831358173878
0.189305315502439
0.165475466370179
0.16376602582711
0.166411352277055
0.170692106796209
0.171137478515186
0.158213416415221
0.176450348124011
0.165571617546743
0.158905015887669
0.1567707025928
0.16603545219728
0.169333142894955
0.17387213781339
0.171700498711545
0.173364501296216
0.171501923580349
0.167296688310403
0.174299360638365
0.198030628517824
0.186133184700678
0.177977686830233
0.178752079461712
0.186027430240449
0.174037431981071
0.163774314055164
0.155600949828994
0.161102547338713
0.163889937573785
0.164237026032518
0.150037734260613
0.156933806889455
0.14751218231305
0.140165328474544
0.13548048836969
0.132123775514563
0.136603212072214
0.14453904744572
0.147436316007271
0.153396729641797
0.150566712557559
0.151262685602242
0.162437916025139
0.182963353322913
0.176378766310519
0.204547189933902
0.214514758012142
0.204959644938991
0.218827184651701
0.195045505080273
0.166411245267195
0.169754972260614
0.17382180040729
0.18578777774424
0.190915821731452
0.197387863893885
0.207065780343286
0.208922976544344
0.202198956891193
0.194949326371008
0.173788132929524
0.150659595777748
0.144889388616249
0.142577779633402
0.14845234229931
0.18014691345471
0.201860006151125
0.186428015545617
0.161932006795177
0.17553805418242
0.162526698398163
0.162124568208086
0.172778670179764
0.16042973696484
0.154863932504454
0.163345689764276
0.16975798292054
0.171406064638905
0.185678590878901
0.200011231078693
0.199806018406791
0.21175634971061
0.220436866246154
0.202942275972329
0.235701531206077
0.234719563829942
0.246622406971216
0.25603377513848
0.250520830356731
0.257951018113916
0.256003717232078
0.2320629033081
0.211262101587264
0.207652280364815
0.201507130974175
0.200751104601739
0.22511080747964
0.2545662030457
0.214884513629352
0.223888354122831
0.240980607442895
0.281767134470164
0.256114921261359
0.252764785905264
0.240533935739902
0.232585383530643
0.265667689394365
0.237208654049102
0.228137170801946
0.219214513009716
0.222557436141885
0.237067531997641
0.251913708679679
0.254091573299431
0.234451416639151
0.237835818154101
0.25187694545899
0.267612570440612
0.251806905340365
0.275870938291107
0.275581104028774
0.278753225578659
0.273532752785517
0.25986610302849
0.253933996795123
0.271225959396453
0.252301878137018
0.214362198147537
0.195692324055217
0.207687761621553
0.202270942770012
0.169217750319471
0.17190485818527
0.164551153198345
0.153627274724607
0.160197146631238
0.158672253390775
0.158319176084492
0.150281084976824
0.158171360041806
0.15505922629746
0.148089924561221
0.146065122276869
0.156000602126536
0.15983056420219
0.176945698154277
0.180920308629874
0.189499185197158
0.18325910852238
0.181786221131992
0.18242737642258
0.168376171292983
0.162350465175052
0.160826928500937
0.168895447612124
0.15903159120638
0.17300753136806
0.180824270262923
0.207953272055893
0.20179235471344
0.191858499507519
0.174681937077474
0.162831559207292
0.156424010817908
0.141793293086038
0.148111758038859
0.142835514804479
0.147335401658873
0.14832761562908
0.139649099677381
0.142785020844015
0.148236007161532
0.150654041929045
0.138634299145871
0.137705665371943
0.151557178161366
0.151493058712432
0.167408163620832
0.159503501091758
0.140671469828809
0.135152859186793
0.136577033672199
0.139805573860167
0.139796746369139
0.134705969569879
0.144371026902159
0.149035856701305
0.144163305972284
0.134637298428681
0.144364135327076
0.150338176088399
0.169855974722601
0.176316172768012
0.18372363934511
0.183925962519899
0.169502291749241
0.149172704402235
0.158793603684634
0.157135072239212
0.156318079592958
0.168558722735525
0.162561599066229
0.153279432845475
0.157774934631845
0.147033860459512
0.133354316612222
0.12517851928127
0.143045114304551
0.146487098619651
0.149854145126667
0.144331044303355
0.149930960413113
0.151959843627604
0.15795182380999
0.152309692933249
0.151463027627771
0.138511641104224
0.143850989117301
0.154357821955463
0.156564008237088
0.153429147473963
0.170474950671456
0.177937472933136
0.19234467772338
0.183221014672628
0.177488896464999
0.179095816221596
0.178161291105474
0.179134680064659
0.166418670495428
0.183423059179866
0.162992601597613
0.157658353654925
0.15604113974718
0.145154131510056
0.167366689215742
0.167932806045272
0.171363108971711
0.176099186716945
0.179306107075732
0.183104574503503
0.164747616442011
0.170590792643039
0.167759023929465
0.184368413246369
0.202853399017529
0.211080547646782
0.21146738310003
0.224081616959698
0.223835202200759
0.218238427003713
0.229680016937063
0.209874728980758
0.188541003424107
0.179209922915869
0.16885092172605
0.181192002919256
0.187533051920059
0.19258010594852
0.211611002880388
0.202111361389599
0.188036706472746
0.190030715079795
0.159129428237236
0.159435050569215
0.168440518801798
0.142195658951953
0.143248779747521
0.157920725345675
0.178600013312016
0.167676755532728
0.154897235533332
0.152363336300155
0.153090041474651
0.130251888330693
0.135740033304077
0.132425491553672
0.163103374700753
0.176096190072873
0.169802877572487
0.164850056924911
0.181653799040752
0.195015148188937
0.185767023898317
0.180902287150937
0.192234168490799
0.172281890911816
0.168221715646953
0.167876281826152
0.151842914897499
0.183704306597319
0.173975540630407
0.185679245929529
0.175941178518028
0.164681324648834
0.176234300314713
0.177644957318914
0.160215458616596
0.167673591136704
0.151562784109488
0.160058677835598
0.163192631837302
0.165169680505483
0.181357096286354
0.193629599911915
0.198488991512518
0.225076547425041
0.255069061652542
0.22296027807719
0.203111368871718
0.213108350184789
0.173329622388269
0.187876848810739
0.18267946483826
0.171459931685763
0.165668723317579
0.16024049232152
0.147875684845987
0.134609151981378
0.132311078482772
0.144598414115638
0.164943262984015
0.15860833797184
0.17640821615119
0.16840568022313
0.168482098694036
0.170075944817294
0.183919893226839
0.169318434214978
0.175318507744813
0.16705669644318
0.185325669803294
0.18708663902883
0.196583378393309
0.20643536084428
0.201987580571691
0.199424944607304
0.21314231325895
0.208423233983782
0.185613772613562
0.178801382830017
0.189591555034981
0.184748052498671
0.176280940909451
0.168921043891853
0.15056592294854
0.162733363471579
0.16526425946583
0.178703111781564
0.172006717541923
0.168187988909764
0.170509817089973
0.17228886547214
0.164498086625074
0.179581874607049
0.176439648123778
0.193072310795862
0.187279197354514
0.17029772466222
0.173262634159697
0.218138804437555
0.235348843890096
0.243203460864878
0.239693329955313
0.21822847250614
0.232597840419615
0.226154326915119
0.257376775600699
0.249330756394335
0.264063619647145
0.250580400281805
0.239007763361838
0.241662516933023
0.210158628201841
0.189734863692028
0.190145873311748
0.1683074033215
0.174737734878442
0.151407216884073
0.15207237906478
0.156052262390442
0.179221806620231
0.186943776459167
0.183335194348466
0.171139327506317
0.161929768957561
0.155014418177425
0.154881471693708
0.138827456917046
0.149980457358258
0.161429431209778
0.154762586212605
0.151601477636533
0.154965956032705
0.144951318652622
0.149971621046893
0.163436247605185
0.188149111475664
0.167601451696289
0.162896295139362
0.18387389745313
0.182215357704676
0.18132450736042
0.179083928622955
0.208341913624857
0.199389922136637
0.196504515372437
0.193630745398929
0.216247735495117
0.216191025099865
0.198169978444129
0.177442289548526
0.189735525830315
0.193802699829305
0.203827017334879
0.199539047253472
0.211804389740757
0.193143207031557
0.219686855277348
0.226808999343972
0.229956574585441
0.21686197526215
0.256946287951159
0.241140370555111
0.208265129451988
0.194524716738846
0.192701916729062
0.205992296327706
0.223708455973369
0.207081548359549
0.230715864507169
0.260717991089442
0.248601982023392
0.239168262822131
0.236235893911969
0.22940046723296
0.216189978223566
0.223001031330567
0.19707648832442
0.181669633094586
0.205337696783842
0.22763235493471
0.22453076015585
0.240042940449991
0.266832425238041
0.271496901027098
0.289635254457195
0.308772490011453
0.293977617534518
0.255518652194012
0.236617785397909
0.22912442779761
0.209123259386195
0.181042825673109
0.195212924552491
0.193876137083823
0.180792991373485
0.175651948882354
0.191912162164476
0.184310483769067
0.187515760053952
0.197807184456155
0.20372723091875
0.236175376835106
0.216069474542389
0.188427378447683
0.188226153395326
0.173158658499264
0.163217969126214
0.168382486803449
0.179237080796411
0.190924793386716
0.191592418926832
0.191583011646134
0.18244122785477
0.179148883577415
0.176899918433722
0.167082909232526
0.191757173905517
0.181355919912436
0.170753639712727
0.187140091418233
0.190514552075141
0.190693085115773
0.178253896747521
0.174421095507931
0.170635741688731
0.16794217851517
0.159949357854575
0.158886344960902
0.158825451256397
0.159507720556059
0.158427119408929
0.170988758152642
0.179318584496119
0.179704910551106
0.178037466406935
0.169691756839913
0.171647822115599
0.156457008087856
0.175280836296055
0.159638285625732
0.166480512224567
0.177057473393685
0.1857404782728
0.168787614268917
0.168555757387855
0.168356747668494
0.169509230515516
0.176798774612625
0.185947141092361
0.185407094768502
0.176923782334081
0.166435533499227
0.172793469712331
0.171634783381509
0.170563101257527
0.181189920676814
0.164101756391131
0.198215034016454
0.178507111460922
0.172212575968223
0.178273550749358
0.166797600044957
0.15269393254271
0.149384817983224
0.138819773822282
0.14233122999555
0.137794810648516
0.131328551293327
0.145779933961496
0.145958678159331
0.141861742949205
0.162343974158259
0.157132618749111
0.157919368780441
0.148412874907437
0.148641647919227
0.144179754707033
0.132633873020164
0.147643900702893
0.152557936151055
0.146163887272005
0.145828652063895
0.15020134687022
0.160046651717081
0.162542204251667
0.171886450547495
0.167041397340948
0.172797357997766
0.169530568947629
0.168234183624706
0.158292421721304
0.14534478646466
0.139354596460395
0.13864558218922
0.134270215463003
0.14786420593952
0.135148303174282
0.130905199953071
0.134396803543801
0.134623217356219
0.136250025191491
0.132933603394836
0.141352908774256
0.147473917408722
0.137944706525733
0.153127932487849
0.152986727449071
0.140570637965731
0.146466916437216
0.152998758518807
0.140267971572455
0.142428101764566
0.149000824813778
0.149400952943166
0.149873651323317
0.155945677497537
0.159976415591053
0.150332994922358
0.140104820512892
0.152845565727864
0.151066157129187
0.147741460415003
0.150001754397907
0.150276206782927
0.153073413136551
0.146841990695522
0.154457820384311
0.157678937826921
0.166275017589956
0.160531745463744
0.149449698195247
0.157573055025161
0.146303594934166
0.153690599931174
0.187436655723012
0.182258581306399
0.175251470837661
0.172027140188849
0.208910590999278
0.193064699675982
0.177906081532601
0.175753118905213
0.176886102725978
0.174590689414962
0.175792567527181
0.167116868098643
0.171703010280991
0.19123729909734
0.179683668473988
0.171447374385278
0.159217319855392
0.173602880144374
0.16238799814312
0.146465982181098
0.141657874262502
0.144478814282015
0.137009972140992
0.160489915732379
0.157908405588314
0.168296384425568
0.167538096712897
0.180562106796715
0.178949018951173
0.192248980686578
0.182849051062004
0.18093682600959
0.169018143387993
0.162895572472235
0.137428088317528
0.149212073827785
0.155869404315148
0.155534398481221
0.16905537166486
0.177224819503455
0.169784007477061
0.161584460481695
0.166779642609133
0.166725519880496
0.182925151391217
0.171983502856238
0.176453861394562
0.169783632307531
0.158039483729525
0.161927096396584
0.149683709468413
0.144643794996815
0.147851370431383
0.138557486261781
0.141960917539222
0.144428181029463
0.137424075982581
0.144890907464877
0.151348801631269
0.147950241727486
0.146782641410272
0.15031931089049
0.160838678199906
0.163632613668815
0.15209603029426
0.151832374316355
0.160349739708827
0.16504984079645
0.167275993419105
0.149645004404276
0.156870750060307
0.160631170311017
0.154945337785307
0.136728688741935
0.133276787430171
0.151191060762409
0.145871364290097
0.160859881088226
0.169163107284417
0.166504819206551
0.153480654731292
0.161249216924469
0.177469838954804
0.168028442369393
0.169006972743341
0.199607963587304
0.204675807902421
0.221111534687996
0.236996773103163
0.217073173247405
0.223191667231846
0.214063912542511
0.194716528971891
0.20861754646685
0.198691969432246
0.18875593296046
0.183788729987783
0.176619898718401
0.180325962770621
0.187294536867447
0.203396357672147
0.192986798808704
0.182146092749226
0.17562414618805
0.179877148212918
0.164349358106803
0.166415895326033
0.158271292889173
0.15437931309078
0.16906054493247
0.150861149971584
0.15445796776626
0.160912370604895
0.147589376497597
0.151801350385239
0.166170567319482
0.18001873542934
0.177185597073449
0.177766664098343
0.168439723091093
0.189048931509029
0.203509705541091
0.182499846788409
0.213583863311152
0.216684916894707
0.230711715465873
0.219895387643381
0.212694096535728
0.245533505748533
0.208935026745878
0.20369511096019
0.193365204867024
0.177185703503763
0.179017013379887
0.166137148606192
0.172561832575851
0.193224817539535
0.189417659627996
0.185634743886189
0.180496308972505
0.191644873709084
0.188586667150515
0.181844203828994
0.191169510508093
0.187498850791543
0.175779625157579
0.164482987717363
0.15737465786128
0.151570139598115
0.140995812599017
0.134337979797069
0.124563186949311
0.126386371940445
0.137886263947009
0.136476826419112
0.139632609725984
0.146183073994527
0.151809737269443
0.170347463605096
0.160185506283125
0.1627145222175
0.173024784311551
0.183308282933448
0.199731814370885
0.223032404531929
0.213681968354644
0.221910385040816
0.213008642828854
0.231520762403422
0.23701139138506
0.208628622322455
0.184860603736771
0.180784429021236
0.157762426902703
0.148112612433099
0.14450719384941
0.134081383482574
0.13539434381453
0.139921508373326
0.137306733569446
0.15356728847102
0.148854477617279
0.1492471654263
0.149689203843429
0.134664538471235
0.138337687514695
0.150484132628803
0.139020726026167
0.145436869005341
0.153602442323915
0.164479526791536
0.167213336519731
0.189435714588268
0.209165146472371
0.214653689182904
0.2463000241578
0.231710406671499
0.264859843190424
0.250228460074811
0.223593966481038
0.231206231121462
0.249504592442663
0.273295009512098
0.286265795740156
0.271606212841341
0.263508267125328
0.247549943884434
0.235904026060421
0.251573599610093
0.245645282350746
0.266744396015723
0.261858410409656
0.283906192733794
0.285720467791402
0.27381323795659
0.302447131502167
0.299711875822657
0.306253979742414
0.308304729458197
0.311242784569433
0.298778233686648
0.266663208546883
0.247540709215213
0.238202655268184
0.24204533755642
0.230772887671289
0.249625039033819
0.253404205061395
0.279366521556528
0.259417407859898
0.250990620288579
0.224657498994011
0.217593439091118
0.21062743349132
0.196213242723807
0.209295209305125
0.217390626997508
0.219174267962326
0.21654953184642
0.222050027619902
0.230483724673445
