"V1"
0.137601755724791
0.148274633454902
0.14870852904896
0.141442549094754
0.121705264649769
0.123996974531597
0.121701874328082
0.132671232950304
0.130624293917454
0.133563843095455
0.136254145891741
0.143100840476981
0.147514781324094
0.15300376330949
0.168752003440246
0.15712937235259
0.158542002530243
0.16425363932309
0.177323826034214
0.176466276227712
0.17553987531771
0.182624100637997
0.192233748648352
0.159214180532335
0.151391091779465
0.155783494990457
0.132773267546299
0.140707869243451
0.129522999721549
0.138205469947983
0.13549268441868
0.137750602205166
0.132577892245361
0.146122283386414
0.144493272147322
0.170660374614783
0.163451225586433
0.169698638256632
0.167525735261035
0.147325818099493
0.140234660483953
0.134674011968898
0.127990303655121
0.129180436997971
0.128054880619085
0.149099141320192
0.155881213643997
0.135486319470882
0.139082394141692
0.136817222126025
0.128657056222517
0.114206536573692
0.117596280634382
0.120510968514089
0.131734694341516
0.138610909143497
0.143126853936943
0.169150581803139
0.166845720634626
0.166353981359861
0.149460418158953
0.154628524759624
0.151025646675526
0.160946133749525
0.150302512997346
0.153351608117943
0.16500683644007
0.168182775211898
0.163707648860921
0.141723004963575
0.150428011392309
0.149671351793847
0.134609361206353
0.129122506185721
0.142205794831882
0.137675924111787
0.139880002889539
0.143141999493715
0.15632643687476
0.145425392868969
0.139595801745731
0.135395098116903
0.128065893381757
0.134864776666789
0.128709622496268
0.123504255711082
0.117460957045281
0.109979353411349
0.111853800894046
0.0973907532406553
0.101076241781078
0.122334319944908
0.128922409127903
0.126394795344599
0.119330879562418
0.135675408950924
0.127543215529029
0.12718255692402
0.13503648261195
0.115766975147494
0.107557903841145
0.118779011498466
0.13360314522149
0.142683172645216
0.142415926307396
0.135201243852869
0.13426625136877
0.127679656247417
0.127603216100686
0.119657654338593
0.126984058433211
0.106615816719382
0.139055918080674
0.154851828577735
0.163105869033419
0.150696435690536
0.166222923601107
0.175082154102038
0.201571649336
0.182700176569557
0.147522413434984
0.142418577845684
0.139437241401306
0.153129004883959
0.160545385540739
0.159075588064568
0.156488266374713
0.16980584873078
0.164349991802504
0.155891612015635
0.17870133785748
0.178277708875284
0.168731878253159
0.178857458228154
0.168728108502473
0.177313126636084
0.171214302600106
0.174553470865823
0.173752629452311
0.171814103177798
0.175896407898934
0.180945438398238
0.198569554148622
0.182599982526868
0.174267930143383
0.186842011237967
0.152179396613216
0.144624642313359
0.141781433543173
0.154647974000697
0.170155285240689
0.153111824762622
0.154204354714821
0.14395616624336
0.130503589792894
0.137189444802367
0.145003510240173
0.161111972747757
0.147630701224859
0.146371481271416
0.138548195972093
0.137697275223891
0.12733002020842
0.124735437091112
0.108792206549806
0.10650531870127
0.122728915351765
0.110930941888935
0.128532439228645
0.113647420697431
0.100874257772891
0.10801291374526
0.131010301403669
0.134170067044767
0.128578467483257
0.127520721760288
0.131862291808693
0.128225383611897
0.111028214894347
0.110279076981934
0.0922155927099649
0.125114690280227
0.117929412332871
0.116983536284265
0.127614261768258
0.142458752033497
0.139054507950168
0.118085055249333
0.115447586717605
0.129248402974504
0.125210343247064
0.136872914371051
0.12419365982305
0.111589412147916
0.107545733417073
0.124657886931512
0.115183828448627
0.112453741783706
0.115560832553137
0.142164043443286
0.132537642410601
0.130183922837133
0.146916463615257
0.141900836910332
0.149986574291422
0.146057986981328
0.164429398173749
0.16105092868542
0.170630638330658
0.188345639089049
0.190206967177816
0.157960515700819
0.184760237575712
0.191051245356533
0.175818925343082
0.169429907440868
0.193057151686459
0.174763803025273
0.179143128171748
0.181672568257799
0.189448744272163
0.194619835267766
0.158763174350656
0.145354476093603
0.139327458608895
0.148283161541966
0.147504538191166
0.165376390494466
0.156566183161783
0.154349221173526
0.148092000403546
0.14034730048016
0.125748553808637
0.12648855407434
0.127057410372811
0.116429626696962
0.107199764528008
0.107839262860784
0.108231546425095
0.112975729625558
0.112824272241458
0.115066191816395
0.10651637941007
0.107515115038009
0.133070745514461
0.118957811488606
0.116495658559889
0.10998093975669
0.110484420813439
0.106853961423333
0.11449867132185
0.123818233541313
0.118933469929116
0.107587324006403
0.1110307986
0.102367136766864
0.112514129819123
0.121786287207711
0.12017524915183
0.114476233697001
0.116224650550192
0.121127737550634
0.103838667447588
0.117022695931632
0.118336080770089
0.116114727488971
0.133048684441072
0.121356955473717
0.130175413696153
0.141415792483306
0.130657359669078
0.138205893041318
0.148557049551449
0.154382930357754
0.138201298991921
0.140760943893301
0.153188780143873
0.146417454398226
0.171645763753642
0.174658766989553
0.181389942746852
0.166540256993536
0.162010907962419
0.15667369522118
0.183442711391162
0.212304936486404
0.205639298415584
0.203318410381309
0.226880410915251
0.220753520813892
0.199835799451682
0.217823061704214
0.209603850371783
0.201572136726328
0.199229062277832
0.226309141072737
0.204114718374054
0.208710149874057
0.215599239014074
0.225470400497064
0.236449231671737
0.25806709468892
0.248023752551705
0.206626598441368
0.209931011346284
0.225802021525088
0.201440754946942
0.176679325009283
0.182460294525235
0.191715055029931
0.165367816871161
0.154430845810118
0.16861350267533
0.195670369977674
0.21031078002515
0.198554845751375
0.198340318698902
0.174384145686486
0.18310889051125
0.173476929044953
0.167568428698879
0.179685641636158
0.189819169590629
0.163826636446415
0.156927864093579
0.172797576869227
0.174163557503308
0.180078453652072
0.187862450460346
0.179899149516185
0.157990079886992
0.152256320148942
0.147710158373836
0.138099292977564
0.149678991979261
0.144614577382791
0.13953454043289
0.132886198896399
0.120971050599206
0.127040227293841
0.131104158216936
0.131809299259461
0.135750999806167
0.131516235288011
0.127727634072753
0.126072799625496
0.127943440974693
0.13013816255666
0.121984541310976
0.119446260501272
0.117059652984026
0.1243996978458
0.115279325209431
0.110306135219043
0.117512174305229
0.125406789754086
0.133991711407235
0.138452768934106
0.135123205755934
0.123391286641313
0.134669076095343
0.144947172504228
0.141387408927007
0.161579799896187
0.173367479015092
0.169026016212217
0.177679071962686
0.179951235014007
0.185377757039028
0.170875795036373
0.162025104006459
0.162289445024377
0.173454950548475
0.171940472160212
0.175959864021367
0.205613037930834
0.194478229420628
0.181084867552745
0.165659984302369
0.159675978480162
0.138240296087583
0.140262117635822
0.15050588157872
0.147502429482025
0.133286911183999
0.117562635022113
0.123664153042379
0.151693956071121
0.152483604889856
0.145561202183975
0.144791336244897
0.142749894647685
0.147729348860988
0.119596947666185
0.115114210597486
0.108967584437552
0.108833967230758
0.105862578051094
0.10727937378545
0.10420917682869
0.10830735586248
0.115784708121372
0.125066930045924
0.132618310577865
0.117645972301497
0.115668415217425
0.117407789969896
0.116448546500629
0.127662730487349
0.132307605020986
0.131112911887784
0.125928055138528
0.139352802256362
0.123552863202472
0.105361007616322
0.124052395681765
0.116145253700118
0.119980026571968
0.129629938521356
0.128684273588851
0.141306825990043
0.150387605857231
0.147315017656167
0.143829564998299
0.149437886671297
0.164906347513964
0.14122574560299
0.152442168744172
0.146109003665323
0.146291875058245
0.142823202649885
0.145380178807657
0.182905347576563
0.19781881234833
0.207044571086932
0.179619297238164
0.170832818499087
0.170363087403308
0.159768294567654
0.163669001636717
0.162809069007615
0.178703143385199
0.176906135597641
0.163795376425714
0.161369252399867
0.146608825776909
0.13255082572045
0.132722536339846
0.12188684186167
0.114967946542724
0.11640892885425
0.118706157152182
0.11487441630408
0.124610131971681
0.129324428083574
0.122728445724951
0.113852651092496
0.127396330362826
0.124815229352465
0.129700672906407
0.129626756415008
0.133173132457473
0.133093552985271
0.138691901052843
0.152302579467642
0.150535455659126
0.144235900567446
0.133450027841114
0.121942134101218
0.134935907857552
0.128906667355208
0.136985559572769
0.1571868095644
0.155332798850956
0.189127764908709
0.203616969399656
0.176154080701063
0.173831054524685
0.174679320089191
0.180471991299293
0.211440390817362
0.220472085583462
0.199315899258366
0.182127420115644
0.174980874253015
0.165032809944868
0.145982613988473
0.152163107493729
0.149314598300566
0.146786782819356
0.161253793930153
0.184165331064495
0.185345734866246
0.174776560075487
0.178413162737619
0.184150359367724
0.157139910761179
0.162253064528203
0.163634752827549
0.162128176502964
0.17798053051133
0.177674567450338
0.201529149938465
0.174811315903641
0.168768397067027
0.16710882566076
0.172620452446951
0.163249021088805
0.185857779085757
0.18541130528356
0.182850565387146
0.178662007136896
0.187135625233805
0.176028805515075
0.163698119069783
0.168827223497899
0.157474075001547
0.149878917499407
0.148893527539837
0.160700109389391
0.16049320507065
0.151376431465881
0.150407306017274
0.145728884365735
0.156850196508409
0.146715470688514
0.139616921037028
0.13136706580582
0.12889567239249
0.127564088988706
0.134145807037534
0.139711875028646
0.177529780709146
0.174104417348114
0.179562725159843
0.170205337404889
0.152716620866852
0.143891006184094
0.140811268824991
0.159920625765904
0.141952992284386
0.153516871003988
0.145566565192011
0.139788183392306
0.124039121858937
0.125625239281099
0.137827734247678
0.129134873375561
0.125671307879045
0.135691034081397
0.150922859778845
0.157294626148019
0.180953095087841
0.183619137007685
0.160567315285158
0.139714583631494
0.13751201074979
0.136910167168305
0.137313498964886
0.154260735698774
0.168381509927008
0.165340551111477
0.152697292468339
0.161469133807905
0.147751525446369
0.14548666433042
0.15464825080026
0.165509969447389
0.170498523344819
0.159273807437075
0.157682021522955
0.145027736390987
0.14940893069684
0.137441321027546
0.132013325129098
0.126356702535273
0.11989667480146
0.117545284711047
0.137452711200169
0.134397263403164
0.138348012039707
0.168936312009696
0.147905608161498
0.130334563475898
0.128936109275384
0.130016049316455
0.118577512673306
0.119351220619343
0.129345747742922
0.141405426682628
0.122000790776794
0.134753418123039
0.141131898073583
0.157935905744558
0.169396596821082
0.155074301694799
0.160872587012983
0.140820271120148
0.143424764866915
0.147364212867037
0.15222191209376
0.129969847469818
0.139561558083887
0.143402469792293
0.171765597015051
0.203253653800496
0.203185668194435
0.205919079937019
0.185952466220237
0.183974636977989
0.170299785011683
0.167892767034061
0.170522436572361
0.169475863337529
0.180612339088975
0.184843138190792
0.172315004397893
0.180508028402021
0.187421255892462
0.201365608184478
0.187907780716719
0.164216053927753
0.165635623682667
0.156184117368992
0.141051724866419
0.172511117085115
0.16605732704469
0.156650000548673
0.173559789341183
0.173508486518839
0.177610967559035
0.150474304942499
0.137989356670088
0.133250979653821
0.145356571753621
0.158553239542828
0.17208087888109
0.176050987402343
0.160163291174997
0.159810799001582
0.158452313504319
0.155657325743188
0.147888498475839
0.142858293801105
0.15714350109248
0.124382833576837
0.134739395481159
0.134848405039072
0.134572216562043
0.113150344380846
0.117025672753362
0.148620005614207
0.152028108773266
0.148345082203365
0.139714356482433
0.154945528516666
0.178308159592354
0.175450180160572
0.159830362511797
0.167958680920863
0.162853331266319
0.137873422319652
0.144188444686493
0.181002941136805
0.186463590733389
0.177128640981244
0.184206125419363
0.174125226754643
0.150812234446659
0.15731305405182
0.148051164679649
0.152217935924855
0.184929823663981
0.1924054797026
0.184835924906287
0.171845519971357
0.168134786214426
0.190139573270554
0.198306456261715
0.175119327835867
0.175947143597131
0.182697290599398
0.152768223871988
0.151436097861918
0.143544567091876
0.131463159993369
0.149540281467023
0.163171184659584
0.159940109735319
0.170081803104769
0.189210433392741
0.184027435650974
0.172963435214252
0.196669187852253
0.196924674978666
0.213580640417589
0.170580839690905
0.184358393349074
0.175250068269955
0.162761557330002
0.182449058178517
0.174842440149607
0.171197202147394
0.161342236249888
0.165290104843929
0.14747422168874
0.145511040908935
0.132186915872451
0.150751698211942
0.144417648170466
0.127430097673503
0.135615258513387
0.120304735325303
0.132368938012468
0.133973770797631
0.137631215246894
0.127927227743014
0.127733305993133
0.126347800798846
0.148044057973523
0.162912599813839
0.139745828636441
0.138365573580511
0.129419746002785
0.132463271366318
0.120462395256654
0.12670380022573
0.123694436841506
0.118067447713517
0.128813591313925
0.12798084521875
0.129498405563474
0.131514393718282
0.125770145773006
0.106654963198613
0.123106574777165
0.141604839734751
0.137705294365023
0.152678467088614
0.140163906396201
0.154549294410027
0.13379908297549
0.153446436902804
0.165995851427933
0.153866449402338
0.163023557198033
0.180887060910857
0.183653348726141
0.191932093448757
0.17665069072323
0.163484230437057
0.167367845504547
0.163713488588212
0.167887620575714
0.181586049590242
0.1976033037341
0.206661399724834
0.188812746020101
0.185663720451169
0.181565307656579
0.176895676053124
0.171413692409078
0.137942423000604
0.135111947542834
0.13615238936893
0.13644366082975
0.144166659920526
0.137872934262872
0.120812757663339
0.116341638066603
0.110685766540117
0.113763946103295
0.115829513512353
0.110649459840626
0.124405509026552
0.127083210638309
0.122610720469363
0.137062995188695
0.141676373644935
0.139585248035842
0.155353260726087
0.178461222876406
0.189943247093999
0.197192910763784
0.213452788061403
0.198665009125071
0.221146715248709
0.265041433633724
0.262511582686016
0.270714289321325
0.237472358417636
0.236507122118095
0.214027696597102
0.215049251089691
0.226475259946239
0.231217192269805
0.239049435422634
0.226683055271392
0.214490485018285
0.220458336768305
0.201250397600535
0.196591644832647
0.198386386411969
0.230388628659515
0.174402368377943
0.174028319429736
0.183361105766656
0.196732781398491
0.180425938530308
0.164810582771133
0.174502932806454
0.187302450304589
0.193418097093198
0.205617381894047
0.20031921869201
0.194007565195563
0.194647279285367
0.189658182571377
0.174743092109909
0.171128702307659
0.154484387238201
0.152198548502869
0.161180515723669
0.165718185529974
0.16638749508082
0.157796164750465
0.162525905481436
0.158453952124066
0.15468350404932
0.153628697741555
0.138307485066895
0.139203175117728
0.166530950065754
0.161502289822806
0.148454636949028
0.132250077194957
0.136906777258368
0.131545863081113
0.123959131791156
0.129028968023851
0.14117765109106
0.150722945913431
0.138737820170375
0.14014309895407
0.146405529994348
0.176327380691345
0.139851221799137
0.142013545257706
0.163261363407075
0.151571580660431
0.136580017034277
0.136792668297174
0.139074180164904
0.157306124198806
0.16435592774529
0.160951726749302
0.13803649711831
0.13885834506152
0.124814687009466
0.140667847186962
0.144135084484646
0.130683734098522
0.149653583359048
0.125312849867415
0.135038544811906
0.130107029432141
0.144422868008482
0.133307233532839
0.133097559565167
0.142604376475542
0.162989492991809
0.171626907872736
0.151482270119381
0.151857016817424
0.14818392867834
0.14017246038868
0.127089784364846
0.125377275084442
0.134120329868674
0.118614862323341
0.112042626338027
0.111898578443968
0.115819664368582
0.122224768204743
0.117656787693939
0.127918324085838
0.132813038586393
0.126142279119527
0.141520804774751
0.161690600149463
0.167919807086045
0.158216692138107
0.165058560288085
0.163458036792849
0.162513740776803
0.155274154971777
0.155939047289264
0.170867211842825
0.168448065994723
0.148450006009305
0.143965626644361
0.16286693270296
0.176479260532836
0.172248379682523
0.145775118525373
0.150722371878476
0.161068916750394
0.139851012022976
0.142337958193836
0.153661174152772
0.150752737743864
0.161712589935996
0.186982593698367
0.18401000010551
0.188173613368026
0.169615940114843
0.153810628115919
0.135263832884257
0.148647663797344
0.163600741818958
0.158128781062834
0.158184122042697
0.156635930246438
0.158469419830671
0.168556476739582
0.161368449708454
0.167868538030838
0.152376817655044
0.156260353483961
0.175702023302386
0.166641528678648
0.143166635820795
0.161855869600397
0.16235956543817
0.169540493884971
0.172824543369145
0.196195224017064
0.192152379521489
0.207687703012658
0.205379428068798
0.201853080951963
0.191121017745144
0.202075762363069
0.174004653294187
0.150334982808439
0.14689635520442
0.165983212495195
0.162019065625972
0.142988170824445
0.140449930895409
0.142583343649483
0.159804536458259
0.174782292460232
0.169869615955385
0.144172267611316
0.141120233043906
0.142116016482155
0.145133486563208
0.144947645371613
0.14033765000176
0.150382075727327
0.172852958006331
0.174684609949846
0.170061169189212
0.152920844778251
0.170329522183332
0.158101342516177
0.161816075059962
0.160119561181957
0.159628338049263
0.153007988778588
0.16203892513501
0.157852311234949
0.161254297198787
0.170399076173972
0.172729704065526
0.158401527277302
0.150354365062026
0.167478228377758
0.177829117593271
0.15301916973857
0.134534178614047
0.135777638398739
0.107833758564723
0.0956774118706352
0.103588337169088
0.111949521383405
0.120587140288095
0.151673730168389
0.154118845576239
0.151857316545896
0.129553009854972
0.126355096593807
0.157613073183944
0.147363941781684
0.151771577943521
0.156493932942847
0.149188583206394
0.185138582223397
0.221019753665456
