"V1"
0.192594439343681
0.190361182085996
0.185855146848385
0.177426909135527
0.181554006967279
0.177792985331392
0.19045070748163
0.173366638803633
0.180613260180219
0.164607329449022
0.166159573935825
0.172569083611062
0.177598470961605
0.161835923116618
0.169362861386205
0.170305964400543
0.168981809378616
0.175706976009578
0.170464931679421
0.1620936776304
0.164668546303243
0.175586868290002
0.171552132531473
0.16455364801168
0.175048315601657
0.141183928172238
0.131375320300202
0.138006014036952
0.145545803783562
0.142310094421641
0.144950297895681
0.146240077748473
0.142187723108849
0.151418594142524
0.152601095425983
0.160738968128152
0.167165682299618
0.150786993982731
0.144322996277107
0.150758322787223
0.151630314299403
0.156802911526458
0.16311239315712
0.155867930992741
0.161811724492403
0.149876142729885
0.150488195310426
0.14661682017658
0.150164407883933
0.147107446501428
0.140595811575523
0.149956827711278
0.162927383781091
0.143869518603776
0.145609201748461
0.144673430068457
0.144394608662569
0.13495102989627
0.143458027041724
0.146678222116946
0.141690243834593
0.130530263500782
0.134417163698578
0.119108446284963
0.120596136159184
0.116433921957046
0.126071647615663
0.131349137821231
0.146172528922901
0.163456336033567
0.164466889737279
0.172107738942658
0.175319048559052
0.17849230177374
0.172760628765252
0.183002036409668
0.175605277101222
0.172593881312469
0.177828214689116
0.180983797714603
0.191400572117907
0.171383197004196
0.156922840409919
0.154424073614477
0.163580112570513
0.171228511589964
0.171250567584502
0.169061751320048
0.168231660536406
0.165707841800335
0.167450471860106
0.161195760248212
0.163936426783403
0.156598842617816
0.158830621889632
0.145196894169175
0.15307968438638
0.155285567435518
0.132618101029599
0.128247399780587
0.134370560182242
0.143949370425185
0.138058161373418
0.155655415013483
0.158109564016865
0.158219260192036
0.161649809325621
0.163214255497032
0.166277354299643
0.176927847554608
0.167844007656494
0.166967740302564
0.159380554162231
0.169510750488004
0.162381585812501
0.188904948931794
0.183924568994802
0.181506792280091
0.197256552842594
0.211090505592065
0.202406539325049
0.192565179349162
0.187069709962676
0.196311129422867
0.191682026368527
0.188251524530235
0.179472046299804
0.173930088764957
0.170594869192852
0.182595573372218
0.175213343024586
0.171978996691165
0.160688299915013
0.158494753503493
0.14478165411037
0.150730856846139
0.161632117392674
0.154345200505294
0.135201831834222
0.13546116549922
0.149441876972466
0.149503387438802
0.161753557188407
0.160794782397962
0.153698885827034
0.176506078119382
0.188121507439004
0.183313663798361
0.185493763942691
0.171716304956666
0.163956781757143
0.168238538290377
0.155781412330787
0.16457684128053
0.178359305635883
0.167963296684691
0.153065165012343
0.148264144569197
0.147684654457249
0.162823888263819
0.166425434562553
0.174260408848556
0.168427802471929
0.177005090820148
0.187118583392392
0.194323590016138
0.199378800751318
0.206017296630876
0.24313647511135
0.246561682264541
0.223991961496831
0.23400319909818
0.239931572987061
0.246025567400544
0.241214547549123
0.251954914748455
0.237463819497952
0.240785657093618
0.226973343007819
0.224634509908061
0.19871361863953
0.216597014233407
0.215130750164751
0.232501079098641
0.228879086458049
0.226412157300794
0.23378179312689
0.244495961292663
0.256436550360579
0.243569479842066
0.234668245344657
0.217882165270444
0.21731323034073
0.224010292002542
0.216954068765681
0.244453794103341
0.240074860647783
0.236577337026192
0.241886192358241
0.226882172114003
0.219342481368906
0.213037037918512
0.220913581819792
0.205587996808909
0.198022461980016
0.176562470135873
0.170264635146785
0.194057311590463
0.214865334287041
0.208541656692739
0.225606270948929
0.211410882973732
0.212553273397399
0.233149089464925
0.22697839403134
0.217396308423834
0.238163576237885
0.264796806713422
0.283107768451202
0.26998505525292
0.26439380652051
0.252825657035994
0.24248973460589
0.218427534428939
0.203645886424162
0.224851627353413
0.230618117103647
0.217755892006007
0.214201854322493
0.207133565536619
0.209486773579686
0.200230472369211
0.215510399924351
0.200924281669432
0.19971019012501
0.183632948782108
0.173969280589624
0.191250357987255
0.179385827036626
0.17077408230472
0.169035058749264
0.169451121247112
0.167769571138102
0.176930718828881
0.171755482575873
0.163556718777685
0.165759641867899
0.189637430824863
0.212266239386618
0.200068711832949
0.188650554964148
0.213153017533646
0.187762099896688
0.185671994463819
0.194896868552883
0.193301675334428
0.206091909857666
0.223515540162758
0.186652540911743
0.179620769011952
0.189435600904669
0.191873385329368
0.180368014791698
0.195579715442151
0.210401014096
0.198840852268506
0.210555299162438
0.203349865648216
0.200499712406592
0.211506460899716
0.2204740202918
0.23854943003208
0.262071526064676
0.272783347703732
0.279788988888896
0.254024149092931
0.249365333355148
0.228737844597553
0.211129087432822
0.225720749294935
0.199096721378449
0.18370418384141
0.172756145020571
0.172243842243192
0.174382068646076
0.17016466974909
0.152832517228021
0.13687924252086
0.141047400740303
0.157466490497796
0.159731507320862
0.180129306681441
0.191951083496827
0.19005757946959
0.20645518260465
0.199114381350724
0.204929563392718
0.189840914288213
0.187807380210335
0.178457914567044
0.16238499669131
0.175292882407767
0.179212484956057
0.179142452087128
0.198539089976469
0.213386215491449
0.192505698760185
0.179427447189615
0.19376488039234
0.195247547054378
0.195945501997916
0.204062800379784
0.185259019990571
0.185812174818846
0.188743577087339
0.180762826370055
0.160573055653193
0.175430695047442
0.183953351208555
0.185479480990875
0.187376974950364
0.195519958264221
0.182146032777414
0.18922862988596
0.183016650656256
0.18763131986273
0.175246279965518
0.184609310665247
0.196301961744983
0.212848793258118
0.190104082794526
0.187537912225937
0.186356025510668
0.171166209713754
0.17098456105792
0.159004760205045
0.164143736146478
0.170705976465723
0.177806357477383
0.183414013594881
0.17477619178887
0.168590695782312
0.176615693445897
0.16892861644869
0.169332534636265
0.153303289559169
0.158646829892379
0.153077351746834
0.147909308588572
0.155502371645038
0.13882691768391
0.139879312851034
0.134746280886979
0.149187047980428
0.140383897881911
0.143449091894934
0.130683480974691
0.142252432943786
0.138055697396051
0.150129999052916
0.146958151544223
0.143457130449762
0.159392141585634
0.161373192901089
0.15352351585584
0.150205317074101
0.154373358622315
0.14892499009157
0.134545756746158
0.123753488009323
0.1284345039026
0.123184582666585
0.127632170916802
0.125280669056215
0.137063091793675
0.14002947547414
0.133732849495797
0.141192743699358
0.140429343023424
0.136925776464149
0.143352931943497
0.146124744468031
0.159272229843792
0.170968435901299
0.193343742276283
0.182804268031775
0.172685312234519
0.164315503394675
0.187301068152511
0.191415453497813
0.198188869117448
0.192067978034296
0.187119584333372
0.194268442688749
0.184811121861799
0.193067225877376
0.179644973634481
0.187651109679962
0.18052901816319
0.205198819774597
0.195714278521603
0.185635994280147
0.172177542144921
0.175361538050021
0.185363121582821
0.172090559226132
0.175809185930842
0.198374114940197
0.188657561580343
0.174989040167327
0.177664662808107
0.177228834583916
0.186417693875414
0.191681443499132
0.192478975376422
0.193734019877308
0.208537063918518
0.19401647867575
0.197533754120594
0.198299490370465
0.200035258052792
0.198361384692572
0.179702248607257
0.206114321262821
0.218171008413709
0.196764308706493
0.190879082815271
0.175161429528576
0.183463384851169
0.191058871263895
0.190197232980512
0.198650615727587
0.193718388738477
0.191064265719344
0.203367230810234
0.187167819727455
0.170459224234712
0.163923850263636
0.178696220616264
0.177444768013405
0.164709623149366
0.150818308641676
0.144611838898307
0.155190066282806
0.15984207176511
0.147853946532976
0.143954285359972
0.146464232730184
0.156029021468069
0.147872755080131
0.139271185677778
0.160144248389572
0.171143941359389
0.165818815162574
0.16301770376901
0.163609967478175
0.143104159737762
0.134163830510501
0.133213903645275
0.144361100200569
0.141755956189127
0.140031616101543
0.142052724154879
0.131139105775284
0.130854545270254
0.117415874822736
0.129086072164714
0.141301957952318
0.138334691448982
0.138642054441256
0.13715757819866
0.136113518338817
0.144785717873224
0.13753353995922
0.138017313244356
0.134147693633832
0.140413446153125
0.149237316434706
0.140458956932857
0.142079393808298
0.139346340048236
0.140090726377889
0.146010879145465
0.143278981128845
0.125575454656077
0.113608672800967
0.118049450157031
0.124448145524899
0.117271386981491
0.132802370733594
0.13411494159393
0.145794247343983
0.144570568193055
0.151481980963062
0.151992594491846
0.185014743794068
0.152331174127209
0.153320731142731
0.149304213144059
0.163050968126284
0.172901373577361
0.165484003842048
0.176776118325597
0.167159886997045
0.154280674382688
0.171280208183668
0.19919683649422
0.186841353987697
0.192562056556873
0.207246756100291
0.233364975217911
0.239211839972717
0.265818649496195
0.267144570228384
0.244515430185633
0.235342929800609
0.268197710492989
0.278872503839816
0.268479358446343
0.244332723001127
0.242415566438608
0.221757143690126
0.215429976844805
0.196653085133059
0.197507338394458
0.214876158003511
0.212275257158503
0.198918602000393
0.227652381658496
0.195059414233422
0.207943534654907
0.217369058369982
0.187243655475999
0.190929903054324
0.190421291053825
0.185387200021851
0.18817159870233
0.190620353020906
0.185093699404809
0.173212213857696
0.174211581119359
0.171048711734878
0.169646108142964
0.157649823063607
0.148571437988549
0.15006135561019
0.156191701485578
0.163773573695329
0.168393733671785
0.190305895558238
0.178633924272732
0.191607142258336
0.197187327530189
0.195884873988097
0.215962170934353
0.218876293244714
0.216316151144733
0.217945550398309
0.218769780898265
0.229555118565891
0.234588007301941
0.213471500684281
0.205440200367755
0.227860508106249
0.229622334167893
0.223250067520098
0.230795499314617
0.194950742521612
0.22015794523887
0.203396875149305
0.193237126389507
0.207026196368655
0.19704231948663
0.207344757771831
0.201345532763511
0.195341421480773
0.167053373123051
0.167343263226106
0.179333609358967
0.165642870379838
0.180561038145269
0.166189148985491
0.163452683599582
0.172039846063417
0.159047545063197
0.16761113986917
0.162370474639647
0.14533608538681
0.15011666483961
0.153050411600666
0.148336026659067
0.150345780881268
0.157371573859112
0.159029301162574
0.14861791627497
0.139253062311897
0.139365412148968
0.128966860711931
0.13440643693389
0.138521897631451
0.154491937171898
0.165522548949525
0.156389072083937
0.177347344107907
0.160329047302311
0.155030840168531
0.149477666917525
0.143276490967503
0.151027892757854
0.163968472399844
0.162657235781656
0.159305196078125
0.177976689322796
0.185333672483376
0.180131305818776
0.168850755966432
0.164728284915301
0.174496216876615
0.178277804114586
0.168263449666803
0.160827295540888
0.175037276421184
0.15880372647569
0.156449594597836
0.147544520958051
0.136405385625201
0.13529561730205
0.128385033971806
0.141512977842284
0.150885050146823
0.148565694610428
0.149978904072391
0.166200774107843
0.150111749701117
0.150370927640932
0.150284305017339
0.158589207002533
0.151403116783374
0.14494371226741
0.152721079096547
0.150778400683895
0.141671262282854
0.142314592282108
0.139124743604258
0.12962821969051
0.13720568006412
0.134367356846194
0.137701218013095
0.141113010569727
0.13479095655208
0.140014091332962
0.148403994658383
0.153150787851652
0.144788305155629
0.151111308165347
0.143832461383296
0.142450339369262
0.145393693202987
0.146196115986952
0.161526606276877
0.154950749229435
0.163691238620765
0.144861329656778
0.152042061555835
0.145652448170923
0.148666119478841
0.147560750211659
0.152703959807216
0.136384393719546
0.141021664098656
0.150666853898784
0.158843310843318
0.140469843129887
0.148432890161824
0.154302228552086
0.155628779190009
0.158457463665967
0.16078292192747
0.160647551398805
0.164549276922812
0.17275745138468
0.176438729516946
0.163005815423055
0.161148800648773
0.165753065459869
0.154447737539823
0.166604735971096
0.163051967786908
0.168213997252182
0.176163068781342
0.182109355231439
0.195026587871637
0.195514742927754
0.182508333125159
0.182067632596534
0.184988805661003
0.172832943110319
0.176331291714429
0.173159663795953
0.166417689523648
0.145047755524439
0.154771373580274
0.150858180563758
0.149973676435146
0.164050201107257
0.157953912614944
0.152156923245295
0.142539553441257
0.155997345066116
0.148986581364602
0.159651201207545
0.15254580645012
0.149548019887356
0.161412086640216
0.156589268386623
0.13306721915999
0.129210401819186
0.137919329344067
0.156970282415859
0.171648994225526
0.157709145070468
0.151784691945912
0.151703944947885
0.150267191477301
0.149887484895334
0.164049081684314
0.16602816603884
0.169726760445649
0.165404943982338
0.158873050029833
0.168511722926391
0.156751813487878
0.15510865673064
0.159414860160957
0.159536596673829
0.16083281920837
0.186735967683046
0.190028334906412
0.19878548556961
0.199192780848711
0.191883497420883
0.192838511462254
0.184452863015567
0.174730004828254
0.173640337205026
0.153078741647375
0.144834769441684
0.139004142192989
0.139454210292018
0.139949704104316
0.131152370905579
0.140399044155967
0.162084038589043
0.183712432455141
0.205113705038337
0.180873930523112
0.188467509050476
0.193872744912126
0.199504790179643
0.184063979939388
0.190760541190611
0.183350842715751
0.175576987013749
0.188043894833809
0.179210595474222
0.171593698868806
0.172120536244413
0.190228723532422
0.18593124002413
0.194480198954464
0.205218740262773
0.220247037642511
0.235373993092386
0.232547652177474
0.205743958680452
0.181100789607809
0.188339005576866
0.200647259752788
0.201906553594583
0.213539059598709
0.205789328333259
0.204089330751113
0.194709696906699
0.18270248970959
0.172215315597247
0.173109897573937
0.16217549145955
0.170286160324495
0.164775219566003
0.173530456178143
0.154307380134478
0.145501313640272
0.1460523876428
0.143360055263836
0.143166947038156
0.165784761890194
0.171168127823362
0.182340440696189
0.200159131382323
0.201576100513121
0.193055801222213
0.221231105045142
0.220329492744444
0.200082410745698
0.204770223393953
0.199665119612968
0.224386392358443
0.217586422141352
0.201604160570022
0.194718453714303
0.227030219762747
0.265828647300466
0.265909612239535
0.23350212805658
0.236175867163979
0.253844330638146
0.236314517358867
0.239663681465111
0.20454166858954
0.216157328680911
0.199298007286137
0.181387395736778
0.169237786532708
0.157906359142247
0.15037568430283
0.158681874103761
0.170152573813838
0.177841706712995
0.196253523081053
0.197350551894278
0.190661890741889
0.195081179038636
0.215038379227749
0.215517208950442
0.208687633720914
0.208381699145873
0.201560660655365
0.211566557725342
0.2150426237848
0.209734690842333
0.215581219959391
0.213701447247578
0.234481018250547
0.216040985068928
0.229573763667566
0.239585358521646
0.225456656714307
0.252882911215665
0.251138248407236
0.265978198560947
0.273179557342768
0.271796048252438
0.26692812136141
0.26701220217464
0.258055365456888
0.238972296282111
0.231091688424308
0.22821999642951
0.239275236260326
0.23751371787632
0.245273787522089
0.263502523468164
0.229733229982088
0.219067975598756
0.202532707990011
0.193722748191689
0.187615735699656
0.176054946266269
0.175916411284598
0.161612392631192
0.1705696661718
0.153274764387953
0.155390606932077
0.155555404713163
0.159250745318648
0.141355026604336
0.139148114570098
0.158118344158912
0.157361245212599
0.167696130624751
0.166987749017257
0.154056806730184
0.12895906649152
0.125052424919155
0.129838729079517
0.126725315381945
0.139633514483924
0.141465379577685
0.146793833520435
0.150024778079052
0.13628404674315
0.132617857082743
0.128926274754477
0.131972289457855
0.125967450069043
0.12367107824898
0.129441528256501
0.142279182233123
0.141393993525522
0.138057945581811
0.133291383639423
0.126127079437833
0.135040692322929
0.136630264141496
0.147110941454777
0.146463206313933
0.140931448933514
0.141434841162788
0.143889910950332
0.16526136013553
0.16991063443055
0.158522984558945
0.139438209356877
0.146899705830083
0.163552961149004
0.161818428759243
0.155822178868402
0.146697791688303
0.160223345871815
0.161792869295775
0.170084277125872
0.150501979349904
0.160565883492807
0.163918683254658
0.152314644548744
0.156802490140721
0.150931028516137
0.168148522393849
0.164080676978533
0.163917641219819
0.153625563259732
0.155083495306082
0.163185996136793
0.160997790169929
0.161542426289432
0.176093332440377
0.16007007486845
0.167878125683053
0.163195207046019
0.154504340007446
0.157945927988549
0.168755269857583
0.183643989510807
0.185854893773351
0.178472370805135
0.15570934076014
0.176075430481411
0.175246046379517
0.165469562316385
0.168568925463927
0.165028148274666
0.162971848261216
0.151516567178007
0.149599440752824
0.141871979584216
0.136981890371483
0.150652108531547
0.138269536633019
0.151293526893765
0.165656130862053
0.163852454561983
0.17383684808412
0.171870089674389
0.170118565788904
0.173866083342104
0.161321014472992
0.138066002914651
0.151127498546722
0.162449276141211
0.167678255192398
0.16353373334717
0.173273390565831
0.161969012569744
0.177142310500785
0.168129665088777
0.149788597266631
0.165074768211052
0.1536043402017
0.156790122858909
0.13976838952192
0.150008056281118
0.152178858756446
0.140483636092134
0.135947177180965
0.130863585895295
0.13733134977589
0.144101900605705
0.145595180127279
0.157245344844432
0.150215324326412
0.150512560569797
0.162301649894232
0.151308810546285
0.144511663478697
0.141498378441853
0.134591047621988
0.142790419133812
0.142173802945254
0.152803709208881
0.150725819344009
0.163672842316862
0.145079545543742
0.137555095780348
0.13555625034199
0.155729251000527
0.15066734258403
0.149285831584144
0.154115183744556
0.156350925800938
0.16397904471298
0.160838903910816
0.163634533409371
0.17578026404783
0.191773859822981
0.19262265170088
0.187026307828168
0.182450048609655
0.187407495084278
0.173058666037579
0.172307577729253
0.151567986244415
0.151917839473198
0.159067472728332
0.150608542027546
0.149651171619511
0.1546361828619
0.160927933232402
0.162091366080645
0.179932670030212
0.194126730896824
0.190173134290838
0.177849594914171
0.159339238914478
0.143818556526573
0.142085412204842
0.154445859269412
0.161826071516495
0.161446343321026
0.167690348423777
0.193148971791791
0.205340087911368
0.195155758706761
0.195369726455567
0.180420275961549
0.195518259984744
0.211561819425626
0.188632430377809
0.199180714408916
0.201547890794556
0.207445469353296
0.206927191148101
0.210161376167593
0.211787897656034
0.192682959620402
0.203759364333785
0.207597982898524
0.224077459893028
0.210442943367874
0.21192329732313
0.230172868957432
0.236017185233106
0.243543688955098
0.2494725508351
0.244134661899798
0.242851613330907
0.258142768885283
0.231905295817813
0.21628968472007
0.202788607431736
0.175630380959846
0.16333248160293
0.166020603592186
0.162467489269228
0.16946424796084
0.182750632696434
0.179373076068211
0.180965463056726
0.199067451520058
0.209515691211136
0.195967244490445
0.196998609460215
0.207556223006721
0.20750075441807
0.224827297168417
0.212697616183505
0.209054621652251
0.218458772828191
0.200261801326241
0.199888577998904
0.194194915407493
0.191857266498268
0.192765947338784
0.188477215082134
0.193946666857532
0.19010519986666
0.191452851642732
0.178465781666506
0.161767053310154
0.150386148818636
0.136114284276025
0.141286275240055
0.140720609469575
0.152624605051243
0.153167993276747
0.161946706647747
0.165451754928377
0.166635437440522
0.178410176106665
0.176972225220396
0.16631743813648
0.175501036780012
0.188703537954378
0.206597807626893
0.211446732782277
0.231380221171734
0.223347039219784
0.22732232542728
0.243128464662419
0.227834337147809
0.236581656854908
0.260821482832945
0.248852226504576
0.265371806561552
0.253957856777695
0.247685512138939
0.219071083993336
0.215736323252288
0.189614591035645
0.198332389782865
0.188841537764615
0.204759562288084
0.236075052332878
0.234979049365009
0.213792526988394
0.192333264226017
0.201461874091421
0.187442823552223
0.177499957059297
0.182624133268817
0.190681626232804
0.178597684541335
0.181118979442003
0.183243431702548
0.187191633537076
0.170705358092739
0.16718574691366
0.159408342594917
0.16648106017731
0.15667857970412
0.167917969349153
0.170124956291257
0.15481474438071
0.155459205458981
0.159588789955542
0.141452707377913
0.153777239050101
0.148805139377815
0.177287658836242
0.181541103494196
0.182549464394652
0.178366842702981
0.181737208349945
0.201347089891921
0.204084972929155
0.211147039277448
0.216237999706198
0.190671987624644
0.190098279676933
0.204743737807022
0.209774788040467
0.203089365973041
0.214838772155865
0.19915792423082
0.190261306490323
0.173135793655464
0.182354233270046
0.174677836581517
0.173747495621941
0.16164776341701
0.173985438268195
0.157950826779551
0.161464155987786
0.161671941112847
0.162043067558962
0.163304122782477
0.164973156827759
0.170209109874742
0.155928488098106
0.154765060555493
0.159053890852674
0.161046631512867
0.162718906069898
0.173888931361942
0.164194329820838
0.165506787547015
0.16688262586129
0.16073233786282
0.1782263392141
0.175685060178939
0.182095264409323
0.180843347546784
0.171160148445367
0.168033121770658
0.174658254788141
0.179309480614466
0.20193274485264
0.197231190361664
0.204441469022738
0.224651640034923
0.241436393942131
0.242540050174511
0.233487013823231
0.236172702588135
0.2288652261016
0.270806992991736
0.250478255869356
0.211078020440452
0.199858592716588
0.184117391056234
0.177502309771388
0.177916786160456
0.176577726189202
0.157141568082435
0.168480880218976
0.174176195618487
0.179181771337575
0.195841802468331
0.196978411575347
0.203246162328141
0.210479571162846
0.197901233981645
0.203503687858315
0.193017501760326
0.228229443163178
0.197744262520018
0.182514796954426
0.153535303106235
0.17211193656183
0.179727738811997
0.183801370949966
0.196881082886428
0.18456330282792
0.192906656043388
0.17992140960786
0.193921221989016
0.191007204481677
0.198735428866946
0.201666106395458
0.21108858130058
0.209041829241776
0.179146146551359
0.168443617094335
0.167702872474739
0.176655694214487
0.17676741200581
0.183536725683638
0.196026610517323
0.202958056335105
0.195322031286731
0.187336816273162
0.220733131552867
0.252306089134983
0.235626820335011
0.233559865577419
0.227129388181311
0.23197544691191
0.213598120151079
0.219542350197223
0.237516367444881
0.253424683879583
0.23482892593896
0.268795465047754
0.271005453622949
0.253715797515818
0.226848422010728
0.244507155988707
0.226015218077454
0.213999114947357
0.205000873195248
0.214424262390675
0.198250560731285
0.219041294830091
0.21691952541692
0.217181133041921
0.223191599133408
0.224822291541745
0.210135015918759
0.233698650062891
0.229833667198702
0.198812977829565
0.187911131708722
0.189301812201929
0.200240585088103
0.196035694375151
0.196589883980919
0.182973622974819
0.191658692857007
0.190865816420626
0.201719053873292
0.20511780205706
0.185785951818793
0.183312598612912
0.191495606524548
0.193691363247693
0.208144118480318
0.206523644328709
0.196081699535062
0.19476927912716
0.192482069414533
0.216058871226747
0.228316977923426
0.247152520792613
0.249007873291941
0.271113101730196
0.262011855985336
0.2533763456197
0.230254727396075
0.247724434473383
0.244224742734338
0.256579438532219
0.254793657549067
0.240203370196475
0.228969919915781
0.234743388026837
0.215924293228631
0.217405228741106
0.226300308810694
0.245959489432813
0.237969446581114
0.220701047586048
0.22343106156381
0.21468158114015
0.201624203568923
0.192057231141298
0.179539627588539
0.166459025970597
0.159891819072437
0.156594096457566
0.163737215300795
0.169776346498268
0.175506773231742
0.162783264110224
0.171709438801591
0.191909944880864
0.204356524853798
0.197152941653555
0.205478230854439
0.191443425535301
0.177653413730908
0.175858327856623
0.170788560194175
0.182020956966053
0.164720308960808
0.176116166428757
0.199247792307998
0.228424047933122
0.227874173354333
0.190719675376097
0.172008598010066
0.166541532068458
0.168639572725862
0.1533963533794
0.163807276200901
0.174505549278362
0.166671257828506
0.166666909408101
0.171694784331658
0.173261234353002
0.163618979699461
0.147732750943406
0.13758086622222
0.132162859156319
0.128867565364021
0.128253865155807
0.132879633409107
0.132440565175364
0.129439048575801
0.130657706925563
0.138147055822732
0.15886759484567
0.163768214124615
0.189357645542157
0.215602799010953
0.219792566104216
0.213472579104977
0.210459045759921
0.195264983129349
0.165977948850991
0.165187426411712
0.171545506458997
0.188076535179361
0.189418631873802
0.221093916817476
0.240487120190789
0.221220725397628
0.230689405740824
0.208875788219669
0.185067294780782
0.18166530252485
0.190503208315406
0.192834139249377
0.17589311119728
0.177332593474353
0.18667893147776
0.200169393173326
0.208916818725717
0.195072772073414
0.186840626396449
0.17033314647861
0.173348930865324
0.164801327149016
0.157496923659651
0.159400318019659
0.148556893452009
0.155562125746828
0.156099475243236
0.15970970454573
0.165059965213904
0.191154378469115
0.204777650632943
0.211608022021711
0.201368304578268
0.191173541084965
0.180085677209436
0.169697501192262
0.168306545618292
0.17468189139307
0.186916118572853
0.174119705510731
0.177457322973689
0.162525623569835
0.173156936559885
0.185052399497088
0.198794682337986
0.216223868908827
0.219553157131188
0.225553025428312
0.213833330361151
0.221985396657964
0.201080696778802
0.200261289316176
0.18567984776144
0.204483771086771
0.20680112362865
0.203705643940497
0.192927784271861
0.197323066338513
0.193873693257437
0.1905919381341
0.206599458566774
0.204281685862319
0.218237701640016
0.210031446512282
0.187164424157837
0.183827470855696
0.195235053841221
0.212904428638536
0.229914766503067
0.247459907263756
0.22694058271275
0.200562346328058
0.16918620253582
0.176364962299296
0.176367694733072
0.185226499895452
0.197897625982983
0.177215050875704
0.177926875613571
0.168658220826279
0.170597461715682
0.180851781882392
0.201527262671326
0.196338401812568
0.190407912320714
0.189169061884181
0.187696737117904
0.188377459892383
0.194402665207143
0.190186653369073
0.195290386956537
0.205753228487679
0.193678773084682
0.164771248556679
0.158817535198114
0.150412492271907
0.163977486009951
0.158140695210538
0.161625103605781
0.174963516585246
0.173083802367331
0.176763882657331
0.170221135859599
0.188791109814309
0.179045317457442
0.172280498854599
0.179460428824482
0.189428895571219
0.190198971944471
0.214353425808529
0.202956865634532
0.209173629650379
0.20234009100646
0.190847531973851
0.181930550393035
0.185751885322972
0.191493660692804
0.190447893711988
0.196390942422436
0.185309812461016
0.173088173980568
0.164422984624558
0.161638064382603
0.143403254538093
0.146423346280075
0.153374885001801
0.149430250126815
0.155559880764451
0.170028305453679
0.165535169298903
0.171053895398343
0.190617922573232
0.186844471291885
0.187186776339165
0.188035964928753
0.184719624236773
0.171547269969809
0.182215701991988
0.170381842483188
0.168123440127534
0.159719764892635
0.165693546749751
0.15153287649138
0.146229176496997
0.149622948591061
0.175643560400833
0.166469405320267
0.190242711155335
0.175778003358143
0.169659809215431
0.163540286926013
0.1739224711364
0.161997149440207
0.175839612469836
0.162700595056513
0.160176937303076
0.175608547299979
0.175762742947659
0.174272312138288
0.180346703130284
0.176597745495936
0.172246015492771
0.160444100768632
0.160458215705264
0.17439400659817
0.190877588626826
0.202479318849504
0.221390556591907
0.210276565359263
0.203535776286257
0.184755460947978
0.206400781940906
0.194715655918124
0.217411821349512
0.243638988062973
0.212562252835433
0.222391096526847
0.262810376359747
0.274545858363606
0.253435821467663
0.246171089465488
0.234245176108251
0.221059625867963
0.222271070825448
0.222198484296407
0.210740912034168
0.209878126965975
0.195664478190026
0.178724037167646
0.184943469599406
0.190651268738259
0.187791466589067
0.203697254608636
0.192787377141903
0.200800093795777
0.218196820035598
0.202848969743022
0.191838884725123
0.193997329175211
0.185614804167689
0.197359383184664
0.175087580719718
0.174956613959773
0.175166018347823
0.155376754860018
0.148651248642387
0.164186916283315
0.175074793051305
0.174468573884743
0.161822431412095
0.145673417158617
0.123980140904115
0.132988532360108
0.121991062791505
0.126897088260899
0.135640607439964
0.143027902587588
0.159631688516199
0.157334179149675
0.167715830070433
0.187125975740194
0.179794769760196
0.177938974638433
0.207348148334879
0.196270256277183
0.207553641661871
0.201949254776336
0.171270421932497
0.170264885407896
0.161161423482502
0.171853124709061
0.178341495237676
0.150991735807809
0.148790471354982
0.164767138076631
0.158039615416178
0.161307609758938
0.140874081639178
0.137515349297866
0.144956885058929
0.152584376160136
0.145223312847232
0.151897877819735
0.166734727633959
0.175738890399073
0.19039872544742
0.160007390966427
0.154153761092851
0.154112042592525
0.149846695914238
0.155219141605596
0.156973946382217
0.16041071544303
0.164812803849367
0.17357155643133
0.176185347660863
0.188148616217431
0.176840927700091
0.167728632571379
0.157941444365114
0.153962964584473
0.154051928041011
0.154541255607735
0.165381119924142
0.171836814917143
0.188573399956637
0.212333517986813
0.180916130838811
0.194792020217627
0.164974437469048
0.171065914536602
0.170800613172886
0.157762914524264
0.146736740387801
0.14591971944891
0.149593862582835
0.145417363055567
0.15016962636924
0.145389439246308
0.153630320404082
0.15254344587691
0.16103911154452
0.186070146767164
0.1908971154764
0.190706002034897
0.187715974823753
0.196489859657286
0.1759647780513
0.172132961072404
0.171745022928574
0.182894215829129
0.19522621818682
0.189250256441515
0.19953552346716
0.212162059257445
0.203281717086825
0.21408102352148
0.208566414279697
0.204634095777695
0.221045146603471
0.209500119742291
0.218380890540752
0.226857900174852
0.22867294246129
0.206947459441203
0.197677590911094
0.189457222156182
0.177288596042405
0.161586634665496
0.166003543338957
0.189798024646451
0.197314629312941
0.203738521359385
0.219917371520104
0.219105604534609
0.192510422627057
0.181090268322193
0.182137353190185
0.185303018170266
0.172306422865964
0.175174499059128
0.142015432546009
0.150369511934485
0.159666985006833
0.141026760954325
0.150804743281332
0.147923844616065
0.15259607469786
0.155563043910765
0.146087548678317
0.143914608853878
0.136868800486012
0.137470056970485
0.151325119986068
0.143075190438074
0.128582539389942
0.130269779118169
0.139071856656394
0.127027688531635
0.121418699370794
0.124595962090135
0.148921886934071
0.153720498141957
0.144497417878166
0.150205570508308
0.15674151708306
0.170529152171139
0.178111479824795
0.166275577386829
0.160741820206282
0.153160638518768
0.158524521998351
0.153395838008405
0.159615159165611
0.155766065006265
0.137413433321945
0.137592624849042
0.139494471180426
0.130099232352413
0.124580925616404
0.129501227793625
0.133845155064116
0.131645710654574
0.1414936207883
0.146551355744161
0.160552259667432
0.162158898010699
0.160683466557899
0.186042458393282
0.155204447218548
0.179426943834487
0.181444918078129
0.207122011723085
0.177751070940228
0.151927950833351
0.145632776016123
0.160751384892814
0.169512203493146
0.136131265216775
0.151185169294055
0.160558881109093
0.168797485946072
0.18350795832633
0.177614226911656
0.196420768490333
0.186390939746419
0.175622646814294
0.188764986623269
0.188102623825275
0.169333893994002
0.170418002775751
0.155155254485664
0.156065320807133
0.160069802854171
0.181419712565305
0.185484894251207
0.150860457457066
0.158702461680728
0.166391681052531
0.17190267808507
0.163715472524749
0.172708345093018
0.182592970503577
0.161338999054352
0.166851186294859
0.174164945063059
0.193377781737946
0.19457941031223
0.191079086035449
0.188659290763203
0.174033465139414
0.176996167119722
0.173465764823831
0.167409043261547
0.162780261857848
0.175937766166868
0.172613300510962
0.179292432575885
0.183901565737663
0.179245076615902
0.173684014730491
0.188859096324868
0.192799603194047
0.203957838091738
0.211404607223983
0.213500477208212
0.208094718484921
0.222123753671178
0.196208134646536
0.217963659684607
0.225944436338937
0.208694414709599
0.193660070199038
0.194308720636261
0.168387833480238
0.171668421610797
0.172895810438032
0.19115872204661
0.193076370237538
0.192635114405787
0.19233513520067
0.203269959517214
0.229620084554005
0.19395477580815
0.217407531729572
0.221498343454586
0.212116730415743
0.192851866371715
0.19426931908972
0.198546266108223
0.230137705295297
0.223752156040367
0.214629174500763
0.208098982865594
0.21075416373736
0.221369771658098
0.197241022072173
0.187927933458477
0.193425978111881
0.199750975052232
0.166551641624798
0.160150731560217
0.146117836728294
0.152550942064761
0.170249337941863
0.167508545798688
0.157241764720085
0.147021643600875
0.137369665618322
0.131522751785462
0.140594866026776
0.157469698071412
0.157703527816909
0.161129666972788
0.179494371351071
0.174149511177176
0.178112378770489
0.164878737067259
0.174199077492995
0.17997910517372
0.162492119870874
0.154474832346817
0.16846578496165
0.174187105318446
0.179946328662892
0.177017615421968
0.187087650342965
0.200180105413052
0.214966809612104
0.212721067260988
0.217040854740909
0.189202021358883
0.190632362703521
0.216254589119468
0.237071906122413
0.239866035283945
0.226467959517173
0.237566397958861
0.208743387585811
0.199140679100242
0.21371161466178
0.195303348705689
0.204477764193238
0.186069691975834
0.20601378060036
0.19061056710718
0.18799451736718
0.192948408179558
0.178281130735861
0.203348282506539
0.197040793478658
0.18791570243188
0.180618763203836
0.168367425028266
0.165371792738446
0.162000727040408
0.162886143662677
0.150894830352618
0.151884207602925
0.150811005908054
0.16311488984159
0.156453954372947
0.152476594563907
0.152974145037492
0.163203483819169
0.161162776525802
0.145577149809691
0.162644990084585
0.17766261013746
0.185724035429007
0.167300254214854
0.17132101551325
0.174824028867239
0.163310805934414
0.164994628032748
0.18040624231044
0.178325287255481
0.188128499635516
0.175194953362415
0.175985414338021
0.181297934202256
0.178607348994502
0.181505099298379
0.191813502431
0.197157244677109
0.203842120481951
0.196035305074935
0.191910191610775
0.171916187713024
0.167605559953793
0.18162601090604
0.171325256565828
0.174195061367542
0.20279215804922
0.201043124583753
0.184547718440146
0.163512853230491
0.154039496638102
0.150601317817228
0.144763501462178
0.131805470645436
0.132947046401523
0.132915870529713
0.131018631746762
0.128699488811393
0.13209664360609
0.140388097671929
0.134972176108164
0.140860652310859
0.129481103631568
0.123612860258058
0.133251688610552
0.121447917029626
0.139465768095257
0.163525425410982
0.159263596995965
0.166379017061388
0.140234964460921
0.138082901460621
0.140428416451167
0.160194330675645
0.145488411954882
0.162815800795641
0.159388859886694
0.158592120931074
0.171425980120588
0.169757646897062
0.15865453296722
0.152299599023572
0.145547524297772
0.139519770656252
0.130767720077217
0.129277583905431
0.14251693740034
0.127463973630447
0.133477819024939
0.141585743883661
0.126231730378144
0.119847330469898
0.128274095904656
0.124030885036316
0.13286893063128
0.129383243328847
0.137763262536228
0.130310162666973
0.136432336138786
0.127952129822229
0.128036905361082
0.134022346680431
0.157414999092499
0.171616486601703
0.183715342536098
0.172320888960695
0.173196528592123
0.180362580873221
0.172405387708446
0.173525816481138
0.173157614518519
0.16159309449314
0.164633520246426
0.16955330525733
0.165160423386678
0.16561261489225
0.173885084366414
0.159218565182843
0.145936968651679
0.125818621750534
0.125711149549606
0.128110547796611
0.115546139086911
0.116624527803525
0.116392849059854
0.1165358234727
0.119606772380941
0.125238954107262
0.127275085669744
0.139743290006854
0.123890603978352
0.134296512106522
0.11649365002934
0.121367898255578
0.127352657118094
0.140383315024437
0.166539586786312
0.1755218920779
0.180313037396815
0.184990436578973
0.196222901828287
0.20886848501262
0.226732985055807
0.248640911173951
0.260440883805401
0.25005673954423
0.226286760399973
0.23853444165358
0.229607477845596
0.232658736340118
0.232498996293336
0.205891544529301
0.202485237598307
0.207877519086687
0.192563478952374
0.194276564087702
0.187880879075783
0.194674569142332
0.182446429802231
0.173341969830793
0.159007669008449
0.170193583970416
0.169231732780329
0.182664704634391
0.186825445351937
0.188378103866892
0.187387689154161
0.192863440937671
0.187771065520348
0.18259485795649
0.184197118267117
0.179979119793153
0.192330468724424
0.175789233876474
0.170868595476335
0.190606930528554
0.179446429987962
0.199486432753064
0.183568472707888
0.200032033224145
0.190800685129565
0.157413582388285
0.147166386704115
0.168629214299469
0.166650851157316
0.15877551370029
0.147449723085656
0.16375155791924
0.177450196740824
0.185565887131982
0.186866705648777
0.191451833590763
0.187255326335272
0.188209801459603
0.187534165304041
0.198014297381717
0.199876224945188
0.159545732292385
0.163891802097031
0.164331661575543
0.158895075511883
0.171545941153269
0.186603063424047
0.170215726437418
0.170347008690501
0.164896424405444
0.18726799920422
0.192493952793143
0.195689226433395
0.202030953513372
0.212491854890138
0.188489020371136
0.182816200784018
0.181072632960004
0.188115840962354
0.196268519285408
0.185377323913569
0.177508997925229
0.17637781410626
0.152356193875904
0.14976112530945
0.160166335346487
0.168508887741913
0.204144661778223
0.200185198288753
0.191889038873048
0.171039465608574
0.17007028407048
0.168256831332502
0.18017648348339
0.161309905190291
0.159878621847627
0.163820063016751
0.164032209670686
0.16714028565652
0.148992019994169
0.159090888384578
0.156368769727245
0.149344264464102
0.15813529587991
0.160085469273456
0.144562533810683
0.140539898920297
0.155062102807921
0.162368064729703
0.180650401300883
0.185465068911554
0.184451545766418
0.198116480789308
0.200288804024225
0.198633112676306
0.198789257771309
0.181971213755915
0.19427457161257
0.182476684894024
0.174779613571079
0.164331532176168
0.182606440704178
0.176844876581081
0.184734519137497
0.200478758317158
0.178173831846625
0.188689978277655
0.203603143491868
0.197305424468379
0.219031535365506
0.239268157387006
0.21867564212287
0.206591021531908
0.228365381189659
0.226862687880759
0.244489874186034
0.225913481419228
0.239217462070779
0.232049031195786
0.238723600902801
0.227706666672277
0.208076678866209
0.20773625115844
0.205090664947322
0.201957206489249
0.180120304937935
0.162376755655997
0.166302089723854
0.166682413207747
0.158818370624208
0.175307902523774
0.181014510788017
0.169931141699816
0.182933483349685
0.184403941686807
0.171705894790441
0.181871927542496
0.214856627623344
0.22825200910225
0.217272717566099
0.18759534033863
0.173835274491513
0.162426672317655
0.149601969453378
0.155507321810785
0.154030893150192
0.15994395990671
0.177274540824841
0.166302147971227
0.174674192307789
0.189203456846031
0.190225280901453
0.186754124615797
0.181081244781442
0.172532670600817
0.172196259465741
0.166606474062473
0.156504384597147
0.168208286639137
0.156989178038362
0.149952714451619
0.143802947095978
0.130887862140266
0.127200459493082
0.12239064875605
0.124597255947271
0.117874633416026
0.13104553263527
0.142996439440175
0.149436160911768
0.155011939228504
0.160535203340954
0.155677459119199
0.171931871055044
0.171327334023155
0.152292952707803
0.154018670547092
0.154534458771538
0.149925395909967
0.173565617837509
0.180205060864939
0.166172537249226
0.159746114046706
0.16505162972119
0.166097037244705
0.169436804964014
0.164017057856624
0.173342988114161
0.163041855805812
0.152799649152634
0.149555099288641
0.162136606817791
0.17214690688364
0.182225873135697
0.190513936629769
0.176623202180124
0.181114437186862
0.173572533079581
0.169159541471089
0.179237049026056
0.168742664435945
0.199815960433708
0.198867873691949
0.197866849171911
0.192251456424859
0.178308556684718
0.182934166492016
0.190043111820699
0.190071033849792
0.181172353002856
0.167945491760566
0.162330078344577
0.169043569841238
0.185607245459819
0.188095549767677
0.166470585147236
0.152074486028613
0.147617357333422
0.166758826650371
0.172576734319417
0.139518286890491
0.142150327196337
0.143501479640319
0.156884212583062
0.159432250873842
0.170202523793801
0.178853452721572
0.172808301701101
0.155048684793991
0.138651883753098
0.146682304244641
0.15291260011249
0.156947924589485
0.157985945761638
0.149088568715181
0.136987313915768
0.149356096425635
0.145740829837172
0.152823619019325
0.148754271821275
0.160750046062357
0.159462741278811
0.15607089893658
0.149160790113853
0.15026704064631
0.147262214096027
0.158881496493154
0.155536062586522
0.14240147621895
0.14112389066474
0.156109144873117
0.164132850115143
0.155345715753533
0.155460171288686
0.164144400709486
0.171632712543101
0.169586325903671
0.158250873213261
0.171314987436379
0.171856898464316
0.169586932558776
0.145646124609919
0.140099960954374
0.155684927807972
0.160546341273789
0.153571775492426
0.13379447491478
0.137624782141851
0.148851662722387
0.155540888310883
0.158932838982701
0.148364686613807
0.135958606782971
0.128214761964618
0.134905569132632
0.143232423776808
0.15432754734487
0.174025506093833
0.155116135406345
0.142715927760335
0.163107007494905
0.17597008427479
0.202588420850063
0.212308653412386
0.207303996596658
0.1921423106267
0.188636729738039
0.183095240047696
0.154815723531334
0.146206527012246
0.151008942982993
0.13614129368963
0.148637874313818
0.162448089855001
0.160760047612729
0.170931624644192
0.165847225473966
0.173948715535524
0.171417771043155
0.180077538201382
0.169822695511035
0.183011728005979
0.181554902880746
0.189997563333752
0.197164671208525
0.188718420887445
0.176926881370471
0.171767925054693
0.161774339399018
0.175275228685465
0.175145950700731
0.181308497141111
0.171138026722216
0.185167677673023
0.205505330245741
0.219855618982169
0.246433797299395
0.231523956660018
0.251560047901217
0.231532920460556
0.223257669999925
0.227088432377403
0.225381171778301
0.219414247679706
0.20131258289931
0.206852950485009
0.202724097730611
0.204582106330318
0.216535654301891
0.235893173530322
0.253658851602187
0.250827973459019
0.25242563514234
0.267487841760341
0.256019107724322
0.23762157443572
0.241781355293714
0.252527631146226
0.25580412931208
0.256747600354187
0.239720899796969
0.224959715446012
0.226948658307722
0.236574560839244
0.24634505091867
0.239767631986074
0.230867466309605
0.223193119772493
0.223918807666221
0.238831155360931
0.263204039595584
0.268525563635873
0.290791543137088
0.282946147401582
0.248730177980197
0.238426867224825
0.250163043486331
0.241051118974477
0.216821542016114
0.201848630820336
0.178865462472338
0.187316332464513
0.192825054756037
0.179955778188259
0.163311129873968
0.153098170491966
0.183887653232609
0.188599266993478
0.188433609594777
0.184193722055604
0.206083017419425
0.197254841267424
0.197410942365519
0.183903460489705
0.168689054890324
0.18899268996018
0.186564983665369
0.209824303931453
0.18897998836931
0.18324694593346
0.182754006149526
0.184996283715384
0.161620802581511
0.174075277577499
0.185865297296703
0.183528928543626
0.202596343160012
0.200951448815303
0.229366561309804
0.231175977192403
0.212064358155736
0.217881464136243
0.193274039032459
0.186830669988551
0.217455475685529
0.192925940337763
0.189078337196367
0.191520718689577
0.204157430351618
0.193000527071027
0.177035261499477
0.191970211730199
0.173736542864988
0.176730160645048
0.176736832060661
0.164969844730345
0.144229434942946
0.137857827168199
0.141294481551423
0.156689781513424
0.147944175610437
0.168099134890568
0.159496447152675
0.155271986928682
0.166456851150104
0.194915051960385
0.184300137196999
0.172468249543962
0.181909610575485
0.197545963515524
0.185431839461924
0.190865097384674
0.170593590088231
0.173674883876711
0.165401872638065
0.161622510624787
0.160264085076333
0.151695414731919
0.141043204267292
0.149172879037272
0.161236700473548
0.174700592270738
0.17292965686275
0.179860266137299
0.172355904265723
0.15756850702927
0.15050157223408
0.150899246804455
0.151058455682301
0.154666627090011
0.148416488758759
0.148413714974856
0.154494574770508
0.145891410087341
0.155868221395861
0.169116966141958
0.148715262191516
0.147047129474902
0.145822086768424
0.144932163711333
0.149252835547659
0.151339737185023
0.171866773495664
0.175888587236851
0.167009249046951
0.169297556008729
0.177383630933221
0.16358091534393
0.138762561380166
0.145853648324859
0.1535420214872
0.142095404337027
0.149693162412442
0.145109949507883
0.135492631906334
0.147296766290955
0.145819470012369
0.134819538057662
0.151926977115857
0.161351152265386
0.159524938342892
0.151608374746203
0.154255033362808
0.143864095657908
0.147135742094514
0.149540816409157
0.150407986874234
0.161527967936992
0.154605872676143
0.141829355872202
0.146548510810109
0.151069646477292
0.147653834424393
0.146228063017757
0.160786854012531
0.160573404320254
0.15785561000538
0.1628984309818
0.168464272643518
0.150870967310751
0.137969172544838
0.151121543674718
0.170154928266717
0.167262160827351
0.174521227556482
0.165694246496794
0.148121904390627
0.163061523604639
0.184815174770238
0.189835873132116
0.176556354663128
0.179002301654009
0.182638604699629
0.189898718435428
0.178561399159688
0.212767928046755
0.219512623435966
0.223535073579746
0.24211897901774
0.234975956997712
0.219025557094233
0.21486303174011
0.206543455333114
0.221313343749107
0.213227934676305
0.19302066727128
0.176843956935351
0.185682990721491
0.192179174156386
0.18600035846195
0.192857068558103
0.191920657662496
0.188707193097039
0.191250361693735
0.193575231974866
0.191132137435451
0.178314896125775
0.162803803850785
0.160594436307328
0.170036376240692
0.161165648182298
0.158943543706576
0.149560849801065
0.143929916097149
0.135781219023038
0.146404269021573
0.156480152308236
0.135451025216238
0.127221869112502
0.112612839131631
0.118076628642067
0.123086807756072
0.122214471627727
0.117662145244302
0.118277307047737
0.134946894085322
0.140426340444343
0.123865789147984
0.125962008999934
0.130138103723501
0.12290004089036
0.122180427261132
0.136619696508336
0.131503548771254
0.152758877153487
0.144389397501514
0.158387166225653
0.15277075431164
0.155210923422659
0.161766280899807
0.174984683720375
0.151059118729803
0.140435698266886
0.129150049771943
0.12941301471173
0.133831513208136
0.137005772774719
0.138771938675945
0.154305961510856
0.159732749213302
0.176509015751252
0.177435504987111
0.194758427548525
0.202871766811388
0.18063499959911
0.186686521359962
0.176893080774885
0.16927716907876
0.174436947580468
0.184240005006683
0.18921460151126
0.184173877659735
0.192113160383568
0.203133802542822
0.190600338818727
0.188010794838623
0.169193893831092
0.160407703857362
0.166427009314375
0.171772200614758
0.174301985664354
0.180317810501873
0.195142137566975
0.177452672559911
0.181836127471991
0.168610655392707
0.168392777373866
0.17437349954277
0.166305643067632
0.167836936317928
0.170067582768687
0.179324383909487
0.204171993927706
0.199959430959971
0.220344048277625
0.21705753706751
0.207640100196125
0.192134911035862
0.184970572225361
0.18892661688552
0.177856395995738
0.161999486288033
0.156507944916724
0.17329534575032
0.182901041617755
0.179812032846313
0.182697357766455
0.187602169417525
0.184756174203255
0.186392216912313
0.200033284289771
0.21714376972807
0.208642954847937
0.213916472195021
0.21197934474444
0.227914215801509
0.209490817858602
0.183858521420695
0.191916439867164
0.199894088272557
0.183363472497179
0.180401866554139
0.206463544650281
0.200461482868778
0.185785106989469
0.196754040991964
0.182879093127423
0.205872151958587
0.195752189194329
0.229108140949741
0.24632608606392
0.249941373497689
0.273662744933043
0.254172114218079
0.254770546285253
0.248578596718474
0.269591448772367
0.251464377642858
0.241908024819738
0.253827573273729
0.262024010838822
0.258019488925333
0.271063342176909
0.240136830263343
0.253622292093998
0.253563211762182
0.243781783651318
0.242386809220338
0.244088179918331
0.238636942375102
0.218177187539917
0.214868133708833
0.21974923482612
0.225319887736254
0.229092471572627
0.254481069490984
0.27850988361911
0.277237169695985
0.282387181331399
0.294498145499207
0.322536343590289
0.342432751267587
0.365605154930527
0.347796425738225
0.338016208481544
0.317714912576413
0.316254197870609
0.280598656195664
0.286737606922352
0.274499671530407
0.256486958930099
0.257397692830939
0.243289122577044
0.227261866431016
0.257276735154549
0.247362402696638
0.216887987706862
0.20533859521651
0.20098420120941
0.210918869556956
0.201773749203221
0.191959181898729
0.198969902541513
0.185562266973841
0.192788815318655
0.196991114662678
0.201894041768841
0.203935476578643
0.195928611625803
0.216845118356464
0.212144872880567
0.232694193955662
0.214960565650574
0.206527024614503
0.172054791496544
0.177087189294931
0.178150699028169
0.145160279097574
0.133948269759517
0.127381151506022
0.140822553675065
0.147965635675729
0.124124543141735
0.119975987338822
0.119944525348051
0.113233180904341
0.114507710070239
0.13805147484622
0.146877857090708
0.144105601248921
0.146134137351357
0.125231958618717
0.140453488353227
0.144518264161278
0.143649370232383
0.148694286597675
0.159157266888091
0.179773825078734
0.16674299060546
0.158876410886631
0.160943937953049
0.185224139244706
0.181037532139179
0.167022686884295
0.165284229183626
0.181923669098342
0.165530734928528
0.142439370738084
0.146440226018553
0.148152856483252
0.16762764791471
0.149949390625901
0.175110236731085
0.203530823746182
0.222535738822261
0.233587383846486
0.196235479888341
0.179778166342274
0.16567883955392
0.156130383573524
0.175679550582647
0.166198862093042
0.147847100635166
0.126511587738158
0.132244081843808
0.125079236454093
0.115591343437486
0.116029091228009
0.11945479207765
0.120394237407813
0.114950398135583
0.116229374366599
0.112454284568867
0.113445105054255
0.113140339011653
0.115993486318272
0.130067292471439
0.127667725554673
0.130397779434057
0.12871460396272
0.128392940185264
0.125501887084606
0.131046027333118
0.12830508818297
0.145497335792892
0.145227977357979
0.129992371829067
0.136992405775288
0.137371430641172
0.13199235396433
0.129222740175906
0.134826797789509
0.13435086313038
0.138553956562309
0.123590292749982
0.123809562460542
0.123168286011028
0.121375222940143
0.128460382103633
0.144422900216226
0.159491243763053
0.152585861832236
0.166634605523972
0.180137287265895
0.163405793427391
0.162000634810059
0.152280541759041
0.165231009022101
0.169154751903365
0.162618014964932
0.159232691407631
0.165398525642907
0.173556556878272
0.176408553536654
0.155267848251841
0.134681130515036
0.137099502391224
0.14476399964237
0.13585991173849
0.137132167885306
0.150703751055016
0.145774203432843
0.144468589775416
0.148356919320804
0.151365319422565
0.15094883419632
0.148396822414553
0.150076305374493
0.150588312745708
0.136473221451532
0.141876627797411
0.143190357323522
0.147170295161862
0.138261399195226
0.124735235911306
0.133661130663041
0.130387980977069
0.126543975914481
0.126267756178365
0.141306658306608
0.131955470775532
0.131712731060859
0.143639024976561
0.148727902723208
0.152818065511656
0.142036729086384
0.134528250442732
0.120135514556824
0.116534582365065
0.126101394031754
0.137452040730721
0.169310296709795
0.15714560065059
0.154459973528354
0.159072093634371
0.148018207604618
0.159728932090112
0.155384275485736
0.136781801286034
0.121924954145895
0.136737272372748
0.12392680288522
0.120682369968752
0.121492819007707
0.131490662724454
0.128634628406972
0.131731403397363
0.132057912718173
0.138376351048551
0.135973535246766
0.139347971849894
0.131011736726349
0.129483452499838
0.151598380022153
0.151316943786634
0.168370630543851
0.173775617493605
0.150664317805629
0.154625011983432
0.154796209490495
0.144236880618189
0.144523975746422
0.152274429097956
0.151104680339894
0.167566976734409
0.162106384130827
0.166937186198746
0.163069112454914
0.177236040118542
0.177367464166285
0.180917529026727
0.192526323082636
0.18310659423939
0.179314630118423
0.2084240496464
0.172084410525742
0.182899861678745
0.196050198515669
0.209794884024163
0.236197113679836
0.240333325686246
0.223916868661798
0.218928717085294
0.207560362712679
0.192916602995846
0.187465829066835
0.197741476769519
0.204973919537405
0.19226706111906
0.200594477286488
0.19436960318209
0.212924744692839
0.208272640589036
0.244565713935375
0.240614450977261
0.232120859819706
0.226390298295762
0.218806498457785
0.202822443715475
0.192905722334357
0.172583449916527
0.169661034437196
0.183641809897239
0.184302368723857
0.163190706556418
0.173402307824458
0.184273806853409
0.2018530109102
0.207722960779487
0.209964466430786
0.215358166242445
0.203127580644371
0.194282637377962
0.184888106315109
0.208298160026582
0.199830539695855
0.179059524217856
0.185652385010105
0.183600406180291
0.167603222086559
0.184844411048527
0.177530919657118
0.156554461963874
0.154365818614966
0.1558973098083
0.138370505417332
0.142067154975666
0.155424919501262
0.180381731829598
0.191227544897951
0.18631405794225
0.193211953701264
0.2228848433473
0.216037469853391
0.230003231308965
0.206778144685226
0.199491134265316
0.21585304965553
0.190727439505653
0.197016541048616
0.192035197930572
0.194222464128584
0.214723134719316
0.196304238302896
0.196912290980678
0.198679547246514
0.192499054716878
0.179813974012366
0.159966479629886
0.153925030324359
0.144992991814817
0.137628432880581
0.13746275289603
0.125117374829746
0.136853340279765
0.143106857167776
0.130313996893003
0.137208259760457
0.13567579500559
0.133267478083351
0.131422879385649
0.123853485617448
0.132683670994399
0.122291252100321
0.120422933366276
0.122191600463742
0.133325300703353
0.122342769045251
0.131386343366347
0.130038964965866
0.137574285034144
0.146412281111711
0.143557724847456
0.146340452319884
0.149898024141584
0.146848971691423
0.155282649888795
0.16127396952572
0.157844127582888
0.1625766639554
0.178816168654895
0.181653147647888
0.164549087727397
0.154030101410366
0.155875519488589
0.150534163305765
0.152850495346712
0.149515670943778
0.154277007483385
0.169779662010909
0.170589992768748
0.1515617344867
0.17080426492972
0.172856395470579
0.186905868334112
0.176851753146116
0.166639736684304
0.189094303462106
0.168077980879837
0.160495241777766
0.164497794144175
0.15644698993281
0.159410672291684
0.161997826171305
0.160579736440357
0.146874949576884
0.151283760118956
0.163094441836827
0.160915621306987
0.164117954729049
0.152456304403964
0.152304147572102
0.147875980264718
0.148861838870194
0.164526723802773
0.149608367407645
0.162026617104769
0.166483141949473
0.14725491502112
0.141421794998019
0.138366749148268
0.120064693087467
0.135175665931318
0.13450237216801
0.139592887144111
0.139939752805045
0.143064780615723
0.137817815994568
0.148031634132387
0.139443154319581
0.152014869592732
0.175218228015951
0.171524807993624
0.163556926982284
0.172313234161277
0.183388863496089
0.173250022552165
0.164837686449251
0.149898025313388
0.15378187335873
0.154555868833978
0.145761481412909
0.14524048882183
0.153034783297891
0.147839106033816
0.149914716336852
0.154851158244741
0.170951794717986
0.164132364424219
0.177243875866562
0.176551575760878
0.152732208279928
0.152287763403116
0.153512829242763
0.15203847432243
0.138937909518068
0.128431075056006
0.125618270667969
0.121727316073497
0.126498333213437
0.129043205243393
0.124156990940044
0.122099800393221
0.12085344402998
0.126870053068449
0.132642420762824
0.13967924259978
0.131053981902696
0.134003719299752
0.142921554234833
0.152878186377906
0.1542526836094
0.175299500058741
0.17385706640212
0.185476488087618
0.176394688339043
0.15340087535095
0.168125946916673
0.163035673533316
0.157209086481045
0.162777274481104
0.152867385467398
0.16724919081351
0.184086945575489
0.19030186785033
0.175297183422823
0.193183839804348
0.224390647096642
0.210028165282913
0.200781301415163
0.195646575983314
0.191725860030331
0.190428880576332
0.172484018261411
0.167090930374803
0.16915475306165
0.17063849413189
0.164942250348819
0.168190539933599
0.174773067891388
0.162070162421626
0.168349065356748
0.180286498399553
0.176951505542898
0.173955531238971
0.176001098446929
0.165876758521933
0.179667836760509
0.165217357904691
0.167172062522023
0.169329549556724
0.171868593219135
0.157782445422129
0.146617805641636
0.152288560987341
0.163319449832983
0.151185697815501
0.148652979859553
0.150415706334282
0.152358606711844
0.14835755399495
0.148835539682142
0.149607406257114
0.151908245511041
0.151956511211611
0.170603853812822
0.172689500497816
0.172703038230664
0.163335218283437
0.16556968823711
0.17524082989931
0.167954887602433
0.172748981658804
0.172796080843468
0.178995426793442
0.175937990324797
0.19872073156234
0.214766904827052
0.212105852242182
0.183258938297288
0.216161655793939
0.206756529749094
0.215970214522341
0.234474599935022
0.257041333638869
0.276970904138159
0.30221678582189
0.266196272786535
0.296076504786358
0.319233972726532
0.303068590325796
0.282801439003025
0.264965120369438
0.28683920890748
0.285555431835992
0.28524137266784
0.284203404777929
0.289662804153189
0.282666205529911
0.271054543706306
0.236852637177339
0.223607210656811
0.241450894221779
0.250577075653193
0.223146403138364
0.205221382714349
0.204026604240995
0.193338113736855
0.205027912892378
0.187076933543175
0.217823345867886
0.219683270534962
0.238652606367064
0.237016023411015
0.23585572083435
0.250089958986791
0.236307449998025
0.229415244041334
0.225296228060493
0.2314308785808
0.210648350052736
0.217767892005566
0.21253587669279
0.198607688763235
0.186648821838018
0.187168380608043
0.194377062002332
0.195106452692871
0.192156276659044
0.191226269197643
0.195154682624097
0.176403914716869
0.180474773944874
0.178548026716616
0.198134785781274
0.196088773881199
0.19203845430518
0.193832422245236
0.179987077839914
0.195757291810012
0.190482044858518
0.204579477085942
0.190777051565438
0.177210915409093
0.182403470578681
0.204207610305606
0.20301185872098
0.205257983889517
0.211082080819589
0.20788091425077
0.211080643086944
0.2119718109151
0.211180113283762
0.19806138301959
0.210601051784168
0.220531258845825
0.207465227756696
0.184811055073711
0.180519944179491
0.182523733569843
0.171745152033316
0.176419067121168
0.171881561014336
0.165213399068236
0.157864225277626
0.159319626932232
0.14165091574633
0.145789870000436
0.125816802634588
0.124265173695031
0.138955600253691
0.135316156528752
0.129016681221373
0.136522582831895
0.137913293659823
0.140081991002512
0.13679676258021
0.141722789334856
0.140045682111331
0.141192020411625
0.143108321048567
0.150836524307762
0.161874496995873
0.173943044779942
0.157221924574227
0.155912343523261
0.153128319916449
0.138466628342785
0.143531810476464
0.129542738085052
0.143021804454467
0.153859784092832
0.136815036202768
0.130551716899477
0.131781679179723
0.126942789936055
0.132925061717488
0.13241669671508
0.135540946337693
0.143847928931777
0.138917400342483
0.137684190456795
0.131121871709104
0.138105839604797
0.132243004809298
0.152599807765117
0.162819015184846
0.167290315620272
0.166848484137217
0.167333129571637
0.15319631038633
0.162595219119715
0.176908405177956
0.19593568316064
0.203947060447167
0.220544149901809
0.228464685784666
0.204343685158513
0.213355074054132
0.181683148594028
0.18115779477335
0.195725549522629
0.176693008380622
0.167373221335583
0.177635380757082
0.182976899848407
0.17587322592918
0.191281095611675
0.186885053925619
0.190532267330962
0.203049114692166
0.190505645857269
0.17228833653123
0.171919063838088
0.159885541346924
0.16809227468188
0.180501078951793
0.198565567317263
0.210226343402694
0.219002343431937
0.212075311292457
0.241774585129295
0.215336700141039
0.198548698149247
0.200821298099093
0.177535838970483
0.176253708114036
0.178721763802226
0.191445593446782
0.183953317823082
0.187273334295325
0.177566414517514
0.167148306675569
0.16384071287875
0.173460313833939
0.159543093613706
0.169633609045448
0.147148712565441
0.141866648489728
0.139974309405383
0.141182781884147
0.141001428352615
0.127474528212606
0.153221404402667
0.164275990824581
0.155952585186163
0.145015858810153
0.14541756256584
0.148915852483195
0.16125895170046
0.167610112745779
0.166542612373235
0.165038002365148
0.168430044852906
0.158560308134114
0.163501628386068
0.17185453514884
0.175402988749112
0.184176927230947
0.218464978007312
0.253668337586744
0.272775301998326
0.244657551854775
0.225336764483007
0.224431148086956
0.227985301739363
0.237084412576106
0.262242441475405
0.260811535373448
0.261923762105022
0.259824842679905
0.231261895122813
0.226180053771417
0.213917834388705
0.222068005584844
0.227645566627017
0.222127433403172
0.225687160969685
0.238690741086326
0.237656621189725
0.225630787693148
0.228638552151764
0.217825486695081
0.20782856944968
0.196245069518037
0.183375752699082
0.186044716098608
0.182892644673411
0.181981405775133
0.1831092727267
0.167339505586506
0.168889716448538
0.16355168447549
0.161881429370258
0.158439169387015
0.172892181379838
0.173328997064984
0.182486162641056
0.19223642992935
0.198595702034594
0.176881102249296
0.175711487821763
0.180624212027002
0.175287433814103
0.190221216514074
0.180852248938916
0.193091526552567
0.190239559366535
0.20617820670342
0.213172679027269
0.193648128822764
0.18349600611046
0.176189366099778
0.169754151382169
0.159737574951514
0.162438299545047
0.177284304195216
0.190036149574022
0.175955124639511
0.163762640013586
0.156952836423443
0.179914805942596
0.179655801381755
0.191309549846344
0.198452477694095
0.192111795969732
0.185508914010179
0.208132414368823
0.211157657393108
0.217598087833826
0.249253448719137
0.233500273383032
0.236317994434978
0.22746110768871
0.215405294560517
0.186944601881101
0.208980206343991
0.20886587425763
0.188509964114243
0.198128355064326
0.178200123096372
0.150906003817462
0.160370773795432
0.161550425067012
0.154708482165323
0.145211210899985
0.149162317443177
0.153957615124807
0.164489961771418
0.167195944563528
0.156036549450245
0.155618872309526
0.162637849346429
0.155898170545088
0.140860885132308
0.144015636892758
0.144494637898314
0.153089334940572
0.166044169166285
0.17542071406389
0.165711911579039
0.164783197935699
0.177201337307915
0.184290525010993
0.20403753769579
0.215239157100701
0.220164861918753
0.209206930731446
0.211697014012045
0.179123370919885
0.184459306826758
0.215175208442695
0.235942720664824
0.200429863342057
0.189234481206337
0.202351454979562
0.198048635269034
0.18707182947191
0.178216514600726
0.184507186208139
0.201981993967993
0.196813715002869
0.184000062745008
0.161213622921431
0.178687769535961
0.194532776240791
0.187043356399904
0.174253305286477
0.17334732941567
0.178662313259339
0.167942634078613
0.174145561170757
0.182210193801312
0.194222143846456
0.203877720759177
0.202303130408795
0.186879744110369
0.2003551373864
0.186595315992136
0.191226573778503
0.188110462190585
0.174100299937391
0.172785876053317
0.174449912352257
0.159956846777367
0.168479738686588
0.150095391870692
0.175583547459243
0.169905870163945
0.173000485628996
0.154431911962258
0.1554337339595
0.16349102364235
0.15629235702495
0.159140873888831
0.146284571569271
0.151934772815918
0.157544156379887
0.151253429829947
0.168586358055465
0.15563873299145
0.171082889366421
0.164382890866995
0.164991544166265
0.159052924143719
0.150873836149461
0.155763230806588
0.159585268467337
0.157257162446778
0.165168531021439
0.167349970864864
0.152411944486599
0.166115648734545
0.16049433227204
0.164404294017814
0.179318756230058
0.168404801129468
0.165882420603269
0.163414192574885
0.172740235250748
0.164227064709167
0.150670264262169
0.131598707776765
0.142948055926298
0.150407620114084
0.143650902271288
0.152367360802239
0.140557862225635
0.135145039526613
0.150323573811281
0.159232754462248
0.15443282646548
0.157403712559632
0.157062165496421
0.154714990456032
0.155029197301983
0.145405233866132
0.14380691454305
0.155050787294636
0.16294654445639
0.150682273225316
0.162059682213225
0.159123017121117
0.201616417627544
0.217682202794689
0.215831750029416
0.240134514218022
0.253925615159139
0.251657219627028
0.229502347608547
0.205333779643594
0.193062831499969
0.18537633006303
0.167936097905956
0.178552884835413
0.153579481090865
0.153632111909306
0.164941352385118
0.159457771630341
0.172952171953442
0.182556434459689
0.162912523391608
0.179698735586996
0.183399978764315
0.155358447219536
0.132534609895377
0.126276813180837
0.130076750195719
0.128030866959442
0.120475881167471
0.122416613601746
0.122593786256778
0.125945988572114
0.137601616234097
0.141305660113057
0.149177211655453
0.152472418482397
0.158329916459653
0.139103013601639
0.138664584264132
0.151488790866751
0.140006848038198
0.167426623711991
0.173630081467413
0.166780163849739
0.165584649098395
0.160283083819943
0.167860771722995
0.160085684537521
0.151386085076027
0.156128949697697
0.149789007827017
0.131178517609428
0.135601335262334
0.125407470351108
0.12334895677393
0.130267225811986
0.138845141529117
0.146097515130126
0.152248001269661
0.143917536023971
0.169879402246202
0.156459568015236
0.133191817278978
0.142160639018145
0.140989922707685
0.13041856805769
0.144027233517319
0.157224836165913
0.1455937360248
0.141908275405442
0.141931361746252
0.150893295922332
0.155689185013588
0.171873342286671
0.163255166035863
0.165908594309802
0.167261509774718
0.158561416611969
0.153132617843201
0.137806609050066
0.131427197731001
0.125508179499643
0.122587843474458
0.111048517484399
0.131965869790983
0.130775761273261
0.129625888064927
0.146424646785093
0.140427996319443
0.131237314955009
0.14300728721627
0.167773827537412
0.152314195231206
0.141903673094572
0.132386790521967
0.129490087581358
0.122322213568876
0.134685413158824
0.143031367537807
0.139570592189791
0.149348017989233
0.1468149221331
0.161896712875761
0.151866819583805
0.156631898893109
0.166848274329945
0.182871700285625
0.175519419871093
0.177266568246306
0.183277834851949
0.180225655994562
0.162943048795191
0.169788186806064
0.187187962244875
0.171632359707429
0.158288421666369
0.146790808806688
0.155344118653552
0.149964649963653
0.149391901640042
0.156211779399851
0.151652464003098
0.134977668583026
0.128171290049135
0.134895356427191
0.144912966851623
0.145387904512451
0.147328010431912
0.151452228132237
0.137970826107185
0.137579238772696
0.144059362836001
0.153375098886695
0.167072923238029
0.164576476414834
0.157767885346568
0.139252854883732
0.127051390017054
0.122417448697005
0.11902942615232
0.117676317226099
0.12617810532435
0.124414137840479
0.140053446478688
0.128920561676198
0.124786353899666
0.138487165869649
0.124662635694779
0.133310763983362
0.139076014587504
0.136554064325407
0.135288579738787
0.120576801839245
0.131797000685457
0.153046870251872
0.152329168104193
0.158820958362289
0.131369189388907
0.138927561447942
0.142098340341463
0.153310887230461
0.158565367283769
0.154895302605449
0.172913803670298
0.187850189430902
0.190550152659872
0.172175067365624
0.162949915581538
0.155276235385058
0.151575484393582
0.145040038548671
0.135641578678295
0.133103439269724
0.130715200935245
0.128179951801201
0.132599767206567
0.16057955408905
0.163626426732245
0.168220218270041
0.168499279878172
0.172583551285652
0.182805584126248
0.179544300330395
0.173844997760608
0.194029721524951
0.198642725393139
0.180488486266848
0.181896571980728
0.201097803441065
0.215168997688473
0.206536800748254
0.190102387320073
0.1823198224593
0.175818102460962
0.153618158853892
0.15401128542423
0.150598086028114
0.163662050267486
0.155001590016377
0.153525530281739
0.140241043092408
0.138165892294356
0.13721233835916
0.147335402882716
0.153487985537285
0.157555466565938
0.149910169294899
0.157182129640927
0.159024336754617
0.167888604182101
0.171153105421004
0.169965650043163
0.167608441577512
0.174563745287414
0.186819367899021
0.192859606577099
0.204644836926439
0.21397723665821
0.210403631386423
0.214409182715508
0.211752333793107
0.198403091350394
0.19153297862135
0.21584482483679
0.196363538900868
0.192791022743324
0.19935661760009
0.192665265198007
0.191257076633881
0.174196967793828
0.170469373808299
0.181694493439343
0.179396913065473
0.164817239910121
0.158116146103202
0.15888133589659
0.164258012602645
0.144864425424911
0.146572204500677
0.14282405310272
0.154460321693493
0.1313110121648
0.128893374564988
0.122300352053806
0.12057731429219
0.113346587856808
0.114811795691752
0.11636073694414
0.121116423393966
0.127867021040998
0.133517890468817
0.144108108326192
0.130787360557217
0.138789859638554
0.137095356075241
0.124802612237235
0.126187539232006
0.127420441899625
0.130825338983908
0.122967367728065
0.132403059935999
0.125159453304897
0.127563217089102
0.130126636448673
0.149071796129623
0.142922203928719
0.137882491360401
0.141480626583378
0.136259604068437
0.137692983761961
0.147778021512914
0.147851801369688
0.133182277304713
0.140338488276539
0.128936430116058
0.141471323635135
0.15556267616266
0.13756362732984
0.149657820972516
0.155621335609984
0.17492218943364
0.16887456152051
0.178545285309199
0.175310746116574
0.148114675814149
0.148798751321742
0.143080790842711
0.139596916190176
0.124285867384346
0.128630973156347
0.126000545573686
0.121219234069202
0.140100959523782
0.13973002701688
0.154026998210019
0.154946579084375
0.176570041940508
0.175245165742539
0.16947035383556
0.160883181495546
0.175424889957736
0.183159818908425
0.195639662612212
0.204301450160111
0.215438455233194
0.216523400759997
0.206424946603444
0.207947445562288
0.20998014220735
0.197198130677786
0.18184389692736
0.163548703576958
0.153222073432579
0.155340641933609
0.146031838112781
0.150855845746206
0.149477196253954
0.155599786319398
0.15891537192901
0.164201271282974
0.153450101076104
0.139714625232023
0.150783196752883
0.13833704249367
0.135386551177045
0.144397179177917
0.139896445879614
0.15078092395257
0.145018879469741
0.144567929494001
0.139319342201298
0.150105875626195
0.148963042414487
0.137774724969461
0.140858350354664
0.139303433323201
0.127338850162607
0.118572486815136
0.144933154869359
0.1588058461117
0.149435000442807
0.152621197591832
0.14743593868626
0.14878775614253
0.135550387123819
0.129288643778628
0.13031761044718
0.122166980450669
0.13723619272005
0.132602803394362
0.124658483793017
0.141514462108564
0.143860053523088
0.163469702005737
0.152391088964057
0.139761927198176
0.160006079466002
0.153839729078256
0.156285615096466
0.137494235976954
0.130513128339845
0.122269908805486
0.126653542057033
0.132056395040639
0.157603677865563
0.152628695026686
0.148471015116291
0.169092575652374
0.184043929559802
0.181914059161586
0.171108171426666
0.165132260903119
0.169035820846455
0.181093668335481
0.179240647886543
0.201154343935226
0.202352755846078
0.207138829575398
0.195687483247116
0.22387127681666
0.211280809060773
0.248078494370752
0.228796929380586
0.228229256115193
0.207780766270194
0.213120878613981
0.206612203548574
0.189920071956824
0.174384543525073
0.188728650576624
0.188080314759696
0.177575835307855
0.190284460001721
0.188650504765453
0.194537276137322
0.202581269102022
0.210750762361555
0.211412917666504
0.209786003494488
0.217748916202447
0.228395677540263
0.217322121060119
0.215048600359993
0.213665484864392
0.207628425079343
0.228730918905949
0.214330646477465
0.234140819009527
0.265239451105739
0.262822554483403
0.259200974351327
0.259212069736077
0.240210916547305
0.230981052329185
0.215489230549339
0.24403203799924
0.237817307034882
0.245886443607256
0.243417662400927
0.278123864521441
0.28183689786061
0.256769534327203
0.258472623045923
0.220559839226444
0.217487825186602
0.218656329221006
0.239790512747496
0.237502201695966
0.252244466876138
0.229523367360641
0.221890250542561
0.232167086921699
0.213416794594816
0.212094190470277
0.205492350273396
0.204928135354458
0.199735485301301
0.205548485807351
0.228128246614667
0.197254194028429
0.178298411949406
0.17883062181506
0.181487758079475
0.177102538942043
0.162680842545278
0.189558736695832
0.192602610749018
0.173106118599004
0.160494920354722
0.150844597217418
0.142863514915759
0.138846736172845
0.140514833811288
0.138622436233673
0.135804754088307
0.123231458367148
0.11214955085698
0.127201105727301
0.125047919592977
0.132334827589619
0.133207314100814
0.140683009916224
0.145220190669919
0.149057064459457
0.154050525224937
0.171142841050755
0.164978867706879
0.151694353240646
0.143413345462064
0.14409096477727
0.167571164297742
0.166750141053788
0.149460099444671
0.134901520085447
0.140592537036454
0.137181265532953
0.155217853971701
0.14687570124739
0.143337312645498
0.127207014522574
0.136663664485183
0.143603484337925
0.154419855792487
0.148994446492035
0.159233596689435
0.175153100209851
0.171838408795266
0.174479366413073
0.168324987128906
0.181198707224562
0.18880495933112
0.188169959795582
0.194104066572698
0.187476592339036
0.182513915833205
0.16509973062804
0.162497336543948
0.163114096651421
0.164794517618123
0.164376134730858
0.169391597651205
0.163154706736591
0.174013208789999
0.17141982939559
0.177781555132046
0.189509516005189
0.186368470057887
0.200487030546481
0.200410491459468
0.198280606512099
0.195051647759935
0.196549606441877
0.187109138638248
0.183923575158093
0.193141769892651
0.175208647365025
0.165455059914068
0.18100681720615
0.17933192789392
0.210969888458562
0.210476712710151
0.213376630390749
0.203650170903168
0.202866604758676
0.20249033514782
0.211182453305412
0.20620772762758
0.187601077141201
0.174654125127632
0.155049038297328
0.138410019513999
0.140917475057022
0.137548244238535
0.151708931601374
0.158605796862643
0.183352926776793
0.182421815055308
0.16881156703476
0.158641725548818
0.14959552407377
0.158709213836531
0.180862764825566
0.165957139119641
0.160380851431232
0.158045312506421
0.163785628882063
0.17685251510614
0.189820888532184
0.174093588948791
0.167434986190824
0.167744654264077
0.159723579350968
0.148312991911041
0.153474081117773
0.166763492086952
0.168279144382085
0.17316205493918
0.162304690359145
0.155887982020585
0.15131003517162
0.158882307541365
0.133492647730264
0.129592448189746
0.133732979892532
0.149089935910655
0.135835374710537
0.145010388992297
0.134478108238444
0.135803203521522
0.13455336022597
0.140744040503821
0.139760665909466
0.159213407691393
0.161346516593533
0.158022784917752
0.166813385761648
0.163683925774168
0.1434538926347
0.141876492482598
0.134419045400846
0.131466695282666
0.127778082377215
0.138796131693357
0.135324772021857
0.13488005184486
0.142412378332022
0.148958016794946
0.155756056469706
0.167582406655891
0.179300167163782
0.168650964600585
0.17795860810462
0.173558474091899
0.139875056414526
0.144949341501997
0.147166028812958
0.149930358766459
0.146107015662277
0.139013563247845
0.137233993789039
0.143901942854529
0.148221781596615
0.132431414301393
0.149586355571919
0.17054603368997
0.173737828643504
0.172648484577758
0.183608197837228
0.178056851732316
0.180540065422881
0.184559238144506
0.166388040892254
0.167831890744248
0.173972908400231
0.14945360792002
0.14295636945427
0.149101380606586
0.150567461264904
0.159418185394868
0.163287427713352
0.169715006545893
0.167280455791617
0.156881906820394
0.160505550737178
0.176371437352598
0.166681302217067
0.160788588043303
0.17913164425124
0.176746164882686
0.189375554098891
0.197240650366051
0.188955214948209
0.19568592531012
0.183104570221443
0.169318331703856
0.151232835930641
0.166961383733622
0.155871402790738
0.157361230425579
0.141842858419688
0.140098767931498
0.137684590079875
0.137917076414549
0.141139695339075
0.150569282984012
0.146447115483149
0.159565657078369
0.166588157594423
0.174507578123724
0.174871814670703
0.166969519949835
0.170711282828102
0.175713099889994
0.189256195596784
0.198293296709387
0.188835885849995
0.206056541155636
0.219258404817286
0.209388878466031
0.210791051282403
0.229808362531915
0.222032634814318
0.22786227291564
0.212293719648964
0.190941481264556
0.211091782872334
0.222707961036441
0.21663515169712
0.23149433535226
0.23093504343056
0.237679909143251
0.22329882231804
0.211521481760986
0.21753844373771
0.225183799357523
0.214873339087164
0.21533814833804
0.1871624224033
0.183299336509007
0.194124699419507
0.219630469527266
0.253978641905311
0.238450255532585
0.24193848369441
0.223556148197161
0.191716635280545
0.19165544205165
0.213981855508458
0.194272592868846
0.209774904756358
0.195772163119925
0.165319218017295
0.165336222719076
0.148107568308911
0.163709654443641
0.159709395747505
0.159516709787662
0.171474851958105
0.177919799271593
0.202964681556184
0.201337570031553
0.179213946627926
0.179302503477916
0.19383935564893
0.188095393135283
0.164734670720399
0.170557142603745
0.171638769854987
0.172079606128321
0.186568584983901
0.189708895441289
0.20271268711361
0.218386900472802
0.217730086161463
0.212559540502788
0.237170856233045
0.20387236948708
0.215090367852072
0.203877890289478
0.199184192898257
0.173392093364729
0.174061206082868
0.154717817892339
0.171062979308354
0.163242229589415
0.157381336689186
0.161764270546601
0.156564556850026
0.152401744806698
0.159408528950375
0.149512217691839
0.153013124653349
0.150734917365632
0.161000457001267
0.138445286501145
0.132084747082521
0.164618973460927
0.150325332655176
0.133970728651314
0.14321681412608
0.151455217810473
0.144441275715716
0.137953509346637
0.128130971546637
0.126244074529209
0.130130779250912
0.124493869085038
0.124381367794675
0.134217665719056
0.137918136812099
0.131830568237346
0.13756168267955
0.146998928472851
0.135300102055091
0.136356522587807
0.138766612709257
0.144457304668711
0.131562565131043
0.135825813445568
0.133717630036067
0.128682173082757
0.139829928569962
0.154171237286995
0.156184364248769
0.158440481089587
0.153274037100898
0.160417541381398
0.149463103562046
0.141990744054631
0.146209220525011
0.156033611374895
0.165651452546225
0.160044102172316
0.157752212091707
0.166588470689154
0.178196496323188
0.172585500282508
0.158535854892835
0.170496088863218
0.174046390105358
0.150266645646789
0.139931654039728
0.143062823144952
0.159382434891644
0.16999122050404
0.173479216593153
0.171503849380597
0.188362211900594
0.17263048705619
0.199140565242267
0.215823998769153
0.194224484863047
0.193875552684351
0.192122679561276
0.196766918462606
0.195842660727834
0.188984901576017
0.200007246111074
0.201214005422159
0.204082362032955
0.190743395424342
0.194376463536294
0.18594916174897
0.205281083190681
0.212349044828406
0.212023854210373
0.21428331183775
0.192565526668767
0.195891730450521
0.217097076986123
0.205043369877261
0.182563388088714
0.171908463656068
0.20363108710835
0.211930261478949
0.209470598519277
0.204920970709332
0.19391371908876
0.214374161665538
0.225538797733622
0.202574432004465
0.209619178931455
0.179416694242413
0.171580718257736
0.176660331352664
0.157338999206847
0.161041228584698
0.174579126403469
0.156452558446045
0.158834763073396
0.150695298986419
0.140311989406646
0.140656306787056
0.14866435459135
0.134756406521368
0.141605174398624
0.140099497081075
0.154804549873044
0.166166855033913
0.174350577511251
0.170662252133519
0.156820459531741
0.151542549749442
0.150761517758964
0.153622208618556
0.147515892390456
0.15451867397696
0.137776005583647
0.135762888588708
0.134570301650021
0.114340964122545
0.109173055475485
0.110000146008901
0.104248223326402
0.104185707495898
0.116743332463232
0.121427123882093
0.140775889556379
0.158481187770601
0.164011740232801
0.159525636097329
0.171621449063889
0.172657894416985
0.172159641985398
0.180662212136224
0.191380908910899
0.183867721890842
0.180299441915589
0.177492399160222
0.167751913270001
0.167817057745143
0.15377093114213
0.151971137940934
0.15646595172138
0.180246922127774
0.175720569047601
0.179094393829306
0.192730720474836
0.187150243017457
0.199075908356481
0.191401844417097
0.176535615408206
0.16457884101408
0.144829916412342
0.144634660375448
0.138179699901163
0.143176357339954
0.142207563606116
0.142147066608299
0.1429229040779
0.142598242711432
0.162558374759388
0.189701685839235
0.196007765504994
0.196114641963252
0.160014874952765
0.163270415582455
0.172617923057147
0.159891027448365
0.166206660151402
0.179828339114962
0.166732308932108
0.182843249279249
0.177493237937316
0.174176358377955
0.163334525568804
0.150442464128418
0.144962090030278
0.148045007732222
0.155737023056976
0.145338088030595
0.139664685727764
0.158314355465029
0.170777731949629
0.180015406387158
0.174217112503748
0.178677953788812
0.164118878958769
0.162712237179404
0.14898156088927
0.154368194650874
0.155454951216439
0.149475647702442
0.18095908645184
0.174121712222471
0.175641171945252
0.190185765230402
0.173830092904385
0.156115613903989
0.17210651540714
0.159086895280342
0.152392066168101
0.160774160064115
0.150968580293219
0.171392313014296
0.167990454119051
0.147434027331704
0.151132498708881
0.145509141708342
0.130679252248887
0.127918113800439
0.119694120084673
0.120609092637287
0.132290605516991
0.127763590801195
0.134127422659349
0.140565275130992
0.134074088056968
0.128264862311216
0.13735846510071
0.140731163344314
0.151622796296172
0.170767631466294
0.172993299363451
0.167108940689148
0.149730113839001
0.164617905270751
0.160804715991489
0.171285850709881
0.157872886910789
0.161232203035381
0.154481783953347
0.1561095296553
0.176565162145
0.170652579543978
0.172258107599625
0.163801260908776
0.173698892458798
0.171732432504377
0.15904420623565
0.150174935899156
0.150547927999188
0.147490234018097
0.144153994267796
0.138836301731376
0.136671171159896
0.137073696520603
0.142723621761856
0.143073523991238
0.14229942807101
0.139278069075666
0.154510872407788
0.137639716822374
0.13849596238766
0.137750496859547
0.139470317345759
0.153983883363447
0.139106832024677
0.1371498800538
0.143233864544385
0.13358550833345
0.131767895222568
0.133629710223444
0.148147346528154
0.142465078141636
0.134628650557227
0.128043215284603
0.118218929617598
0.119436853884651
0.134517366612496
0.13221615732918
0.124574798321562
0.127147674901323
0.116181384251239
0.128805434577778
0.136348114638525
0.145517501480927
0.147657364790241
0.15541256385112
0.156638573704436
0.159560866648336
0.158958075250997
0.159458447187703
0.155924359471339
0.16728388344162
0.159128468846911
0.171171343840612
0.166605470227215
0.173512144203946
0.166655806309197
0.173206235078846
0.18191511487065
0.163476978329709
0.156695172230636
0.15781546370728
0.151222291240954
0.172589929813554
0.175754821991397
0.17561158703516
0.162083148132987
0.159840346996
0.172813801629074
0.187596791293192
0.181677172523877
0.185207400210427
0.201110669012664
0.222134065346918
0.235307000213772
0.226733267871048
0.211742601067304
0.230282960109943
0.231878270347316
0.256127892935862
0.262197889206829
0.251990876622791
0.255577910806556
0.253218240312414
0.220700301789584
0.222144770316956
0.214261929747891
0.207917772172411
0.201068383140438
0.212638206221042
0.222388785952017
0.223449388593932
0.235688746893179
0.244603812143967
0.242622120429276
0.214609434779243
0.212430631673402
0.221287068654175
0.219611239824623
0.228654794637148
0.235452872815113
0.243833038248252
0.247518962585615
0.243416516270785
0.236360549166627
0.253892682610081
0.231854986898157
0.199243802026142
0.188430538735071
0.17881637593718
0.168962429092406
0.181315944074146
0.176436321721064
0.183005163080145
0.205363204669409
0.189242386284171
0.191050761115594
0.189930984373868
0.175108452777143
0.170525115274464
0.173835355895066
0.19946052723461
0.220250959709772
0.215783951295591
0.212175120741552
0.200630399112826
0.191018540606536
0.175007880204931
0.168235174557094
0.169282513996107
0.164296510950331
0.19268971654651
0.195241703991767
0.184642045841233
0.183491439371959
0.198730026923111
0.195182370086848
0.190801798555644
0.18819300079644
0.182665932744945
0.198504424740604
0.201665674358221
0.196845034023487
0.196637693623934
0.184262205034824
0.191428166354436
0.190265655958714
0.20154773668585
0.178023483307901
0.179967555372112
0.177736083985976
0.172970886962206
0.18082782653057
0.183389546256646
0.178020536770321
0.168357349538542
0.160404472345575
0.176465310522699
0.203076698410053
0.198382967475548
0.179988258628954
0.165820197828759
0.172930906836124
0.188834221395039
0.180150243643339
0.184548748821154
0.187559077904584
0.17036670958187
0.168406436567542
0.145645241091745
0.138845799753215
0.122241452281525
0.126408674404322
0.133095664554275
0.136535145535379
0.138543841090195
0.138721268683607
0.147192297820757
0.171085055068894
0.158226515493323
0.13955708265983
0.149197240988354
0.151017515431866
0.143619147685434
0.155903204389705
0.163487065062344
0.152638025239357
0.147794447238743
0.137840257117184
0.130434435914743
0.128350807043838
0.135257708450949
0.136689504452188
0.140182839974503
0.140241996842275
0.128143794503645
0.124248912169469
0.151411498778454
0.142746007557158
0.146025140545312
0.13415823416295
0.148064111402386
0.148027280619877
0.142358370278857
0.126073900349533
0.133996078289848
0.117385597771515
0.122433237457295
0.124426348504887
0.132387898050047
0.127070170696423
0.120289367019863
0.113295502674025
0.112933382163635
0.125793896921259
0.147341030217713
0.150526053559089
0.150980879065748
0.137436876156399
0.147461011429643
0.139864638341736
0.167779125383741
0.156285780703047
0.150185835159235
0.166856511106214
0.168651209960049
0.178597893911121
0.164158739867441
0.179832635174727
0.169292784782511
0.178715821171614
0.187720312220929
0.200913928746197
0.205790881867944
0.2052433236661
0.190894433537354
0.195818646987006
0.191149674857751
0.17861453640547
0.184767706918304
0.182566756366416
0.169479288350654
0.179434280976545
0.177568054453634
0.201103661099206
0.180909159229233
0.194194042024651
0.193619246829208
0.205438273319414
0.20845622374156
0.200795355149725
0.200787339164993
0.170194794940158
0.175690252980868
0.177117631685197
0.179731683350082
0.176553327209326
0.16987981303845
0.174803580463755
0.164432338889414
0.17363535347053
0.185449218227772
0.211839978992149
0.210961000405179
0.218897962020489
0.228739590358877
0.239039273067377
0.24255157249174
0.2329929724725
0.223905240488781
0.198966939096886
0.202572432874168
0.202597397300433
0.185300742519573
0.184452404096015
0.162089017090573
0.15422610131993
0.153274146776068
0.13656231452954
0.137566652885348
0.139636821704988
0.141470307644112
0.122264349492738
0.13264238965831
0.124582635241009
0.123403529667353
0.11844781725807
0.122858223810302
0.122914399809017
0.128801292022733
0.13807158716531
0.139205488257958
0.135248476184728
0.142129630372418
0.145886124302729
0.148836986364861
0.139967106232829
0.150060664101429
0.131873877163014
0.135106118383687
0.131578109458561
0.133409153681022
0.136281598142569
0.129930033816565
0.107723092722331
0.115511804784594
0.142353658855289
0.152137473695834
0.163974714343519
0.165661796621638
0.168023490028661
0.175761087052977
0.205391724997688
0.211247933281945
0.172642131455024
0.191246122749183
0.185595828852843
0.181043175938632
0.173145042845025
0.165312381781223
0.153491035112555
0.161709217208444
0.168883618063756
0.199687614311502
0.17447887955323
0.18524707723876
0.170798282346556
0.172709170808397
0.167267990959053
0.186420549420738
0.189804396760544
0.193278271223148
0.194871090741572
0.212482021601417
0.194635830206284
0.200389942275739
0.186231068555293
0.168808516226378
0.175698842959497
0.18197108107389
0.167148490017037
0.183508680551655
0.169033774701694
0.149050651504669
0.16000597337618
0.163558936168997
0.168352102932617
0.17041745659909
0.164957375751605
0.156206070813672
0.148748684275174
0.142760826145227
0.140211387696338
0.139635556581596
0.151741759218024
0.163431106406033
0.161702743324252
0.159690748163587
0.168567110081262
0.14774171267833
0.137671117091898
0.144257392852785
0.167898285248374
0.184197190928906
0.184945545212653
0.18976984200591
0.194629468667536
0.184903837043478
0.1732507027099
0.16787255111597
0.160219610675511
0.162828492632149
0.153935939009847
0.170321695690087
0.18103826909392
0.196238018453267
0.211484369045186
0.211231537112249
0.192038777256655
0.187355300346617
0.180231805797755
0.163505669381482
0.164202539775686
0.151964659804776
0.150015877294787
0.15067944131179
0.154653106430522
0.157838394949689
0.169556630507881
0.171971278704314
0.178822270573663
0.163799110969153
0.174274506240156
0.183685846477809
0.191971012548109
0.196149286034081
0.161506842571376
0.147895460308621
0.135204243990906
0.141453860764855
0.143633663735031
0.135900700108737
0.146735851696991
0.145481320035868
0.171617445268256
0.179574220701534
0.175410541064606
0.174594742510309
0.168123939689273
0.164484304035117
0.163681574287082
0.15379413513714
0.149059953274362
0.154231186222563
0.160311464002723
0.170625952377152
0.17006068843598
0.168585813488713
0.177220723665162
0.166061990103156
0.152930744891575
0.137914041790501
0.150115735511255
0.148146573389923
0.15421199199798
0.171729077628052
0.169335657124548
0.190916386643502
0.193636858289498
0.198590711462256
0.195420187210844
0.217478162949906
0.20328556755085
0.206896709338581
