"V1"
72123
73830
77152
73494
75180
71596
70113
68724
68791
71308
71850
73064
76821
76609
76736
78480
78038
76551
77386
82666
77189
78197
76615
77715
73733
75239
76191
75281
74849
77442
78908
79061
85243
78263
81136
82205
82257
81455
79498
82274
83868
84199
82249
76965
88933
83413
85588
87567
88422
82671
86573
85126
81813
79153
81702
77089
81397
75803
77545
77743
80631
75157
77308
78506
75849
78601
76675
75553
77999
78657
75441
74504
71732
76249
72614
75267
73347
71143
73083
75209
76348
75656
73662
74667
74950
74575
75979
72183
73312
71143
73245
76357
81591
73470
74369
77127
73936
70931
73788
75714
77711
75237
77899
79568
78385
75049
76752
78632
78257
70673
72170
73769
77732
76376
71989
71240
70240
74407
74071
69282
75076
73727
68441
73818
69405
72233
72260
72158
74097
74559
71578
71483
71896
69898
73817
73476
76459
73802
72909
76033
75140
71814
72065
72539
71699
75827
74010
72691
72692
73739
73158
73480
74281
70010
72535
71616
77745
68724
70685
75805
72862
69627
72393
68506
71737
67118
67098
65581
66505
66651
70282
68907
67492
68788
70005
68572
68261
71026
71167
67390
69258
67474
71071
73934
73959
74362
73598
72949
73151
72606
73766
75380
73277
73085
75864
72895
73944
70867
70642
71738
70118
69441
75711
70443
68566
70190
73771
68526
74291
70380
71077
74675
74168
75241
73550
73404
77396
74293
70481
74071
75874
72932
72704
74587
73211
73050
71948
72480
75368
77254
76432
77246
77714
82507
82760
85716
82268
78984
73626
74832
79259
74410
75694
79250
74752
76704
70995
70736
74392
77262
78186
74539
78087
76271
79385
75601
76115
77110
82746
82072
84134
81869
78988
81707
82136
76386
76794
77424
79364
78965
76829
74515
79120
76726
78509
76537
72526
72644
72564
75628
78001
76059
75809
76396
73971
73777
73447
73509
75037
77765
73063
70875
72691
70899
76530
78397
75746
76904
79225
76773
77156
73514
75799
78680
78101
78483
79853
76268
76198
74823
76767
74888
78132
75849
73720
75531
79879
78612
77477
79687
79095
72468
78258
77509
76595
74659
78710
75833
78285
78875
78150
80495
78297
80816
82512
84190
78715
78980
81059
80017
82755
82563
82244
81194
82015
82202
83916
91674
83088
88698
82092
84075
85077
80301
75570
80991
76899
72425
75307
78286
76954
79066
76460
79069
85052
85324
84724
80598
83373
86163
84010
77509
82017
76054
76003
77628
80108
81705
80547
79844
78709
73555
76897
80504
83436
76182
78845
76899
83946
79024
82462
78277
76889
76572
76954
81151
81657
81236
86852
80266
80256
79035
85118
77334
79659
77291
75028
72673
76496
77528
77464
76560
79086
80244
79685
79374
79003
81159
83486
78692
82636
77583
79857
77752
76775
76376
76231
78837
78634
77453
75836
74358
71982
75810
75627
73548
70147
69755
72013
69577
69516
70168
72615
72355
69659
72113
73958
70840
70040
70372
69703
70438
71176
73152
68931
69128
70024
73184
73146
71603
73235
76883
75643
74479
73520
75406
76637
79405
74511
70876
74219
73101
72702
69624
70873
71901
72063
72256
76354
74884
76646
82119
84215
81320
79674
79396
77527
74445
73101
74329
69546
74099
73144
74963
75607
77880
76533
76645
78723
76197
76555
76994
76963
80963
79086
81531
77968
82626
79188
75966
73625
77238
76103
74225
75988
70448
72998
73578
70599
72238
76501
72608
79395
75501
75342
69813
73337
72500
69968
68065
68873
68432
67458
73194
73071
72406
73897
72537
70508
69832
72465
72350
72510
68947
68098
72025
70628
71024
71444
70036
69787
74166
73106
75883
72558
74518
74444
77753
70618
73237
75309
75936
73941
78783
82623
84871
79222
79852
81035
80318
82556
75909
77007
75316
76892
78382
74190
78532
76411
77056
79055
81342
76728
77984
77456
74674
79169
78833
76946
79891
75710
77751
76488
73923
75761
74872
74606
77806
75568
80957
75775
76390
76037
77157
73704
83592
76875
76414
77260
76681
70857
76427
75807
80101
74649
72449
72698
69686
72729
70073
69443
69506
70286
70428
66410
67986
66949
67334
66917
66759
68844
70194
71010
70658
70952
70462
67598
69016
70777
69078
76061
73344
72484
71597
71760
72661
69433
71432
71734
71971
68667
71694
67775
72829
76122
77073
73871
74784
72591
77981
73435
77863
76489
78547
79733
78075
76665
77690
72731
78903
77049
76897
82688
79719
74361
75727
72141
72034
72414
75163
75875
72226
72517
72396
74122
74687
76340
78325
75731
79160
76926
78126
77723
77509
77579
76427
74631
76773
74535
78941
74457
73687
72082
72712
75261
74304
71949
71750
68677
67591
70403
66090
65417
66353
65371
65133
67436
69066
68562
68537
67781
68144
69483
71579
71234
71723
69269
69717
69595
69940
71079
71578
69581
72546
69015
68615
67637
70583
69713
67954
71007
71323
65995
69617
70204
71181
71477
72456
70189
69422
69921
63651
65760
66682
63815
62152
63513
65259
63522
65270
61465
62475
64052
68687
66840
67939
68528
72503
73018
68538
75530
73878
70951
70088
65967
64531
67923
67332
65066
66298
68035
65647
64875
64118
68295
64741
65715
63801
65549
61543
62021
63815
65015
65897
62063
62133
61355
60736
62062
65345
66505
63147
65635
62749
62472
62657
63437
64658
62247
57573
65262
61306
56411
65380
61502
64708
63253
65813
58294
63239
64109
63150
62018
61339
63961
57562
58476
58831
60669
59136
58942
60982
64267
63790
61468
63413
63533
64086
59952
62057
62239
64197
62788
62944
61888
65224
63793
62031
64678
62443
67191
66982
67578
65063
63764
62704
62995
65797
62096
65377
63407
64685
64923
67646
60895
66184
64578
65115
65171
67118
66446
63546
64890
67790
67521
65579
61947
65118
61759
64522
58938
61989
61316
63191
60663
62466
64033
61931
64735
59667
65617
63274
65005
64675
64835
67213
62740
59892
60653
59756
60064
67245
62525
65338
63640
63002
63694
62903
65245
62277
62323
63436
64584
61474
64562
66668
63882
65286
65528
62889
60527
65139
68236
64403
64608
67297
68005
70279
68901
64180
64064
65446
63822
64906
64399
63453
64998
66541
64533
64471
62686
66104
62986
62037
63804
63607
62852
66931
66568
69033
64779
63317
67068
64993
64448
62911
67124
70030
69390
65374
69236
67769
63525
67281
65211
67048
66231
69070
68794
64881
67191
69506
66181
63665
63155
66638
67040
68566
67100
63759
63040
66769
63586
64889
63767
62441
59404
58136
61050
61042
59543
60369
59151
60220
61753
57634
59339
59150
59535
57280
59886
60754
62964
64713
64839
61932
65088
66528
66552
66918
66840
65493
65448
69702
63508
63458
66896
65321
60699
66915
67088
65142
64341
65878
59628
60143
59986
59873
60869
63958
60626
57938
61234
63053
60362
58168
61868
60029
59461
59798
58154
55253
56312
57674
58881
59534
59033
60486
60944
61726
61606
63638
67330
64068
67626
65567
65922
65019
69222
71343
68688
70601
68796
67585
68844
68937
66486
71092
70212
69185
70014
69653
69549
71871
72443
72798
77679
73053
76864
75425
82013
76241
77367
79279
79798
77242
81498
79933
80757
76359
73088
77359
78565
78217
74972
76303
81110
74749
81706
76836
78267
79859
77602
80091
76242
76893
71416
73333
74770
76546
75038
78823
74293
76070
78319
70862
70334
76616
75345
76579
77215
74204
79084
78397
76647
76593
74975
80197
77558
78564
76501
81058
79079
77627
74745
72352
70145
73745
76444
70863
71181
72455
74970
72862
71776
69012
68806
71773
71764
67149
67621
67684
66633
63656
68682
73661
70299
69771
73200
71317
74088
71385
73206
71819
73932
73668
74658
76656
71146
73161
76392
71311
73880
76294
77268
72955
75764
74684
77513
76727
84107
78633
82557
79393
76628
77762
78336
76692
80366
80108
80718
77469
79703
81715
76784
77178
79741
79719
80840
77892
72512
73106
76227
75561
74821
72948
79297
77212
75837
78764
75203
71243
75690
75079
70511
70805
65282
67060
67299
69589
71522
65355
70589
70608
69801
71797
70168
67032
65431
67435
67889
66278
70799
73786
72028
69337
71463
68885
71826
73119
72546
70190
73446
71289
71382
72992
71157
71315
70912
66551
67972
74452
72830
70373
70621
71179
68655
72084
70522
71751
73811
69370
72160
70876
71495
71052
69062
71521
70360
69812
74020
74424
75278
74092
72742
78825
73732
74544
71726
75307
74464
74729
75654
70935
75570
77747
75800
74524
76983
74330
72435
75205
76396
74601
76406
76451
75169
79145
74995
74401
75665
77422
75567
75854
80583
78609
79456
77574
76228
78099
74849
77070
76478
73211
74991
78085
73959
72866
74177
72622
71463
73897
73764
72723
71055
72869
78290
75840
73427
76456
75994
71410
70915
74772
69989
73261
71639
69713
70463
70761
72069
70821
75348
75711
72322
70279
71828
71056
72277
74871
70425
70366
70791
73077
70475
73353
76332
77581
76367
75339
71888
69697
71894
69442
76280
75086
77248
75794
73068
71934
75261
76658
76491
74823
77231
74325
77624
74748
73183
74171
75970
77028
72181
71501
71586
69263
68876
68671
67434
69368
68583
69495
72441
67602
69648
74361
69829
70885
70213
68966
68416
67688
67454
71655
71344
70483
68976
66921
73656
67896
68926
68871
70332
69763
68275
67728
68395
65353
67785
68488
68114
65945
67232
66140
71292
69728
67327
69169
65096
70066
68382
68445
68295
67412
70047
71154
68169
69460
68312
69625
70258
71364
74727
71918
73610
73707
73870
72883
75534
75136
75174
71079
75617
75367
75273
72938
71653
71006
71207
73015
69230
69371
69385
70336
65635
76258
73329
77175
74160
74274
72750
69935
72429
77360
73781
74613
74956
70002
74139
77551
74452
71653
73258
75780
75121
70393
73100
68677
74635
71774
73462
73436
75704
73328
73243
72244
72652
74851
74301
72375
71846
77435
73924
73302
73397
69768
71049
76846
73084
75241
78406
77342
76292
80080
77984
77915
77296
75880
76083
83253
80610
81913
80762
81455
81406
80150
77929
79991
77714
76696
77873
79287
75624
74674
76262
73051
78475
73441
76694
78488
77225
77498
73592
71444
75896
76552
74169
72171
70449
75484
72377
75284
78030
81994
79607
77428
72051
73059
75202
81677
73668
75836
69512
73450
73134
72167
73775
74426
73931
74921
73059
76015
79912
77388
77363
77164
78049
71579
72978
73329
74920
69797
72290
72796
72709
74016
71783
70687
72461
77195
75339
72186
72508
73190
73636
72420
76231
72965
76626
77005
74791
76509
72823
73499
74809
69065
73935
77793
76501
74606
81722
81093
75500
74078
76233
79401
78410
77241
77617
78527
80089
75757
76707
76830
71877
72966
76271
73898
76535
80831
80196
78772
78815
78468
77865
78192
77352
77360
74481
76121
73599
76816
80233
81637
81280
78201
74526
72762
74509
73097
69611
73296
72930
75943
71852
72089
76126
77154
75412
77597
79738
77598
84346
85679
78738
80053
87730
82412
79227
82992
85096
83210
85242
83206
79383
80434
85152
81535
79428
75745
77988
80452
76496
80497
77169
81765
78089
77185
78380
79837
78923
78766
77343
82119
78114
78180
81601
76519
82257
77685
76461
81410
79789
79310
76489
77958
82695
82593
82698
81737
78581
79193
86623
89402
86240
86116
87167
82027
88018
85836
84418
86855
84262
80441
80120
79530
82947
85911
83732
80743
87062
84187
79605
84163
78158
79522
79782
80869
84113
83990
87333
87890
83084
82506
85238
82589
85824
79634
84708
83920
83673
80875
82620
81192
83270
82842
80487
79127
76611
80413
75453
72479
77773
79724
78265
78935
80428
80306
83900
81719
79135
77771
75893
77584
78348
75220
75489
71711
75758
71575
72571
71077
71402
70728
70379
70370
66279
69214
67728
73775
70900
73272
71739
70266
67808
66033
74493
70852
69354
71465
75047
75027
71034
72943
71684
72454
71796
68215
67676
68962
68355
68743
66191
68779
67462
66209
65683
65412
67977
68281
67238
66202
67534
67295
72997
74313
75608
80603
77088
76124
80333
76960
77883
75608
75316
73356
71558
72138
78396
72410
74946
77658
72830
77224
75943
72220
75946
77443
80313
76360
76926
75511
78184
71718
76155
78173
76641
73591
74106
80636
79398
80222
81925
77625
77749
76206
81815
79578
80382
80802
72872
79364
77982
80140
78129
78368
84320
85062
84834
84635
87524
83471
80983
81121
79735
83228
83055
77708
80056
79281
77228
78403
79695
81914
77995
84807
77360
78677
77218
80498
77646
77877
74191
72683
71627
69772
80040
73977
75322
76821
76078
76767
77796
73126
72302
68977
68465
71777
74521
76811
70498
71484
69668
69579
72070
71465
75140
71378
74400
72167
72454
69403
69365
69622
70406
72821
71949
73382
71874
70923
69845
71301
73041
70529
76229
74549
73401
74073
70386
74862
70675
71198
70535
71449
73547
74086
74587
74972
73876
73764
74254
72514
73907
72778
75338
77187
76062
75819
80154
76722
80019
81689
81570
80529
81068
83924
80638
81095
82749
81719
84187
80817
78291
81326
77247
76327
77100
76607
74380
77598
79607
75231
76540
73096
72458
73822
71711
76425
73654
72676
69356
71725
73304
77791
81891
76625
78991
80131
79783
82360
76870
81627
83079
78747
79906
77017
81129
78076
76273
77431
81658
76139
77770
75193
73870
78049
77059
78846
84146
82509
84083
83474
79663
79366
79360
81589
82170
79401
83275
84047
81420
79817
83733
81879
79737
81799
83669
81952
79531
78836
82329
81606
80892
78544
82232
80246
79877
81109
81534
82191
77614
77550
79746
80170
80070
81233
83027
78449
76586
80090
84724
81423
83373
78204
82331
82989
79326
79953
82334
84110
84983
80647
78934
82072
84393
79571
81523
77882
77104
75003
74572
75431
79216
77136
75910
72356
71908
75936
74633
73688
75752
77733
77906
78478
79990
74542
73699
74346
71593
72459
72495
73152
75652
68512
74303
69266
70895
67951
72482
65503
68824
66482
65090
66382
69745
65967
66973
70388
65743
65487
68837
72812
72249
71370
68280
75817
73852
74270
69370
69031
66333
68322
67594
68242
68651
68332
69933
66207
67867
66625
68784
71196
71992
74976
71917
71649
71407
68588
70864
71785
71941
73809
74913
74681
72698
73724
76095
71765
70670
74662
74608
72462
72164
69435
71876
68049
68040
67662
68110
66610
68126
65491
65523
62039
65400
64405
67613
65464
61736
61383
60889
63181
64668
63786
64297
66746
69708
68620
66491
64613
67790
73460
69602
71266
67753
68830
71684
68724
74016
77491
71082
76913
77702
75041
73281
73736
80119
76530
73019
75838
77225
73287
72228
76810
73243
74426
72689
73133
72567
70269
72534
69562
72728
73366
76179
74141
76437
79090
74866
78776
75264
74399
71672
73271
75295
73446
68998
69975
71521
74332
72990
70034
72604
73207
73733
71981
68781
69740
73560
68647
72985
66816
69523
69905
75659
72889
71368
71200
74100
70593
71964
70604
70922
73032
77235
71928
73183
77394
79543
77327
75779
78142
79406
73775
73064
76765
74795
73933
78395
81535
75317
76526
76976
75351
76405
75239
71374
80105
77728
77092
76665
75604
76344
72995
77404
80856
82480
79009
74847
78746
77377
79568
79296
74213
77890
83853
80767
79225
80352
83173
83271
81576
84400
85706
83539
77912
79391
78180
80305
78136
81092
78672
82710
86613
83808
87489
79466
81820
84953
78624
79369
77836
79836
77299
76639
74890
78239
72504
79426
73132
74406
76068
79450
73611
78657
75403
76237
75585
78341
78742
79947
75554
75897
70355
75911
73448
80806
75145
75068
76131
74586
75811
71159
75286
75849
76448
74225
72482
75076
76180
72004
74473
75534
72484
69065
68090
69090
73046
71099
74264
78082
75187
78019
78352
77299
77293
75290
75484
71681
74624
75421
74006
75145
77380
79135
76375
75865
73528
72743
72983
75715
71795
77064
77909
77186
75614
79032
75836
77979
75055
80082
76041
79615
76960
76212
79425
76608
74051
75209
76523
80766
77536
81013
79352
79170
78923
81601
75413
76671
75068
75753
77606
76970
75567
80807
76953
85275
81191
78395
79207
77116
80497
81650
82220
81179
86558
85451
83616
88295
85045
80084
80669
82450
77208
77269
79026
80391
78663
83411
80348
85531
78280
77669
81509
81998
79938
80049
84477
83230
84175
82370
80367
85230
81418
80102
82514
83227
83556
84599
87183
86495
86405
85969
81440
85089
83752
84260
78040
82097
79394
76686
81933
81385
78338
78795
77863
77892
81690
83916
83344
81726
80575
81141
82319
80392
81834
82501
86341
86387
88292
86679
87780
82595
88644
86734
85744
83382
83567
88751
85214
92284
87459
92452
90534
90609
88444
92177
89285
96160
96884
99378
92881
95920
93256
93140
97675
87875
91395
90061
89964
90892
86710
84705
90294
91639
89717
94347
96137
91476
88203
90723
90882
91836
89829
87238
87495
85822
85433
88429
90316
89341
90874
86445
88364
89336
94266
88608
94609
93623
86003
87869
90122
85183
91205
89282
86711
87847
85401
84398
88909
87914
92304
87213
91308
91036
95653
94040
95931
92637
93558
88273
96789
94052
93013
87529
90144
90933
90903
87728
88070
88472
90327
87318
87941
89040
92387
92861
91086
89908
96122
87220
92982
86779
91039
87410
93797
88562
92358
93708
87240
84947
87006
85565
84005
89872
86954
84744
85288
91491
90948
92913
86744
90801
96551
96065
89982
87511
93984
90388
90758
86791
89266
88422
89273
86219
87924
91590
86580
87618
93432
86265
87069
87009
89575
86402
81742
86133
80413
88193
84454
84174
82679
84441
77253
84227
80689
82855
77326
80906
77629
78647
80677
80524
77774
80571
81730
80878
81852
82868
80808
81841
80805
82530
78817
80783
81177
81790
81722
83744
84502
88049
83535
81367
82303
82337
82934
80390
80292
79208
74848
75189
74649
76439
77397
78477
75797
79815
83616
85271
83357
82317
79847
81942
84586
80663
84367
82085
79545
80617
76751
78525
75192
77116
80280
84043
84388
81227
85800
78534
80408
77828
79046
73769
76165
72867
72270
72013
73870
74490
74019
75935
77084
75137
77154
74767
78887
79219
79422
76133
76693
79128
77813
81469
76552
79456
76300
76742
77209
77318
75583
71886
74359
79920
71026
74362
72978
72988
73950
68153
71105
71098
72504
75081
67832
73164
71073
71298
73874
69312
70055
71588
75171
74657
73663
73142
71420
70512
72669
74296
75300
73920
70050
71015
72223
75279
73662
71952
70708
70648
71080
68806
71458
73717
69268
72594
70318
70493
71137
71378
72977
72052
68138
69543
71281
71036
72603
70801
68370
73440
72106
72683
73619
73387
73692
74714
77664
74267
77913
77752
73328
76508
74950
77196
73338
74508
71987
80717
81704
81870
84251
80397
76844
82576
82614
83027
83255
81112
82186
77304
77044
74802
74545
75729
78068
73340
71860
70126
74113
72684
74142
69988
74484
78464
77095
78276
76758
71347
72738
74429
74000
70897
70591
69871
75002
70093
71643
72837
71858
73054
73596
70882
67509
69375
67964
64931
67826
64000
65267
64864
63546
64539
70458
69031
71077
68458
69526
74867
74330
72389
73218
70531
72966
70680
68497
67063
70032
74440
70223
73274
71754
70699
72645
69718
67266
66943
66289
63517
63770
63639
63844
67410
69559
70607
68713
70905
68366
67698
66696
68436
70714
75804
69808
68592
75968
72069
70271
72620
70639
67403
74312
76231
75603
75373
75129
72965
76047
80370
74224
73875
77042
76581
72494
71677
70596
75627
73437
75676
69172
76265
72755
72423
73652
69803
71258
70147
72175
71653
71845
70886
68859
63378
66691
64221
69898
71611
66683
67561
68386
67302
67102
65327
66927
64096
65763
61148
66010
66718
66384
69831
65117
63713
62992
63923
60541
61786
64569
67490
65316
64373
65186
61576
65443
62225
65243
61101
65637
65895
63070
68673
68065
68604
73062
69351
68967
68167
66696
69617
68323
68246
68500
70175
66639
70965
72528
68728
65700
72344
76463
79895
75340
73787
74995
72077
71580
73630
71673
71859
71256
70504
70601
71185
70715
69492
69069
70310
66138
68478
68257
71473
64610
72270
67518
68568
67599
69386
67329
66094
67947
68320
68605
72520
66751
69075
69103
69031
67196
68556
64118
65230
65998
64247
69195
67128
69578
72104
68455
67578
69204
72622
66438
69860
68695
65723
68289
68602
65750
68663
69080
62729
63749
63798
66888
66063
67442
68660
65723
65649
70356
69498
71131
75881
70741
73569
70155
73698
69841
72433
72014
73286
75651
76017
79010
73782
76706
71054
75526
78916
74567
77802
73850
71503
74928
73872
72306
70908
73288
74166
70971
74973
75453
80941
72183
76515
76144
76848
76943
78088
78079
76642
74180
74051
75898
78210
81914
77329
77123
75251
75468
74138
73069
78044
78925
78760
80608
75580
74518
74944
70230
72039
75643
74034
74425
79793
79535
80760
81158
78217
81264
80611
77108
77642
79454
80969
81944
81974
78170
77789
76419
79861
78015
76094
77032
78424
77293
79632
81032
78029
76729
78278
76888
75385
78013
81077
83408
81601
86757
88636
87609
83992
84552
89617
85755
89055
84862
80873
82564
80194
78049
81541
82607
83671
85055
84022
87343
82162
78590
81997
82724
78909
75853
78751
81848
82664
81966
79069
78308
83599
82714
81967
84723
78900
84210
78652
75923
84257
81046
75948
81551
78919
75867
78342
77438
76272
72695
72260
68535
70755
77148
73129
76150
73769
74792
75289
79944
71798
75080
75258
78927
71916
72329
73701
74578
70863
75685
73474
72632
73230
72115
70194
76043
71673
68734
73468
68006
74554
71271
73588
71080
68804
70570
71989
70728
68600
73787
74969
72882
72462
70812
73349
71431
74054
74581
74674
74964
72954
71240
71659
71466
72620
73080
76656
76806
73701
75545
71441
67590
70605
72019
73292
74084
72108
69163
67813
70077
72019
67694
71396
75391
70114
70751
72079
70172
73967
73126
77512
71713
73463
76216
74318
75097
75856
77344
72374
72825
71923
66964
71946
74093
72523
70769
67652
74092
70014
69141
70000
68341
67932
71929
72908
71007
71094
75303
75797
76756
77387
77586
70960
73134
70979
70125
73689
71087
74401
73784
73431
73385
72216
74172
72934
78868
71640
76852
79209
76678
77907
80250
81222
77219
79495
79783
83257
75827
78640
80691
76953
78307
78890
78867
81785
80881
84335
81441
83600
83251
80746
81386
81915
81014
83382
80018
80464
81288
78835
80584
83435
86302
86601
88584
88507
87910
85920
85462
82998
89835
83457
85844
84346
88118
89388
80024
87908
86725
83657
80064
80164
79850
80209
84419
84468
83629
83897
82401
82121
78393
78228
79556
79026
76602
74447
78035
74832
74328
74517
77354
79490
78890
79444
82875
74966
76718
79876
80673
81939
79971
81343
83056
86895
87091
83267
83219
80685
77983
81624
80008
80879
77943
76958
73301
72760
77570
77157
76825
70045
71501
74046
73503
74728
73707
74459
73391
71041
75935
74251
76036
73673
74900
77442
75341
74577
75575
75119
74368
77703
78488
74141
77621
80949
81275
76294
79073
76738
74441
75598
73836
76954
73331
76482
75349
74507
75838
73527
72816
76855
72591
73714
71889
76266
78131
72716
74486
77606
75660
75062
73811
70725
71263
69285
71066
68814
74725
67922
65716
69806
71595
69724
67174
72034
74772
76121
76438
73782
79174
78596
79709
74909
76744
77599
81365
75909
76113
77758
78219
83903
77117
79542
83693
76497
74331
74535
74845
74310
72474
74947
71766
76542
78146
82202
82417
82627
82538
84271
81354
81096
83826
79666
77152
73966
75608
78039
77785
75726
76235
77520
71745
76372
75246
71114
73102
76202
78006
75317
76607
78002
75703
73919
75811
82342
76585
78734
72985
74991
76351
81133
82836
79957
83318
87312
89691
88110
87608
84807
82912
82547
83550
81477
86074
82159
84549
83932
88184
85232
87360
85341
82859
86663
82257
87293
91664
88922
86868
82919
86603
81129
85283
82473
84101
82092
82865
84599
80612
87071
80289
80585
81007
80947
80623
78278
82359
81654
80529
82442
80243
80301
79788
84614
85727
82204
85254
79864
81757
83165
80435
84963
83865
84336
81382
84406
87744
84836
82096
85236
84128
91573
90409
90582
90106
87098
88171
91978
88130
89743
89816
86515
86015
86011
86163
85976
90718
86737
87566
88199
87608
87408
87503
92101
87498
87913
88319
94395
86159
88916
88888
91467
90172
84325
85575
81466
84055
85398
89936
85347
84195
86717
90925
88866
87767
92075
88018
90090
90963
90233
90964
85686
81413
83637
88330
89814
86157
89242
89987
88280
88133
94158
89318
86680
83956
81173
85902
87991
83763
82362
87473
90190
85446
83327
85668
85656
80356
84147
80782
84533
82262
86749
85542
86494
90150
83420
85543
84365
82736
77775
86970
80940
85049
88240
84884
85911
82384
85372
81308
85755
83017
85797
85621
82315
83548
84912
78132
84896
83520
81825
83728
84650
86403
89571
84324
89222
83919
82555
85555
86531
85094
81536
81429
86357
84782
85033
87420
88018
96813
91080
90020
90065
86948
88265
92324
88649
84658
91541
88299
85958
89579
87621
90221
83431
86869
90120
89827
88469
89524
90235
91640
85942
85254
88825
87285
83885
82980
86044
84961
79967
81087
85623
88675
85093
87120
85360
85103
87343
84048
82612
86199
87039
86216
81705
79796
86796
84149
80250
83269
79338
83172
80856
79509
78553
85151
82465
85284
87556
84461
81205
81907
80441
75927
76251
78015
80599
77991
76284
79945
77359
75780
78659
78909
75176
79786
81320
79085
80051
82227
78236
80247
80397
80743
81846
78346
79416
80015
81456
79426
75112
80466
76159
76068
73494
74806
79832
81209
86769
78883
83345
85719
91221
83706
86667
84899
83866
88341
87517
86233
85801
79238
85761
83206
86341
87017
80291
88492
81562
85344
82140
80485
82912
85802
82316
83067
86430
79697
80604
82535
85058
80541
85019
79485
81665
80532
84522
81101
81127
76677
75428
76288
81398
80733
83908
82369
79156
82131
83338
79757
77975
78564
81181
79933
79836
78638
82006
79217
78376
76879
75886
75765
74579
79134
77328
79662
83782
81768
80878
77875
78881
82849
80613
75201
80473
77235
74079
82715
79385
79264
79964
81850
78999
80586
79895
78430
80184
79488
80488
78757
82095
79638
81040
74738
81153
80255
79879
77499
77183
77222
76808
83081
81106
79985
83207
80698
80273
76387
77207
80192
80971
74949
81218
75029
77342
80740
78479
81281
78150
77013
72406
76363
76497
76013
76742
78015
79136
80515
77462
80883
77824
79337
78846
78067
73988
75627
81306
81494
83301
85584
81840
82267
84169
83718
81844
84333
86731
87005
87299
88995
88466
84291
89198
88709
87411
83048
85906
88395
88100
83766
84974
85636
85153
85747
84738
86972
87603
81618
86387
84289
84342
79452
78170
80993
82776
82892
79377
81348
78394
74061
74528
74803
76046
76996
76442
74757
78385
75319
75779
71652
71719
73888
72407
73694
73438
75851
75802
75082
71185
73149
70549
72889
71947
67900
72405
72395
73127
71392
68125
74123
74959
73447
75568
79147
74881
75929
79017
80147
77564
78626
78432
75945
76402
73610
73631
80347
79402
75884
75672
78498
79937
77573
78045
78275
77884
80391
80028
80523
77577
78564
75118
76949
82221
79645
84260
85133
75831
77947
74553
75123
74573
74508
74357
73095
75216
73720
74462
73069
74226
81838
75796
79047
73150
72575
73906
73268
76586
75996
74356
77084
79525
75958
79129
79499
77091
76450
81935
81008
80102
79445
77608
77807
75580
78981
78049
77278
80288
73582
77529
77658
80804
76174
73791
73070
74987
78193
73083
78955
78286
79066
79578
82486
78435
74168
73362
75398
73235
72891
72223
71784
73052
73449
74732
75251
72358
72706
70503
72710
72950
73008
77538
75698
76765
74289
73852
73910
73092
74072
76337
75263
67183
73742
73362
75345
75059
76422
81356
80059
82264
78814
75064
84447
77711
72339
79807
80019
80789
79170
76149
77641
77638
79530
81353
79124
79540
78187
79451
77343
80097
79878
80328
83688
84567
85673
86853
84178
79101
83409
83652
83907
83040
81518
85536
84079
84706
85096
85532
80655
77884
81613
82308
77521
81833
78835
77879
77011
76971
78828
74153
69270
73924
78060
73046
72514
72344
73913
73321
73628
72535
72683
74373
76939
76695
71359
71837
73467
75100
74687
73846
74204
73591
76814
75303
73708
75780
71926
74779
72950
72842
75608
74646
73523
72619
73675
72777
74693
69956
69842
67655
68548
70756
68857
69851
66750
63089
66975
70012
70175
68749
69415
67506
68095
67212
66010
63253
70239
68749
70269
68489
69950
68052
70818
64860
65874
68671
67283
67752
68546
67180
66844
64684
67969
67649
64920
63975
71092
64089
65027
69051
67150
65073
63199
60925
60310
62518
63563
62197
59776
60199
66287
61284
59171
58756
64376
59771
61582
58556
55918
56637
60078
58752
63386
62273
61867
63553
61064
63860
63849
59484
59471
67981
61050
66063
62695
63366
66583
64121
62024
63200
65906
66375
64893
66013
64611
67833
67524
69360
66234
63558
69015
71027
66215
66982
64945
67252
66821
71856
65256
64079
64538
67570
63460
63923
66239
66115
64945
60244
66466
66294
67727
67255
69635
70072
74560
71431
74072
71209
75477
76210
73035
73847
70439
69542
71722
69474
69123
67888
70198
72648
72020
72895
71444
71504
69514
73722
74835
74354
74547
71236
73823
71260
67762
67639
73130
71338
73683
72253
69467
72243
72305
74422
74492
72439
74279
71698
69431
71623
69957
68588
72159
75663
73953
73741
75888
77586
71135
76236
76468
76456
75329
72699
74540
77672
80415
76548
77380
78004
78570
76956
79380
79602
82582
77752
79118
79849
78961
81200
79508
85472
80780
81092
80020
81176
86340
83169
79919
86203
83586
79653
84559
79987
82729
86147
78486
81739
84562
82196
84414
86613
88305
84772
89916
87110
83905
81379
79640
79276
78014
80631
80013
77016
84100
80169
74283
75432
84859
80555
76897
78083
75966
78141
77744
78187
76728
78116
73921
75448
77288
75321
75440
78083
77036
76346
75244
72823
76828
75536
74256
77425
79069
78597
75308
75343
73582
75580
78593
79177
80340
75756
82427
79252
80447
79820
76416
79545
75300
75879
79884
83554
85193
84216
81373
77553
76903
79283
79802
82139
79706
81806
82447
82675
79558
77948
78689
79427
83366
84407
80337
88833
80055
81854
76106
81316
73967
78354
74904
75231
74648
75289
76492
79850
76555
73279
75265
79547
73025
75043
78125
72930
76941
71842
72558
72662
73741
75349
76162
78807
75458
70043
75162
73041
70706
72069
71344
74573
70931
72679
75825
75721
75055
76330
75364
71562
72594
73813
70554
79243
77094
75914
76764
76763
73560
77498
70628
73489
78924
73008
78137
74381
75424
74095
76453
78541
75276
74585
80715
72750
77516
80402
74987
75758
78246
77423
77109
76885
77863
80485
75187
82457
77623
77368
76548
77579
75291
77172
77709
75492
80143
79870
78511
75531
77060
70678
74965
71572
74150
67631
70341
69048
71321
70113
69118
68647
68836
69852
68277
70162
68899
67293
72373
75899
71267
75008
70153
72652
71773
70759
75230
71700
73190
75884
75175
73223
74888
71800
68546
65764
69206
71849
68864
66889
67757
67199
66969
66450
64523
70524
64792
70588
64161
69181
68614
73696
67518
70049
73619
74198
70879
69393
74282
72093
72909
68086
69765
69916
73721
71800
71961
67079
68704
70286
73821
71728
76687
75336
73196
73832
74063
71802
71298
71922
73154
73863
75306
73397
70938
70583
66806
71557
70143
70661
71454
70234
67595
65396
66761
65476
68047
65796
67794
68204
67751
68741
69551
66070
67815
68885
70370
68798
70471
66118
70728
71111
66085
72413
71413
72893
71955
72344
69260
71672
71995
69283
69415
71920
69970
73249
73593
70664
71355
68900
68111
72955
66063
68960
70700
68256
67809
67652
70487
66850
67893
68369
64084
63655
65293
62972
60392
62661
65185
66752
69091
68141
68851
64523
70017
71894
71582
68470
70936
68551
70505
69550
69010
66684
67639
69616
68408
69482
68231
70294
70529
69124
71529
68283
74280
72823
72344
68572
69914
69475
75006
74086
73732
72787
72437
70713
71523
75055
68484
71545
73489
69913
72616
73112
71390
73305
67353
75715
72028
75290
74700
74290
70894
66549
71382
71648
69663
73545
68247
75749
71009
72004
68979
75565
72838
71910
75019
74308
76674
82928
77132
77712
71904
73824
76912
75573
72226
75157
75286
75863
77731
81270
81532
77070
78204
77593
78068
78003
79961
79553
74456
82800
77994
79546
80411
80330
81746
78282
79283
76142
79325
80038
76412
79632
76584
78199
74220
77564
77384
78997
79264
80050
80540
81102
76562
75671
79579
80692
76933
84832
81626
81102
82282
79938
79293
80984
84388
82632
79105
