"V1"
23008
24080
21607
22670
22382
23807
23449
22303
21177
21911
22694
20455
21180
23318
21862
23209
22196
22389
25250
23250
22197
23658
22165
22155
22139
23208
23663
25129
23794
22240
23434
24485
25787
25036
24795
24817
24231
23311
24067
24113
23685
25913
24281
24502
22432
23141
25301
22451
22968
23276
23682
22255
23738
23185
21983
23821
21936
21800
21931
23567
22578
21959
23467
22685
22976
22273
23251
22607
22876
21465
23678
21114
22926
22219
22628
24305
22943
23712
21134
22362
22402
22601
22471
23340
24190
24665
22406
21527
22586
23004
21509
23999
23231
21098
20736
22726
20369
21255
19947
21137
21515
20592
20808
20127
19782
20152
19469
19385
18920
19924
21167
19117
19751
20711
19694
19760
21999
21264
20483
19388
21073
20755
21116
21275
22132
21247
21972
20154
21315
20081
20140
20183
20779
20808
20730
20399
20772
21453
21307
20594
21177
21542
20215
21050
20128
19312
21675
21565
21643
20140
20866
21652
19924
21846
22598
22079
21513
22290
22271
22484
22883
23818
22962
22355
22277
22918
23826
22737
20386
23490
22131
22444
22453
22240
20984
22458
21924
23059
22842
21893
22811
20613
22268
21227
20507
18394
19966
22057
20457
21071
20326
20266
18838
18720
18710
18721
18569
18123
19143
18025
19807
18422
18525
19690
19803
19053
20198
18760
19185
19281
17734
18834
17892
17690
18694
17291
16908
17111
17762
17023
16729
18069
18049
16813
15894
16435
18444
17891
15948
17975
18474
17458
16966
18540
18830
17393
19153
18433
18585
19085
20361
20546
19763
19882
19024
19076
19783
18941
19034
20938
21847
19895
19003
18162
19103
17631
18187
17074
18564
18135
19016
19182
19621
19296
17965
17848
18117
17047
18345
18580
19585
18041
19068
19951
18554
20998
19858
19578
19933
20273
20496
20400
20983
19534
19613
19619
17959
19382
19676
17575
20000
20271
19497
21217
22071
21790
19461
21405
20932
20221
20931
22518
22666
21669
20331
19544
20684
19557
19681
17857
20603
20764
19486
19872
20663
19006
18744
18456
19056
17642
19442
18664
19011
17803
18855
18528
18986
19017
17787
17781
17380
18085
18144
18905
18845
19252
20568
19394
20229
18009
18574
19251
21019
22624
20527
20744
22420
20884
22066
20203
20270
21128
21834
20733
21018
20348
21175
19306
20904
20604
20319
20237
21982
21024
22059
21030
22499
21353
22377
23602
20969
21394
21592
20579
21914
21263
20393
19658
19183
18959
20361
19387
20499
19281
21039
19945
23313
21019
21221
20927
22458
22523
22928
21278
22492
22903
20550
22317
21712
22713
22520
22948
23160
22259
21747
23334
24572
22594
20816
21851
21215
23674
21767
23309
23840
22772
21048
21494
20635
21272
21496
23833
20582
20410
20506
21501
20122
21135
22261
20950
23397
20952
22246
21324
19887
19487
19243
20847
19678
20712
21084
19983
22023
21384
22765
21300
21643
21599
22897
22586
23690
24324
23718
23182
23183
25183
23926
25535
24294
22842
22183
21751
23344
22209
22973
22489
22602
23043
22660
21371
21097
20801
21110
21623
19391
21837
19866
20395
21472
21728
21719
21622
21442
21005
21504
22007
22380
21341
23097
20462
22435
20206
21019
21791
20926
21193
21468
20451
22425
21834
21587
21647
22610
24106
22973
21608
22086
23571
21575
23518
22974
23090
22816
23031
23219
25261
21913
21774
21476
22438
20536
22426
21186
21379
22148
21015
21825
21520
21017
22490
22463
21652
22628
22513
23332
22586
23333
21642
23514
22342
22777
22140
22276
22539
23783
23386
21410
22226
22840
22791
21411
22002
22734
21004
21883
21628
23350
22226
24155
23319
22968
21069
23952
21194
21660
23378
23231
21304
22710
22608
22943
22022
23716
25136
23917
25568
24584
22341
24822
23467
24722
23099
23123
22692
23658
23371
23162
21277
22455
22620
23968
25150
24627
25068
23972
22617
23807
21023
21167
22014
22606
22406
22774
22590
22213
24022
24110
23358
24122
22511
24515
22007
21738
21762
22564
21941
21769
22256
22661
22151
21847
22147
22327
21834
23933
23886
23859
22436
22572
25227
23522
23833
25140
22940
23107
22497
21512
22954
22199
22642
22788
24165
23026
21422
21986
21791
22129
21734
20957
20560
21766
21735
22413
20566
21745
22585
22105
20605
19711
19063
19829
20287
20339
19658
19083
19287
18443
18586
18486
19672
20577
19731
21371
19616
21290
19274
20588
20808
20221
20181
20478
19343
18840
19971
20768
20407
20226
18709
19577
19683
19176
20117
19383
18708
19519
19500
17500
18874
19163
18134
18494
18724
19814
17690
18913
19882
18562
20599
19425
20125
19492
21139
19864
20436
18126
18297
19355
19653
19556
19533
19297
19467
18956
19603
20331
20537
19738
18943
18137
19570
18556
19428
19304
18498
18678
19438
18856
19569
19653
17114
17552
17554
18210
18975
18039
17905
19147
19043
17982
17496
19270
19014
17523
17724
19218
17614
18040
18119
21089
19157
18436
18486
19510
19604
20283
18128
18835
19271
20823
20083
19472
19079
19305
19755
19853
18612
20266
19604
19861
20524
20247
19575
21035
20493
21235
20664
20888
21121
21721
21396
21520
22006
21174
20710
21673
20863
21865
21376
22027
23428
23244
21973
23846
22466
22416
21957
20741
22115
20468
21956
21737
20626
20691
22069
21614
21889
21691
22059
22485
20963
22607
22590
23057
21885
20326
20902
20623
19047
20116
21008
23133
22032
21345
20918
23172
21613
21017
20171
24222
21753
21487
20276
21387
22442
22433
22328
21760
22860
25636
24687
23668
24544
24656
22797
20271
20027
20593
21029
21351
21050
22030
21920
23554
21347
22167
25018
24267
23607
22874
24042
22532
23187
24843
23437
21953
22271
21533
21200
22670
20932
22450
21871
21488
22181
20666
22209
22414
23414
20883
22276
20848
24547
22775
21987
20979
21406
18663
20256
20295
21011
20781
21627
20341
21811
22593
20262
20837
21364
22643
22196
20928
21965
20793
21911
21953
22764
23509
23455
24373
23058
21430
23594
21921
21522
21176
20294
20495
21118
21495
19232
20064
20223
20560
20235
19497
20131
19730
20126
19853
21088
19945
20240
19250
20903
20061
21555
20295
21674
20540
20649
19911
19655
19653
20141
19926
20573
21616
20658
21060
20781
20707
21919
21559
20344
20020
23436
21773
21429
22447
21366
22499
20716
21293
21267
23443
22120
22712
23164
22153
20805
22854
21975
22338
22045
23058
23139
22966
21503
22362
22816
22141
22419
21545
18805
20724
22267
21377
21547
21189
20846
19982
20296
21287
22337
23542
20940
22845
20314
23907
22472
21424
22601
22468
20854
21807
22818
21600
22069
20857
22248
21348
21829
20921
19610
20712
20614
21777
21152
20452
20567
19868
21227
20469
21289
22333
22744
22796
24111
23030
22735
21894
22596
23785
23314
23247
22390
24718
24509
24071
24548
24514
25559
27424
26756
28592
25887
27643
26401
27171
28403
27400
26752
28158
26269
27851
25348
27943
29617
27126
25261
25537
24615
24835
22535
22116
25141
26190
24335
24293
24481
26507
26104
25526
24597
27802
24215
23764
24137
24620
24971
25181
23067
23299
23339
23197
23614
24979
24029
24846
24880
24619
27019
23337
26619
28237
27983
28466
26048
26243
26971
27566
26192
25016
26438
26745
25063
25276
25972
27151
25213
26930
28342
28817
24996
26286
27748
28269
27350
26490
26081
25387
27405
25304
25473
24383
25288
25095
27524
23777
26265
24182
24877
26735
23659
25370
25752
26362
23525
23953
24031
23976
24179
20373
24921
23306
24115
24417
23792
25148
25386
24361
24724
25509
25545
26528
26532
27922
26165
25403
25500
23393
26818
26231
24001
25086
23416
23656
24164
22633
24395
23908
23647
22451
22621
23011
22303
23350
23682
23150
23124
21934
20770
22179
23318
21655
22525
22639
23891
23377
22939
23183
22493
23204
21216
23339
23251
23447
23395
24835
21873
23384
20920
23021
21314
22681
23424
23250
22316
20997
22912
22402
21202
21951
23693
20900
25203
27166
24688
25743
26785
26696
23936
26287
22674
24190
23268
25069
26116
23430
24759
25486
23684
26840
25871
25467
26625
27744
27483
26060
27785
26792
26710
26036
27666
26499
25652
27141
26270
24769
25770
25875
25593
27006
25106
26574
26086
24926
25257
25769
23376
24442
24739
25235
25268
23606
24912
23693
23318
26554
26646
27048
24803
26490
25215
24591
25429
26385
24970
24711
23845
23000
25504
25838
24527
26634
26099
25296
24554
23031
22018
24788
21058
22795
23392
21477
22378
23394
22910
22972
21814
22382
23983
22136
23650
23789
24408
23928
23839
24940
24481
24446
23984
23421
24334
23826
25321
23662
25944
25079
23687
24111
23857
25733
26196
25449
24702
25572
25342
26889
25764
27015
28284
25809
25545
25394
25600
26436
28202
26867
25853
27134
28412
28273
28295
27838
26156
28812
28890
26729
24215
27193
27530
30155
25788
29932
28769
27701
29780
29039
28990
26731
28526
28311
29925
28973
29990
28648
27488
27357
27157
29129
26900
26202
27296
27301
25789
27429
25355
23767
26449
26831
24192
25114
23865
25487
23543
26194
25132
24660
24285
26931
22829
24902
23668
23512
26076
25214
24566
25997
23584
23984
23370
24432
23707
24115
23881
23876
25028
24503
23423
23392
23392
22958
23565
23799
23806
23714
23173
22633
23220
24226
24555
23095
23485
24716
24685
23378
22192
21950
21878
22152
22929
22897
23308
21924
22088
22216
23873
21142
20863
19642
22083
22196
24124
23391
21300
20499
22489
23610
23216
22203
22062
20991
21769
23155
22116
21668
20986
21669
20508
19497
20235
20587
21320
19537
20857
21050
20532
20814
20264
22107
21390
20661
20737
20602
21322
20204
20936
20446
19631
20084
20232
18681
21452
20496
21128
20322
21357
23208
20954
19423
21577
23872
21354
23914
23650
24131
25406
23887
22689
23995
21975
22039
23086
23962
22350
23270
23314
21907
23077
24157
23138
21580
23584
22358
22814
23310
24725
22286
22838
23886
21612
22145
23281
23890
23475
23891
23446
23076
24427
22340
22410
24511
23230
22073
23552
23317
21391
22218
22094
23197
22318
22314
21564
21991
20173
22068
22879
21160
21328
22767
21386
20939
23571
22147
22399
23528
21918
20963
21415
22098
22487
21243
20780
19624
19734
20103
21723
21912
20951
21463
23522
22864
22609
22529
21002
23536
22269
22271
22633
21778
21104
20604
22076
21116
19826
21940
20780
21657
21678
21798
19210
20533
20256
20548
19549
20926
22037
22436
23090
24621
25329
26501
26221
22896
23502
22482
24878
24750
23671
23716
24226
24434
23644
26134
26313
29626
26407
25578
24594
23692
23649
26900
25598
27568
26283
26079
25521
24313
28101
26198
27272
26389
24364
25078
24331
25326
24007
24528
23075
24540
24416
25286
25091
23901
24658
23850
24808
24281
24006
25486
23835
24456
25476
25490
24615
23556
25000
23958
23332
25035
21206
24923
22354
23360
22781
22612
23054
23257
25184
23884
24550
24320
25140
24290
24240
25538
22482
22193
25434
25130
23783
24262
22509
23263
24771
25332
24942
24325
23166
22564
22656
24521
24357
23666
24313
23466
24944
24255
24073
23802
24477
24243
22493
23047
21846
23406
22397
23263
22639
22941
23549
23250
22371
23437
23206
25910
25437
23818
22594
22542
21916
24027
23015
22804
23305
22657
24532
25070
23982
23715
23577
23858
23498
24534
23339
23006
26618
24178
25117
23817
24239
22738
24032
24502
24193
23879
24695
25370
23865
26165
24151
24305
25268
26157
25484
24113
27570
27918
27193
26793
27751
25587
26290
26288
27528
26867
26401
26691
27913
27648
25951
24995
27565
28510
27523
24217
24277
25461
25619
25814
24284
23170
23015
23491
25018
23937
23565
23574
22902
24923
23156
23359
22880
23762
24190
22893
22585
22307
24234
22444
25409
24512
24091
25578
26041
24861
25734
24559
26093
24721
24263
23535
25998
24998
23775
23484
25978
25729
25234
24828
25927
24614
25013
24928
25433
25747
26933
24347
26427
22522
22272
23828
22131
23182
22823
23206
23315
23599
24588
26307
24761
24754
25784
23524
23872
23220
23092
23480
24011
21689
22798
25848
22492
23457
24490
24608
24591
24800
25294
24785
24200
23632
22890
24795
24930
23925
23182
23034
22555
22417
24287
23680
24534
23066
23031
22644
23119
24443
23785
24215
22190
22805
23620
23809
23244
24472
25018
25068
26408
24478
24870
23865
23727
23884
24174
24050
23038
23964
23582
23601
21086
21655
22993
21034
24945
23652
24036
24046
21721
21247
22564
21968
22361
23843
22962
22214
23391
23011
22953
20876
21886
21676
22017
22007
22441
22192
21770
22069
22612
22971
24167
20552
24780
24310
23144
23449
24642
26659
24255
25269
23174
25192
23578
24456
24154
24128
25939
24736
24919
22619
25982
24544
24794
24021
25467
27029
24431
23273
23441
24789
24012
23195
25446
27193
27139
26717
26272
24034
26247
26672
26294
28580
26843
26648
26624
26701
30371
25318
26571
25164
26050
25971
27152
26024
25997
29328
27769
25319
25596
24210
25805
24246
23149
23912
23864
23044
23829
22320
22701
22071
24028
24144
23166
23666
23287
23205
23770
23259
23003
22986
24097
24839
24264
23543
24121
25099
25051
22107
25076
23916
23966
23569
23736
22260
23812
22167
23733
24523
24444
24014
26003
25011
24449
25101
25220
24449
23265
25725
22725
24684
25085
25903
22643
23359
25240
23257
23630
24716
27623
25085
24956
25914
25267
27520
25761
26409
26660
25403
23580
24002
25988
25366
23696
23946
22696
22181
22548
22344
22640
22160
23268
22996
22449
22892
22793
22459
22812
22484
23465
23922
24811
25558
26558
24123
23621
21597
23364
23548
24429
26797
26454
25977
27747
26537
23321
25231
24868
26858
25890
26067
25631
24568
27137
24030
25933
27984
24261
25296
25695
26061
25319
27099
25819
26808
26059
26803
25976
25778
27048
26568
27703
26960
25387
26141
28116
28154
27134
29422
30238
29376
28069
27549
27992
29018
27839
25161
26982
27760
25460
26344
27928
26877
26674
26353
25644
26842
27452
28933
28233
26732
26123
27869
27308
25972
27971
27233
28054
27200
28742
26949
26168
27214
26397
25918
27134
25010
23986
25284
26654
25669
23649
24607
25323
23099
26745
23378
24357
28185
24794
24350
27609
24841
25002
25666
25615
24754
23452
25930
25878
26107
27111
23983
27340
27010
26701
27594
27677
27954
27756
27221
29196
26991
25636
27735
26729
24886
26095
24520
24155
24674
26488
23740
25015
23903
25157
24182
25551
23493
24961
24222
23333
24923
24331
25760
25091
25119
24024
26108
25657
24774
24243
23227
24450
24442
24096
22646
24927
24381
25298
24592
24909
26329
24039
22490
25322
26453
24380
26355
26248
25911
24487
23272
24675
27670
26569
28129
25310
25291
26185
25271
25415
25451
25306
28095
26710
25593
26078
23568
25754
28109
25757
25090
25577
27727
27922
26643
27160
31279
29124
27685
29518
28344
27872
28535
28529
27235
29543
28984
29608
30350
28531
31533
30815
28427
29080
29657
28496
28356
28876
30030
27307
29586
30289
28782
30024
28484
28802
30140
30489
28777
28342
29370
27868
31853
28530
29691
29723
30718
29240
29223
29733
28460
29856
29703
26326
28518
28754
29488
26696
29233
27567
27499
25405
29211
26966
27727
31027
29756
30004
27634
28288
27383
26873
28140
27858
28857
27617
30431
28609
29825
30855
28150
30190
28429
27602
26066
25685
27469
26859
25897
26387
26374
26764
26676
26104
24847
24781
26264
27009
23934
26555
27362
27516
27603
24918
23647
26183
25498
26279
24797
25876
27275
24384
25831
25798
26666
25189
24156
24414
24041
24079
25110
24199
23646
23500
25454
25630
25152
24640
25120
24594
23871
25042
27327
25235
26896
26322
26344
27168
26240
28005
26684
25851
25434
27614
29560
26594
26309
26991
26188
27203
29140
26267
24661
27047
25835
24145
25887
25797
24439
22795
23274
23154
24061
24179
22520
22396
22966
22636
21289
20701
20809
22582
23354
22429
22951
22735
22523
22262
24426
23787
23656
23003
24386
22551
21555
23847
25561
22257
22292
23764
22343
22982
22909
22728
22728
22359
22320
22500
22987
21578
23297
21970
21168
19864
21009
21399
20044
21049
20463
21326
20728
19922
20612
20435
21370
21559
22861
21905
22693
20649
22462
20597
21331
21745
20393
20189
21737
20568
20188
22126
20100
20495
21796
22110
21651
22999
21919
21766
22544
22034
22214
23171
24960
21804
23524
23512
24040
22979
22492
24186
22576
23663
23694
24210
25518
24066
25278
24095
25868
23240
23729
23345
24788
24608
26218
25216
24815
25806
27095
23378
23577
25341
26403
24757
25193
25405
26894
25378
26106
25820
23438
22581
25102
23221
23831
23115
22690
23263
23083
24404
24490
25638
22382
22662
22831
22187
20606
20733
23041
23363
21519
23842
23670
24258
22143
24233
24446
21940
22202
22896
24149
24504
23845
23113
24055
22248
22492
23282
24121
23297
24450
24064
26170
24575
25353
27351
26162
25697
23681
24935
26111
24014
24539
24461
24432
24033
24619
23944
23245
23840
25696
23953
22852
21846
22798
23664
23584
23303
22243
22066
23625
23869
22947
23093
23995
24198
24465
22555
21937
23045
21907
21951
22352
21493
22228
22941
21605
23686
22076
22621
23479
22252
21357
20876
21844
23718
24129
23079
22195
23952
22939
23155
23032
22898
24271
24190
22661
22969
23452
24232
25208
23978
23926
24820
22225
23416
23865
23402
24286
24137
25082
24522
24775
24990
24364
22901
22762
24206
22921
21935
23591
25205
24192
22985
22855
23750
21556
24464
23358
24458
24753
22799
22272
24726
23375
23898
23037
24835
21320
22341
23871
22651
22454
22622
21283
21500
21746
22412
19870
23219
23222
22434
21066
23393
21915
23753
22194
23084
22185
22740
22833
24933
22294
22174
21987
21490
21577
21476
21080
20661
21080
21476
19575
21066
20901
20032
19673
20401
20826
20804
21470
23090
23310
22515
23369
22849
23371
24206
23086
22440
23572
25580
24118
23029
23058
23078
23833
22097
22039
23327
22630
24628
23850
23870
24855
26160
25024
23985
24441
25375
23573
23031
22805
24873
23419
24733
23290
23038
21092
24682
22546
23563
24143
23174
24421
25151
23219
22172
22983
24658
26484
22996
24164
22389
22830
23469
22493
24630
23242
21947
24910
25338
23107
23730
23223
22355
23237
23022
21772
23586
22722
23838
25632
26062
23753
24500
25601
23570
24581
23563
21775
25012
23059
23319
24062
21985
23409
22843
20095
23578
20983
20276
21502
20936
21416
21852
23172
22551
21181
23745
22286
22798
23229
24432
23693
23425
23095
24281
23445
25410
25638
25056
26834
25322
26588
26043
27847
25820
25052
27139
27140
25438
25220
26394
26091
27318
26399
25458
27113
24972
25441
25529
25575
25993
24308
25109
22574
24829
23864
24554
25294
27703
25623
24691
25489
22870
24130
25646
24112
24575
23881
22538
22934
23168
23739
22176
23425
22655
23850
24027
21695
22473
21035
21065
23437
22053
21446
22432
23662
21343
21952
23117
23144
22960
22059
22084
21432
22086
22305
20476
22330
21860
22385
22263
21364
22020
23614
23544
21736
23661
24585
23496
22534
24412
22517
21795
23698
22291
23160
22605
21889
23098
23211
22203
22956
22324
22308
23142
23762
20713
22052
20827
21182
21829
22519
22436
21126
20604
21183
21786
21242
20832
21435
21993
21438
22613
21954
21355
21600
21772
20743
22367
23163
22306
23534
21729
23319
21785
23137
22296
22538
22185
21228
23849
24559
23947
22544
24358
22931
22769
22815
22772
22387
22906
21469
22823
20977
21172
21777
22370
22612
22666
25091
25758
24647
23684
22908
22509
23437
22500
24228
23160
22838
24508
23353
24294
23405
25501
24590
26248
25053
24252
24825
22719
23434
23512
24395
23249
24224
24827
24695
24253
25716
22607
23367
25903
23634
23237
25077
25570
24197
26027
24411
24150
25753
23916
24036
23984
26058
24364
25673
26174
26109
26125
26610
26318
25262
26001
26741
26610
26671
26355
26066
27401
26773
26226
27312
26328
26470
24436
25386
27337
26581
27587
28886
28660
25055
27065
26280
26341
25802
27257
29783
27134
27405
29275
28740
26113
25120
27910
26731
28427
28257
25107
26069
25410
25791
25204
25533
27345
25051
22950
24481
23961
24079
24991
24284
25997
25178
26732
25498
23790
24607
23767
22341
23595
25001
24712
24009
22522
22734
22300
21694
22454
25259
25154
22708
23850
23151
24573
24046
24873
23150
25374
26875
24983
23505
26456
23008
23872
25336
22402
25188
22968
23273
22575
22935
22539
23008
22661
23280
23180
25587
25046
26371
25147
25693
25252
25378
25133
26229
24457
25064
24029
23501
24054
24858
25305
23918
24202
24839
25437
25320
26068
24826
27274
25766
24779
24711
26870
24426
24709
24520
25765
24698
27077
24935
25682
26359
25275
24247
25877
25886
24479
26152
25930
24251
24043
23913
24182
23784
23637
25354
24175
21999
23627
21850
22260
23079
24612
25783
24201
22744
22737
22854
24480
23228
26720
25327
24682
25611
24731
26651
24647
25150
25445
24933
25313
26335
24768
25607
23374
24051
23616
23343
23742
24228
25177
24604
27761
26128
24952
24369
23683
24809
25360
24198
24192
22942
23637
23486
23395
22732
22213
22905
24295
24006
22457
24463
24330
22477
23857
25298
23220
22272
24789
23922
26274
27088
26673
25688
25006
26749
23709
25340
27667
25334
24117
23554
24602
25594
25650
25565
26632
25102
24134
25701
23736
26343
26295
25403
25730
25723
24069
24840
25045
27801
27978
26358
26258
25518
26824
29126
27310
27021
28541
28421
30289
29486
30722
29362
30951
28597
27196
30960
27142
27227
27284
26157
25169
25476
27298
26530
26804
28052
27259
25651
26442
26180
25646
27058
25556
24586
24881
26311
26969
23908
26299
24977
25831
23851
24406
24615
24951
23783
23677
23682
24951
24806
26173
26534
23564
26172
24614
26131
26458
25423
23740
24875
25671
25854
25399
27067
24895
26324
23356
23808
23954
22998
22867
21961
23404
23567
23626
23619
24596
23141
23202
22667
22586
21332
22845
22699
22510
22555
21486
22045
20810
20910
21107
20734
19318
20880
20112
21319
20729
19889
22208
21072
19296
19731
19371
20097
19917
19375
17733
20357
20751
20165
20646
21245
20740
22952
20725
21665
21645
21143
21801
20994
23511
22348
22455
22065
23092
23946
21758
21092
22599
22786
21583
21547
22714
21955
21931
24918
23487
23602
22934
22196
20373
21832
23094
21180
23223
22213
21475
21399
21814
21580
21967
21486
21436
23295
21536
22319
20749
20218
21393
22701
21071
22220
22757
22241
19351
21876
23222
21201
21505
20870
21099
20443
20913
20670
21217
20179
21362
21137
21460
19848
20294
19557
19389
20056
19108
20863
21319
20180
19933
20938
22122
19348
21020
20917
19561
20149
21902
22114
22470
20754
20900
23703
20701
22471
21910
21271
21402
20548
20432
20142
21025
19292
20897
22006
22849
21805
21726
23597
22902
24753
23519
23245
26325
27707
24927
26491
25725
24574
27614
27832
28062
26371
27390
27031
27762
27045
25502
25415
25175
27275
26332
25976
25246
26464
27221
24838
27506
26938
27705
24111
26939
27490
27568
24934
26290
25390
28225
27879
28136
28190
27390
25195
26547
24524
25953
24825
26130
25113
25170
22570
25798
25275
25061
27106
26433
26137
26539
27283
28287
27577
23857
25622
26568
25109
26380
25335
25182
25968
27033
26250
27188
26110
27823
27013
29458
29295
27373
30368
27142
25351
26304
26283
26273
25346
27043
24311
24165
26800
24128
23706
25161
27350
25093
24795
25087
23012
24724
26651
23478
24461
25498
25371
26401
24602
25258
26712
27239
27313
27224
24268
25896
25436
25923
28047
27354
27185
29093
28526
28117
29127
25489
25250
28746
26765
27232
25751
26366
26588
26348
27305
26040
26363
25933
25693
25194
25718
25387
25903
23244
24976
24745
25120
24229
26470
25209
24423
23635
24560
23892
22444
23505
23269
24451
23830
22821
23620
24124
24735
23825
23092
25018
24553
24118
23319
21435
22588
22771
20757
20447
20600
22914
21158
22803
22410
21415
22547
22382
22280
22744
23255
21500
20415
20708
21754
21074
20604
20827
19677
19047
22364
22065
22195
20774
21538
19486
20949
21171
20180
20389
22096
22229
20577
20134
20724
21158
21117
22697
22785
23865
24088
23060
21617
23432
22191
21621
21804
22543
22260
21704
23099
21758
21604
22459
21835
24012
23608
23263
25754
23126
23141
23518
24353
25080
24734
20645
25281
23672
21799
22150
21323
22751
21797
21360
22343
21038
21746
22109
24030
23862
23241
23165
25018
24870
24943
25614
25920
24654
24146
25849
22135
24314
22123
23477
24183
23241
23259
22838
23204
22407
23219
22678
23355
24660
24267
23967
23363
26742
27466
25277
24200
25586
24724
27225
27435
25576
24904
25044
25314
26450
26571
26840
27434
23852
24117
25210
27971
26150
25724
28700
27010
26169
28484
25593
26672
25540
25568
26697
28722
28462
28850
30704
30023
28528
28711
29042
30754
27678
29303
29829
28744
28784
29989
28579
29080
25934
25968
28207
26491
27482
28590
27838
29104
27518
29551
27380
32358
30826
31233
31726
30367
30019
30091
29286
33866
32567
30655
29099
30607
31367
29896
30499
26739
30674
30285
30267
29004
29340
27802
29456
28451
29791
26134
28215
26131
29913
29768
28443
28055
25925
28120
28828
26685
27534
26206
28180
27482
26317
27608
27242
27146
26983
27063
28035
26014
24471
23705
24485
25140
26808
24698
24501
24564
25118
26479
25804
26411
27075
26629
24824
27595
25868
24347
24597
26699
25623
25306
26072
26503
25211
24485
25114
24030
24869
26003
23530
26262
25217
26817
26990
26163
25715
26553
24782
25763
27569
26573
26910
26762
26378
28265
27654
26795
26763
25879
28588
28486
26235
26524
28640
29636
30239
27736
30777
30401
30295
33784
29343
27946
29120
31256
27595
29248
28316
28908
26943
29309
27720
28030
28721
27972
27561
29739
27121
29073
31060
30424
28962
27989
29670
29457
28570
29708
28446
28576
26038
26868
27138
28771
27741
28056
27151
26070
26299
25983
27418
29023
27326
27459
26836
27920
28978
28211
28398
29288
26067
27836
27931
30378
30777
28557
28741
30255
29246
28644
25510
27688
26402
25383
26403
24141
24778
25133
24339
24050
23963
26290
26437
26311
27849
26752
27596
27487
27845
25131
27136
26549
25705
25254
24803
23292
25210
24246
23802
26292
26842
25142
26281
26229
28690
27108
27403
25535
24874
24502
25985
24699
23936
27355
27654
26694
28157
24579
25333
27930
26169
26712
23869
26258
27076
26650
27863
25618
26806
26219
24478
26369
24413
25269
24055
26100
25031
24383
24801
25179
24537
24656
23869
23344
24182
22465
23679
24022
23228
24247
23706
22899
23456
23332
22931
23412
23856
23744
23902
22761
23941
23159
24207
22587
22474
25040
25196
23021
23447
25199
24192
26030
25534
25408
24480
26910
25487
26073
27521
25240
26055
25089
25803
25571
26868
26574
24895
24799
24784
23805
24471
25841
23423
23216
24031
24261
23394
25475
23838
22431
23685
23390
25288
22963
23254
21590
24206
23351
23789
22954
22503
22069
22298
20566
21845
23166
23701
24346
24197
25176
23730
22985
24966
26134
23609
24523
24459
22400
24994
23295
21643
22289
22140
22806
23757
23689
23141
22281
23003
22126
25429
24334
25202
23675
23688
22174
22164
23300
22087
23694
24269
23830
23003
24209
23470
22866
24313
21873
20907
23034
23271
21578
22520
21916
23177
22151
23353
25274
23543
24258
24440
24781
24464
25285
25497
23418
25773
25680
26183
25624
23539
24195
24012
24933
24933
24544
24599
24488
24507
26210
25722
24036
24046
22722
23798
23746
22359
23258
23497
22560
21992
23902
22673
23211
22902
21685
21434
22200
24023
23658
23151
24669
23863
24313
24169
22116
23731
23292
22499
21640
22604
22036
20410
22361
24653
22217
22139
22827
21972
21636
22452
22912
21888
21446
21336
21132
20454
21232
23199
22021
22494
22713
21913
22062
21668
22887
23524
23551
22799
22538
21939
22224
22417
20205
23461
22307
23456
22350
21909
21285
21486
21219
22292
24091
23000
21898
23317
23375
23124
23117
23751
24788
26225
22650
24163
24196
23742
25981
22582
23894
23124
24775
23791
25005
24672
24637
23471
23590
25272
23320
22053
23253
22856
23014
24778
23953
21303
23584
22398
21776
22282
23758
23401
23598
22822
21694
20502
19844
23141
23001
23331
23681
21482
21850
22144
22121
22269
23184
20983
22099
20898
22068
22312
21468
22562
20098
20945
20180
21592
20037
20154
21619
21955
21830
23228
22176
22118
23023
24472
22816
25479
25886
23875
24355
23191
22580
22737
20824
21869
23312
22783
22549
22424
23589
23064
21677
21295
26635
23161
21423
22530
22853
20040
20429
22392
21289
24024
22581
24373
24198
24729
22340
24143
25425
25163
23801
24200
25032
23428
25303
24337
25458
26209
22600
25357
24784
25199
23605
25784
23623
22469
24369
21565
21834
24595
21783
22375
20601
23122
22929
24545
23747
24350
23040
22467
23771
23841
21421
22919
22593
22993
23270
23126
22022
23521
22052
25558
22916
24589
24918
25226
27096
28415
26451
25282
26035
24709
27570
24962
26073
25659
25427
27674
25824
26048
25485
26152
26812
26280
26952
26386
26163
26259
25632
25303
25268
26721
28361
26264
29327
27147
26278
25071
24916
24274
26202
25466
26799
22670
25480
24708
24797
25669
27218
25876
25621
24723
24564
25302
26885
23328
24818
23703
23371
24006
24642
24044
23721
22566
21846
24770
24295
25429
24018
25228
26037
24177
23618
23865
25704
23850
25365
23902
23792
25010
22811
23080
23583
21835
24642
25284
25809
25773
23948
24020
24545
22836
24018
23989
24372
21667
23543
23209
23840
23452
22855
24519
24814
23721
23428
23225
23507
21126
22880
22950
22434
21770
23241
24101
23549
24914
24001
23410
23374
22425
25051
23549
24433
24341
23539
24733
21929
23143
21252
22147
21810
22230
23137
23306
22878
22762
20868
23357
20933
23628
21006
20950
21697
21361
21732
20212
21486
20546
20328
20438
21676
21651
20607
20747
22263
20093
20501
20540
20474
19754
18613
19330
20878
20487
20013
19815
19252
19710
19002
19178
19251
20823
18915
20800
21748
21204
20373
19343
19896
19416
18510
18619
18828
18923
19259
19785
20167
18703
19618
21300
20222
20295
21043
20215
20648
20818
19362
20107
19596
19333
19426
19720
19865
19930
17818
19074
18255
18619
17714
18504
17377
16396
17395
16696
18822
17899
19358
20052
19907
21371
19496
19966
21609
20868
22343
21891
19328
20613
20032
20414
19934
18923
17111
18489
18757
18470
18901
18492
19365
19294
17962
19388
19932
20096
20322
18087
20039
19012
18456
19072
19999
17979
20269
17554
19861
19440
21379
18941
19757
19869
18838
21043
19316
21457
20727
21012
21985
21563
24398
24346
22957
24430
21153
22147
22758
21265
21342
22526
21810
22860
24202
25038
21885
22598
24032
24217
23361
24459
22318
22108
22918
21654
21624
21678
21071
21876
21320
21758
21992
21502
22353
23547
20721
20386
20074
21499
21050
21168
20159
21313
20840
22445
22006
22507
23162
22778
21732
24105
21679
23724
21457
22139
21546
21866
21063
20878
22733
21007
20091
20660
22173
21915
20761
23283
22425
22421
23035
21414
22594
22268
21311
22827
25871
23930
24276
23915
24878
26544
23938
26231
23904
25626
26481
24682
25635
25748
24930
23555
23361
22268
23031
24087
25297
24465
24275
24459
24652
24794
23074
22601
22663
24503
24319
22558
23762
22247
22074
23633
25049
22729
22998
22214
22195
20999
21650
22369
23035
23504
23075
23973
22496
20967
21713
21774
20698
22363
22099
22906
22078
22261
20931
20236
20652
19689
20832
19489
20302
21572
20934
18349
20869
20126
22166
22386
21523
20909
21563
22970
24700
23178
21666
22233
23024
22141
19802
22225
22610
21463
21475
22974
21828
21610
23473
22366
23233
20871
22546
23330
23328
23154
22330
22387
21224
21051
21892
22341
21892
23070
22559
24351
23478
23159
22906
22393
21131
23411
22979
20852
23946
20964
21624
20708
21683
21592
21426
21233
22319
21090
20430
20938
23105
20596
20686
21933
23676
22419
22177
21513
21692
22382
22005
22900
22791
24146
23334
23986
23871
21680
24233
21472
20905
21097
20666
21282
22630
21000
20872
22337
21863
23227
21748
22349
23266
23482
23157
23671
24094
24075
24641
23614
23957
22287
22698
23234
22658
22562
22666
21046
22361
21490
