"V1"
34263
34809
34613
33391
35070
35795
35299
37114
34091
36500
35545
37310
36690
36616
36829
32796
36920
35829
36799
35621
32869
36326
32687
36189
33977
34532
34034
37480
36919
36075
30622
32539
30815
35282
34378
34764
33650
32499
33841
33295
34323
31721
32272
31768
31777
30307
32548
32697
31174
30703
30652
28917
29594
30635
30847
34066
33645
31830
34648
35267
32901
32993
31547
32212
33574
34258
30338
32432
31877
32476
30754
31338
32280
32129
31981
34348
32140
34084
33526
31695
33301
31961
30365
30676
27531
30052
29050
30247
30137
32013
31541
31954
31838
29021
31848
31712
31175
32491
31465
29194
31343
30508
30599
30485
29365
31595
31918
30900
28502
30000
28198
30135
29409
28339
27988
28509
31118
28028
32444
29286
29850
31504
30437
30732
29818
28440
30919
31784
31511
31418
33194
30944
31079
30634
29059
30044
29428
29143
29994
29956
27775
29784
31268
27151
28533
27643
28171
28044
28800
27817
30250
26252
26550
28393
28176
29306
29761
26722
29479
28480
28795
30717
28355
28437
30777
29116
29516
30025
31531
31455
28607
30660
29994
30591
29025
31329
29235
29966
29168
30177
30681
28648
29616
28489
27402
27565
26317
27169
24941
25317
27397
26872
24532
26026
23921
28111
26963
25098
24835
25246
27778
26207
26035
25665
28342
26071
26253
27512
27752
27675
26549
26974
26417
28087
27865
28511
26573
26214
27401
28004
27775
27960
27060
27201
27537
27332
29657
27912
26800
27043
24512
25959
26677
25868
25946
26217
26053
25871
26636
25352
25329
23965
28624
25929
26098
24405
23644
23543
24027
24551
23902
22952
23338
24275
25604
23893
23808
24279
22936
24404
26478
26298
25554
25645
26176
26472
24233
25779
25341
26942
25540
25694
25289
26166
24698
26275
25057
23368
24066
26131
26523
28669
26409
29442
29981
27120
27129
27432
28992
25225
28873
27913
25708
27182
27518
27674
27892
26332
25904
28254
28369
26810
26032
27605
28222
27305
27571
26892
27467
28009
26882
27429
26108
26318
24955
24730
25696
27277
26771
26204
26732
25344
26525
26868
26707
25395
25626
25394
26179
26207
24802
24378
24071
24074
24639
24386
23583
24977
23714
24414
23801
23551
25339
25108
25086
24975
25076
24672
25592
24881
24973
26529
23998
25424
25156
27303
25974
25678
26365
25925
26350
24570
26095
24947
27194
27459
27533
28017
26013
27885
26754
25015
25247
25737
24756
24297
24018
26019
24173
26165
25831
23654
24651
26038
25429
25175
25058
23315
24587
23691
23080
25266
23932
23341
23373
22307
21817
22085
23481
25085
23125
24224
23915
24599
23282
23483
23347
24052
22515
23648
22597
22944
25243
23654
23021
23538
23416
23783
23855
25977
25278
25369
26891
24216
25195
26179
24612
26536
24656
26187
25942
25898
27332
27745
28279
26727
28630
26851
28608
25919
24917
25410
26778
26278
27272
24226
26046
24231
23282
24387
23770
22063
23505
21242
24682
21171
23326
23066
24054
23410
24175
24548
24225
23706
26833
23997
22729
23150
23283
23424
23383
23748
22940
25033
22082
23534
21375
20518
23345
20774
23887
22257
23111
23769
24076
22993
22440
22755
22720
21475
23075
23829
23951
24219
22342
23094
22433
23164
21570
23472
23293
22772
22570
22194
22701
23852
24405
22185
23148
23716
22490
22796
21936
22692
22940
23365
25191
25400
23394
26932
25538
25344
24729
24980
26324
25129
24093
24372
24121
24698
25433
25971
25314
23890
24961
25875
24142
23923
23416
25064
25006
25438
24573
25153
25702
26791
24339
24624
25144
24306
24187
24264
24636
22884
24624
27420
24681
25209
23580
24780
25986
24470
26344
25792
25531
26427
23807
25411
24662
26152
29494
27489
27167
27983
27288
27554
29346
28944
28684
29208
29002
28806
27861
29601
28789
28557
29598
30318
29451
28685
25642
28815
27067
29218
27285
27539
26157
30582
26316
27613
27800
27289
26821
29984
29764
28038
28862
27813
28049
28495
28965
26828
29292
28376
30980
28972
27314
27123
26986
26955
27927
27366
26520
28666
25862
28319
29748
28064
28844
26896
27940
28492
29075
27450
28837
30840
29883
29574
29476
31877
30535
29274
29780
27805
29785
28102
31372
32850
32006
30652
30358
32097
31551
30872
31804
30323
31652
31194
30997
30274
28310
28122
28286
27261
26986
26303
28959
28215
25782
26552
28977
26816
25387
27084
26186
25344
26599
26049
26271
27468
26519
29589
26488
27872
28121
29765
29050
27100
26228
26117
26451
24666
28244
28062
27512
29185
29580
31555
26786
27254
27763
30708
29118
31942
28903
30157
29075
30239
29161
26997
26850
28304
25704
26321
25230
26697
26074
24863
27010
27803
26649
26720
26474
24984
22900
23390
23702
25305
25888
24272
25469
26084
26179
26775
24722
25845
25078
25877
25475
24923
24646
26125
25378
24882
24627
27287
24526
25482
25674
24343
26532
25347
24171
24559
24321
25098
24425
25004
25333
26449
24405
25586
26921
25798
26472
26233
27094
27505
25502
27281
27605
25458
26260
26419
26682
26214
25113
25394
24513
25325
27837
26417
27092
27159
27783
27657
26018
26920
25743
25531
25498
25464
26555
27221
27386
24805
28439
26323
26224
26235
24461
26507
27203
26556
24774
24606
27481
29055
29346
28499
30187
28437
28820
28170
29255
30665
29557
28127
27371
30450
29826
29504
29529
29088
29406
28421
28301
28437
30476
28967
27758
30642
29071
29014
27123
30063
29071
26380
32521
28790
25482
28537
26915
26799
28208
27247
26132
29734
29391
27376
29478
28473
28155
29912
28181
28707
29134
28259
28001
29674
27829
30236
27462
29462
29898
28493
27953
27297
28001
29192
29465
27249
29102
25164
27236
30284
29226
28523
29034
28336
28297
27831
28488
26900
27224
26476
28258
26913
27919
27408
27311
28458
28400
25463
26900
25816
26651
26817
27236
25980
23396
27762
26530
26228
26926
27759
27531
26617
26454
28646
28941
29057
30708
30023
31459
30336
28013
29998
29569
29461
29933
31085
29265
28986
31316
31217
30758
32411
31506
32522
29454
34067
28473
31267
30832
29013
32189
29370
31345
31441
29773
29687
29059
30950
29783
31901
30663
29222
28712
28069
27164
31039
29304
30657
29092
27980
26885
28898
28783
29385
26403
28576
28674
28645
28423
28544
28209
28535
29679
29320
28920
29299
30140
30582
30230
29729
30918
30742
31333
31358
31260
32930
32068
32165
31260
30287
29701
30453
29269
31642
33384
30246
30889
29891
29458
29988
30067
26214
28095
27054
28007
27025
27497
27554
26456
27395
28162
27002
28294
27931
25240
24995
25091
26935
26034
26233
24480
27168
24474
24817
25822
28664
27314
26981
26919
28723
27354
28598
27723
30939
28454
28298
30657
30944
30179
32226
31365
28523
27189
28993
29456
29707
27630
28404
28940
27313
27161
26708
26096
25094
26703
27494
26044
26806
25362
28770
24137
25318
26523
27187
25961
26513
28013
27455
28368
30299
26139
28405
29595
29160
28072
28035
31047
27427
27684
27210
28317
28884
24813
26359
26738
27119
26389
26099
24909
26618
25397
25258
26791
25443
25943
24590
24473
25187
27099
26133
25981
25615
26250
26512
25638
28283
26945
25066
27212
23862
25176
24157
24846
22942
24273
24548
26419
26590
26484
28682
26162
28562
27480
28332
27635
26748
24289
27478
24765
27248
25737
25520
25719
27339
24696
28981
26684
28383
24550
26768
27352
27153
26374
25539
26218
25982
27741
27624
27726
26987
27641
25635
28771
28036
26975
29978
28971
30629
28583
31948
30040
29416
29517
29439
31382
31737
28846
31291
34930
33387
29420
30481
28836
30174
29730
30131
29111
30288
27133
27457
26033
27979
30362
28993
29273
27790
28003
28625
29835
28004
30148
30968
28512
30093
28987
29052
28459
29200
27939
29503
29960
28459
28596
31472
30788
29437
29673
31630
28767
29088
30450
29039
30319
30311
29896
31675
32227
31910
34218
35588
33788
31031
31168
31747
32687
33407
33473
34719
32500
34901
35161
32481
33851
31479
33567
31945
35267
32710
32190
34316
33808
35127
34775
36065
33652
30018
31101
29819
31861
34597
33314
30512
31072
30655
28579
26999
27690
28973
29715
29717
30831
26135
27820
28318
28551
29342
28364
26165
27936
30779
30681
29435
29225
28704
30417
28918
29248
31029
32140
33385
31357
31525
30485
32191
33457
30306
31246
31507
31277
29983
32531
33772
32992
31749
32884
30524
32361
30580
31950
33896
33480
34956
35214
32264
34373
33010
31936
31733
33456
34058
31621
33625
32962
31684
32521
29946
31873
31547
31386
29401
30337
31296
31216
31221
32136
29295
30287
30221
31472
31508
28543
28811
29082
30412
28577
28081
28181
29538
28030
28686
28890
29081
27378
27814
28212
28820
29814
30759
29426
27190
31487
28481
29675
29414
29690
30392
29361
27259
28525
27523
28432
30528
29844
28668
29407
27038
29357
28901
28854
29305
29316
28713
29547
28580
29028
31625
30761
31268
32092
32532
30328
30029
31684
29795
30495
28616
29439
29210
29466
30814
29805
31297
33566
30909
30516
31945
29419
31468
28829
31954
29222
29573
31371
30588
30171
30761
30345
28524
29641
27914
27967
31181
29729
29519
30070
28568
28800
29258
27421
27753
27383
28347
28901
29351
30112
26784
28181
29942
28230
30009
29874
27946
29378
31511
30219
29124
27791
27855
31330
27447
28177
27675
27227
26006
27895
26687
26483
26248
26101
27323
27875
28121
27589
26663
27893
26599
27140
29116
25196
25719
27395
27854
25771
26811
25277
25787
25063
23995
25292
24869
25660
25011
25467
24673
27254
26589
26229
27637
26210
26467
26499
27249
26782
25915
26728
26018
26402
27318
26678
26389
26883
29262
29839
26470
26257
22865
27359
25722
25382
25078
27630
25415
27007
27500
28812
26523
26451
25703
28361
26693
26320
24966
24394
25741
26866
26417
26095
28084
26146
26258
27174
26162
27794
26412
31428
27631
26434
29157
29427
29293
28271
29316
28519
26431
27579
27577
27119
27341
28933
25990
26855
28006
27667
26626
28354
27953
26681
27567
27437
27305
26324
27788
27540
29307
28759
27251
29817
28377
28990
29744
29615
27283
28098
28219
28325
28880
29452
30584
28239
28798
28978
28159
30905
26591
27975
26395
27413
27067
26850
27926
27604
28440
26951
27064
27159
26756
28077
25995
27103
25690
25547
24740
26548
26366
25872
26031
25631
25757
26225
24425
25264
25108
24135
25407
24178
24241
23286
23605
22812
23695
23018
21914
22190
21497
23467
23715
24823
24887
24674
24706
23474
26545
23514
22493
21328
21938
21552
20876
21919
20372
21913
23622
21893
21286
22161
22508
21114
22443
21657
21396
20746
21524
19921
22021
22804
20810
22885
20635
21487
21651
23056
23025
22338
23799
21822
23777
23183
22904
21681
22560
21951
22706
22672
21900
21686
22552
22696
22762
22553
24898
25624
24082
25499
24872
24122
24694
25800
25936
25594
26353
25583
25425
25488
24388
25237
23818
23819
26766
23299
24504
25422
25157
25963
23084
24819
25567
24752
25160
25377
26734
27638
25734
25603
25093
25479
26376
26238
28916
27511
26376
27016
28612
26107
28933
27030
28124
25938
26827
26842
27438
27661
25777
28221
26746
24711
26612
29053
27762
26870
30017
30508
28097
30751
28693
27353
27083
27837
27137
30804
27544
27643
27707
29175
28159
25702
26867
27022
26922
26386
25665
26348
26707
28427
26800
25514
27424
26320
27954
26522
27673
27951
27950
28630
28674
30319
28224
28751
26326
28593
29720
27818
28609
28170
30806
28469
31379
27827
27355
30550
30621
28293
27079
28086
28893
30386
29841
27938
26968
26525
27744
25590
28291
25065
28655
28754
25242
27998
27298
26453
27325
26755
27941
26659
25614
24999
26747
25867
24080
25359
25874
25723
25364
24866
28141
27721
28096
31475
28770
28842
27241
26927
27676
28306
26931
26811
27147
28736
27654
26937
27060
25241
25456
25344
24099
24473
25144
24264
24765
26292
24698
22757
26212
25613
25243
25596
29079
27726
27547
28509
29002
28581
27554
29550
29769
27884
27791
28096
27926
26876
26937
26380
26613
27584
25640
26399
26231
23527
22713
21534
22038
24226
23155
21235
22965
22255
22928
22420
19676
21093
22175
21497
21095
22608
21307
22160
22531
21728
20225
22765
20545
21742
23520
22027
21274
21414
21811
22768
23814
21774
23519
23533
23018
21479
21001
19998
21556
22159
21777
22633
23054
23043
23175
24442
26470
22895
21989
23920
23364
24318
23907
23008
22953
23691
25948
24206
23716
24693
26589
26355
24180
26789
26495
24747
24746
25783
25738
27424
27450
26841
26393
26125
24277
25938
26495
27107
25443
25589
24977
23557
23967
24222
24682
23486
23114
22783
23805
23015
24231
22776
23733
25401
24453
24198
26659
24807
24429
27178
25474
24857
24550
25307
24252
24139
24108
24913
25864
24359
23971
24462
21849
22951
21751
21771
21531
21836
22229
22733
21232
21992
22666
22585
23288
23620
25491
22834
25235
25269
26500
25661
27757
28127
27925
25614
29673
27688
27003
25457
27015
27266
27934
26698
25454
25815
26690
26011
25148
26313
27063
27620
25764
26117
27095
27041
26797
27014
25982
25537
26860
26063
27120
25892
25714
24814
25707
24882
26983
24651
27236
26350
26058
26681
27596
27689
25288
27134
27106
28384
25376
28502
26479
26136
28032
27078
25999
25224
23718
27188
26414
27815
27656
26881
26452
26358
27665
27421
25676
27364
26348
26313
24427
26364
26341
28228
27543
25669
25811
26973
26052
27153
28184
26698
24951
26962
27811
25733
26918
24485
24496
26187
25994
27461
28291
27265
30630
28099
26027
28314
29293
29750
27711
29185
30496
29472
30244
28900
29975
28540
31646
31296
31404
30554
28700
27971
30137
28567
28128
29331
28536
28405
30289
27205
28302
25966
29892
28976
29787
29186
30658
29722
28181
26982
28057
28092
29370
28192
28921
29136
28169
28979
30577
30429
29255
28630
29427
29497
29490
28997
27262
28740
29116
29002
27567
28221
27472
28343
27544
27722
28128
28857
30196
28754
28034
28768
29081
27560
29293
29673
31388
29991
32493
31488
30402
29518
28862
29875
29545
30472
32331
30313
29744
29230
30795
29949
26640
28988
28935
28766
27237
27705
26438
27597
27624
27295
27732
29969
28859
28831
30191
29775
28406
29763
27347
28918
27577
27212
29736
27479
26580
27585
30910
30968
28561
30541
29975
29913
31766
33824
29557
29212
29232
30350
28241
30849
31821
31243
32616
32694
30127
32838
32530
32009
31236
32746
28932
31421
32561
32935
29048
27935
28502
28571
26791
27091
25821
27722
27279
27248
24766
26502
24323
26313
26890
26168
25463
26316
27756
26382
25446
23845
25480
27849
23757
26429
27427
26401
26750
27099
25867
25179
27520
27294
26383
26273
27032
26544
27794
26994
27496
28186
26331
26026
28043
28081
26939
27146
24688
24019
26669
25526
26394
25217
24279
25413
24314
24363
24556
27314
26216
26463
24976
24986
25805
25997
23907
27229
26200
26379
24889
24678
24063
23725
24786
22807
25482
24184
25395
23592
23679
24322
22764
22472
22871
22591
24020
22156
24038
24514
24448
23666
23172
22277
21192
22922
23254
23873
22868
24266
23325
23970
24239
25128
24558
25016
24615
26585
25408
27367
26823
26665
26731
26429
28540
26664
25562
25146
25462
24478
24349
24717
24015
27931
25808
25281
27612
25691
28044
26213
25005
23811
24571
26492
26915
25756
24899
25521
23589
24199
26088
24376
24017
24227
24806
25698
25587
24723
24713
25184
25840
25564
26702
26216
26549
26299
27419
27506
25447
24732
25968
26335
26246
24653
24066
25341
26453
25961
28573
28611
27073
27296
27484
27433
28396
30214
28798
27219
29576
28709
28016
25117
28564
25694
25370
26581
25621
27702
27116
26185
26979
26696
27625
27539
28685
28254
29199
28771
27114
28134
26955
26461
27151
30212
29664
27275
29828
29066
28614
29462
28285
29365
27964
28480
29786
26882
27395
27774
27551
28468
29691
30464
30060
28620
30338
29957
31813
30617
30753
31944
29830
29820
30473
31448
29514
30845
30736
32779
29639
31460
29623
29031
29983
31799
30863
29963
30512
28121
30247
29785
28578
29093
27216
27838
29348
30803
27984
29948
29427
28547
26204
25996
25958
27632
27376
27720
29330
27913
26295
25729
26601
26754
24542
24575
25923
25213
26307
25872
24355
23347
25641
27410
24394
23615
24183
24811
24526
26168
24670
26262
24953
26725
25427
25649
26957
26079
27757
26483
28235
25736
26365
27528
27158
28744
29032
27209
29104
27621
29941
27684
29201
31146
28139
29191
28691
28075
28140
27490
28340
26518
25680
25808
26682
25916
26857
27021
27375
25804
27518
25173
25376
24105
25022
24741
24958
24294
24556
25496
24560
24072
24210
24881
24403
24792
23343
24353
25315
24330
25009
28748
26732
26819
26235
25089
23701
25541
24978
23486
25370
24646
24473
24027
24081
23071
23826
24752
27450
25424
25463
25069
24793
26650
26038
27161
23744
26388
26104
27109
26807
26488
26131
28052
29075
29431
28532
29807
28812
27285
28548
27632
26157
28917
29462
29128
28304
30580
29217
29173
27550
28777
29834
29098
30187
29426
28921
29828
32091
28048
32322
33445
33392
32689
28415
32381
30973
31314
34118
34777
33201
31537
30086
29380
30481
28142
27512
27330
28423
27305
28561
28529
26429
27987
29694
29732
29926
28007
28176
27491
29681
28103
27666
26759
30048
26044
29317
27458
28811
30542
28144
28716
29123
30564
29513
28886
28769
28946
28292
28769
29070
30809
30520
29278
32214
31180
28467
29649
31885
33250
32039
31070
30921
31732
31273
32046
33452
30968
30358
32009
30310
28349
30164
30415
30432
28287
29076
28190
29646
30066
28146
30145
27784
26655
26554
26809
27805
29286
29031
30438
25989
29414
27054
29138
29323
31880
29449
30052
31741
31642
30470
31971
29656
30077
31092
32141
29148
29173
30062
30168
28023
28212
27389
28543
28533
26621
26788
26835
29128
27286
27693
27397
28227
28793
30129
29401
29921
31343
29261
29835
31578
29838
29511
29291
31491
29459
31136
30764
30394
29287
30139
28717
29580
30742
30834
27025
28342
28287
28538
28389
32847
30474
27948
29871
30187
28236
27539
27969
28633
30054
30181
30073
29949
29348
27544
28960
31868
29436
32209
31914
30262
28508
33426
31733
31255
28931
28298
28779
28961
29444
30897
29910
29006
31832
30296
30487
30902
31719
34792
34694
33549
35965
36410
36560
35140
37852
39607
35082
33942
35429
36030
35455
34752
36322
37590
36689
34841
34793
34616
37150
36317
36960
36456
36241
34018
37267
36026
32100
39231
36975
38508
35558
35062
37217
36484
35598
35165
33847
36058
36997
34424
35963
32432
35025
33933
36269
37281
35672
38830
36198
38468
35754
35915
37841
33393
35099
35226
34900
35922
33371
35067
34869
33742
33220
32822
32699
34498
34841
33318
35117
33380
35238
35370
35633
35910
35731
39582
34903
40204
38788
34376
36052
35247
34120
36890
37090
36413
33518
33832
36705
35323
33688
32646
33499
30687
34148
35068
34604
34263
31886
32582
32458
33424
32226
34503
33967
33584
37829
35541
35852
34629
32906
32259
34214
34200
38544
37022
37637
38037
40022
35917
38475
39682
34509
38564
34771
31975
33361
33789
32080
34266
32612
32553
34044
34349
35126
31461
34516
31916
33937
33015
33692
33610
35993
35602
33964
37824
35275
32055
36041
35386
33408
36340
38498
35802
39388
35278
35153
36054
39456
37195
38704
38177
38812
40454
35807
38059
38315
37485
37926
38031
36419
36357
37722
40598
38066
38878
36214
38592
39190
40023
39314
36211
34994
38092
36529
37626
35754
37315
35804
36757
35036
34974
37554
34273
36646
36407
34064
34173
36140
36673
35874
38746
36274
37135
35333
34965
34391
35149
35335
36286
35981
34958
34459
35815
36905
33104
33994
34569
34183
30735
37041
34871
34935
32382
35248
35576
33100
35691
36750
33426
36014
32080
32363
31610
32602
32125
30082
33243
33628
30637
33004
33186
30217
31163
31339
30751
33151
31851
36272
34419
34635
32427
33638
32005
31744
30342
29851
33765
31860
31097
30983
29722
27513
30535
29693
29346
27425
29472
29958
27721
30231
28601
29965
27705
27336
30083
26312
26045
25508
24866
25048
26011
26208
28392
25634
27013
25284
25642
24919
26869
25937
25756
24171
26008
26856
26143
24236
26321
26007
29005
29097
26165
26796
27100
28220
27152
26195
25551
27138
24360
26901
26238
28063
26615
28898
29240
27961
29980
28973
26398
26943
28175
25604
26538
26239
25135
27075
26284
26236
24063
25103
25589
25496
25732
25723
28267
26942
26081
25133
28652
25721
26331
26052
26996
24649
27492
25406
24745
25760
26403
25658
25000
26560
26705
28357
27142
27526
28122
28533
28329
26822
27179
26826
27473
27222
27431
27899
28207
27563
28130
28554
29400
29347
27252
28134
29316
28896
29487
28972
27910
26616
28625
27302
29041
29493
28725
30766
28606
28900
27511
31167
29304
29283
27409
28547
28542
28031
29047
32086
30064
30310
32356
31358
32025
31564
32879
30487
31396
32218
31705
32261
29338
33144
32691
33165
31836
33113
32616
30366
32405
28379
29344
30207
29862
28894
29882
28676
29242
28683
29384
31758
31525
31564
30961
32960
32760
31844
30153
34635
31916
32714
33361
32061
31712
32342
34164
31123
34199
34708
33613
32233
34094
32983
35736
34827
33788
32883
32128
32495
33105
30831
32231
31163
29769
31444
30510
30494
30271
31487
27548
28739
28210
27163
28226
28870
31347
30205
29805
29128
28026
29709
28091
28238
28719
28031
30735
29902
28884
31523
30072
32221
33138
30840
33417
30954
33552
30813
30340
28114
28510
28982
29339
29204
30220
30813
27414
30343
30587
29104
26637
29539
29715
30147
30272
29955
29553
30188
29527
28835
30476
28760
27757
28346
26679
28070
31302
31164
32777
31427
30296
32541
29589
29880
29750
31360
31624
33064
29367
30640
30357
30569
29561
32543
30727
33081
31908
28933
27633
28460
30491
30472
29341
28904
27493
27645
30545
28478
31736
28759
29250
27541
28544
28120
30640
28736
29509
30723
27857
30945
31994
28793
27803
28541
28919
27967
27801
28192
29883
28601
28282
24853
27587
25433
27364
25107
24707
26955
24230
25486
23675
23667
22574
24741
24507
24390
25367
26051
23494
24247
25724
25193
26069
27029
25257
26292
27384
27392
28116
27115
26165
30098
29628
29652
30146
29210
29262
27076
30212
28966
27885
28554
28593
29460
29062
31451
30151
28707
28443
26971
29602
27064
28517
31577
30005
26614
30090
29900
28997
29614
28150
29750
26353
27103
28087
28236
28767
26903
29260
31227
29158
30432
27630
28571
28496
29419
31505
30946
31099
29989
29575
29050
30319
29757
29099
29885
29779
28623
28943
30760
28432
27697
29185
28131
29310
25249
28094
26953
26928
27354
27517
27252
26495
27800
28083
29507
29153
29254
26282
27241
27774
26803
25624
27568
29442
28991
26376
26621
28963
29959
27627
29975
29240
27637
28165
28256
30293
29911
28860
28604
29651
28857
30578
28361
30006
28940
31057
29508
28251
28306
29636
28439
28232
25241
26974
29071
28431
29051
28690
29845
28799
27654
26309
25052
27192
26661
26524
26913
26096
25358
26584
24682
25780
24600
23961
24474
23399
23936
21825
22576
21864
21994
21641
19793
20593
22198
20065
21664
19912
20360
19711
22269
20971
20041
20379
19581
20685
22926
21753
22719
21938
23041
23225
22242
22722
22738
22787
21969
20846
22234
21178
21973
22191
21449
21286
22598
21782
23221
22167
22880
22208
22715
21397
19284
22028
20408
19842
19684
19673
19282
20017
20972
18668
20479
18229
19840
21353
20212
20460
20404
20346
19524
19322
19553
19215
20051
21270
19293
18765
19134
20204
20670
19902
19794
20905
20576
19365
20357
21804
21540
22009
20392
22902
22811
21543
24393
20943
22062
22467
21804
21647
23274
23231
25434
23695
24676
21791
22877
24762
24021
24768
26027
22875
24802
22499
23036
24494
23000
23102
21289
24835
23596
23687
24830
20924
21853
24074
23596
22691
23119
23416
25370
23516
24931
22700
23668
24478
24883
24076
26235
25385
26425
26818
26575
26147
25831
29379
28132
27040
26894
26847
27243
27467
27462
27698
30338
26910
28258
28734
27818
27296
25335
26838
25939
26750
24017
26352
25473
27491
25895
25499
25377
25158
24535
23984
25005
25151
24637
25263
22942
22945
22812
23700
23634
25362
23497
25562
24364
22985
23225
24717
25117
25802
24358
24436
25560
24871
24782
28009
26712
24667
26018
24602
23765
25372
24589
27553
26383
26970
26618
25952
28514
27332
27954
27387
27220
26965
28691
27931
26461
29230
27408
27374
27905
26492
27477
26944
30061
29158
27781
28729
27448
29239
29547
28954
28596
30527
28648
30929
29562
30394
30073
32872
29745
30936
31899
30316
29623
28397
29719
30636
28327
32412
31391
29742
30202
30764
31584
31362
32868
28455
31213
30700
30291
30560
31492
32474
30773
30371
30207
31801
33793
29555
30860
31248
28837
28757
28421
30054
30096
29618
27860
28491
27563
28700
27938
28134
25799
27959
27637
27607
28197
27236
28400
28289
28568
28473
30171
29823
30249
31292
30637
29265
30014
29650
32159
32169
31055
32783
32816
34694
32360
35266
31307
35324
35381
33961
35697
32258
32917
30872
32440
31138
32920
33293
33016
32675
29744
31261
32460
30352
32132
31561
29857
32297
32793
35366
34127
32608
35797
34036
34749
32349
31777
29275
29116
28627
30855
28381
29705
29504
30760
30607
32259
32405
31078
32532
33212
31840
32732
32793
32906
35197
33467
33483
32076
31208
32003
32399
34202
31733
33164
31234
36547
33667
33095
32338
33282
31281
32282
33407
32646
31271
32426
31377
31749
31038
31614
31407
31464
32660
30776
33976
32881
31459
33385
29708
32843
30009
31254
30764
31303
31330
30361
29069
31209
28774
29366
28913
29305
30199
32183
30831
31953
31904
32753
34482
32641
33488
35583
34898
34662
35544
36840
35014
35270
36434
32988
33392
34974
34655
34360
34163
31020
31288
31206
36126
34548
33453
35803
32888
33496
33614
32209
34348
34664
33901
35743
32501
37328
33973
32540
33535
33595
30320
34676
32522
32117
32153
32122
34403
32802
34353
33147
33312
32507
30652
30830
29900
31371
31537
31828
34442
32372
34176
32293
31411
30392
31453
27810
28842
30275
29278
28118
27855
28615
29720
30766
30815
30820
28715
29723
29134
34203
31914
30491
31149
29288
30333
30998
29408
28531
26869
28652
27835
30580
32429
29346
27336
27179
29285
26663
28760
28374
29131
31078
30502
28618
29608
30824
29954
29165
28649
29686
29974
32412
29693
30993
28904
29086
29442
30389
30826
29715
30482
32142
28214
29282
29066
29320
29873
29185
30054
31172
30592
29992
29074
30672
27364
28613
27581
27979
28933
30899
29122
27202
26638
24646
28928
28769
26519
28046
28611
26433
27158
27107
28828
28903
28662
28374
27509
27584
29363
29290
26860
30038
28313
29343
27936
28373
28221
28871
29382
28529
28524
27193
29285
28952
27073
27594
27805
28157
28913
28944
27678
26773
26620
28304
26037
29083
28058
29246
26969
27416
27147
29072
31220
29164
30567
27829
27266
29071
28597
29711
29496
30926
30767
29707
30853
28936
33922
30246
28204
32113
30964
31880
30227
30585
32326
31042
29053
31984
31996
29449
31037
30604
29046
28263
27592
27886
30662
29252
26922
29118
29245
29084
27028
29465
29051
29158
30065
28468
30434
29079
28897
30630
29630
28817
31110
31077
30600
32105
32294
32280
29927
31446
30167
30787
32083
31547
30037
29284
31037
31859
30465
29457
31695
28147
29179
28818
30796
34356
31821
34394
31139
33771
33550
32664
31770
32785
30312
30883
29275
28612
32486
31922
35108
31288
32298
35055
31228
31580
31629
35226
34359
29614
31080
32206
30525
31858
30304
31576
31107
33877
31833
33504
32983
31201
30386
32251
30079
29232
31398
31769
30591
28878
27618
29509
29880
29050
30768
28952
26560
29109
28055
31759
28793
26169
28816
27986
28586
27399
30080
29195
26740
26547
28285
26226
27375
27971
26002
25133
25651
26131
28219
26697
28212
26427
26872
26490
28181
27164
27216
27565
26219
26556
25945
25688
25558
24757
24657
24193
24528
25698
25874
26151
27726
27652
28506
28107
28201
28037
27400
28580
30314
30493
29668
28789
27732
28698
29875
30978
29598
29413
29409
29599
29777
29406
28039
27338
26313
26161
27017
26114
26733
26113
26891
27495
26265
27187
27563
26162
25887
27169
24961
25867
25107
26998
28008
26164
26548
27942
24277
24094
25416
26051
27062
24153
26166
24398
25507
26262
23745
26704
26919
26548
27499
27814
26431
27627
25791
25508
27210
28751
27263
28668
27954
26919
27839
28004
29086
28240
26277
28331
27257
26569
28409
28954
30865
29342
31758
32721
30660
30503
32054
28626
30319
33425
30775
32586
31929
35565
36086
31950
33939
33517
35261
34614
36087
35016
35737
36307
34685
34099
35076
36280
33562
34263
34702
34082
36734
34135
34298
33268
33162
31245
30427
32896
30035
29344
30487
31721
31910
31256
31071
29402
30940
29298
28865
27353
28348
29471
29382
28894
30422
28475
28833
27269
28790
28869
27148
27600
30118
29485
27144
25349
29382
29898
27025
30151
28560
29385
29382
29150
27941
28207
29290
27862
28422
28909
30128
29303
30252
32747
28309
30024
29298
28835
29279
25918
26997
26855
26193
27259
27890
27426
25527
29051
27296
24369
24434
26717
27095
28009
28464
26977
26437
27959
28026
27749
28664
29057
27011
26279
29628
25957
28867
29896
28538
28246
27432
26319
24571
29443
25497
24939
26667
25595
28547
28675
29347
28806
30365
28169
28557
27744
30055
30841
30353
29181
27999
28941
28994
28336
25200
27988
27850
28451
28012
29553
30614
30477
30163
30796
29582
32827
29400
31374
31652
30276
32767
30869
30865
32292
32878
32014
30685
33883
35308
34438
31247
34508
33370
32001
33880
32767
33177
33698
34156
33174
33646
32778
33798
30661
35035
33408
32822
34937
33008
32075
30927
33357
31786
32474
31160
31760
31623
33532
32656
35753
33441
30854
30637
31921
30701
30903
31163
30845
31997
30957
31385
31104
31790
33247
31713
29779
33113
33057
32785
31047
32239
31413
30678
30487
29631
32394
33815
30100
29583
29803
29343
31135
32218
34193
34077
32884
33550
35615
31773
32134
32086
31575
30521
33488
33838
36166
35763
33497
30913
32026
32357
28036
28849
29208
32247
29777
30835
30724
30780
28516
28870
28026
28744
26526
29096
28529
26128
29136
28674
26418
28477
28765
30470
28269
29875
31027
31470
30162
30692
31959
32067
30971
29188
31141
32394
34539
35123
32169
36301
33597
34810
33068
32165
33868
33731
29989
33597
29990
33786
32685
32738
35435
32597
36043
33752
37578
35581
37054
38749
37010
32974
35192
39117
38602
33867
35632
33292
34793
33551
34763
32615
32200
31486
29516
30441
29626
30938
33115
31358
29493
30513
28957
29362
29259
29952
29795
31728
30729
30915
33435
32952
32621
32086
31614
32098
31409
31967
32493
28455
30271
29049
27984
29945
32222
32090
31730
33362
32843
30636
29335
31445
29614
27735
30042
32524
31391
31915
30389
30003
33014
30821
31741
33814
31144
31880
32305
32957
33456
33867
31688
32594
34825
34070
32353
32816
34060
30174
32362
31787
31666
31357
30560
30865
31435
31718
31027
33317
31655
32951
33986
32118
30801
33262
32923
31473
33290
30892
32735
33418
30775
31831
34978
31460
29781
32035
30725
31957
33805
32613
34198
33491
34852
33170
32062
38174
36241
37938
34815
35383
36042
33567
36540
34348
36806
37752
37448
37031
37801
36344
39405
38058
39487
38957
39897
39877
38302
38132
37816
40359
37273
37692
35970
33411
35540
34572
35473
36110
38066
37764
36312
35713
36316
35226
33944
34036
34057
36017
35712
37054
33824
36688
36004
35628
37071
34761
34756
35513
34716
35696
33667
37518
35671
34664
32703
35578
35063
36341
34328
37200
37901
37914
37732
35550
36254
38822
36488
33756
33919
36002
32609
32714
34034
35094
36422
33257
32545
33287
32432
33142
34022
37471
39982
38655
39003
35867
32951
34637
37046
32332
33614
34975
39282
36019
37047
35754
41795
35802
37088
37636
38401
36450
36773
36382
37236
38127
38650
38357
37388
37060
37241
36930
38862
36946
34921
36643
34703
38946
37772
36491
36517
36809
37703
39482
36339
36701
36654
35497
37255
35831
38201
36404
36984
32738
35596
32962
34350
36949
37655
34111
